Trial	Type	Onset	Target #	Time to Target	Endpoint Error	Est. Avg. Error Mag	Accum. Error x dMagProj	Max Error Mag.	Max Error Pos. (% of trajectory)	Feedback	Target (1)/Return (0)
1	1	0.5594	4	0.5853	-0.155204	1.222502e+01	1.404823e+03	1.734282e+01	100.0000	0	1
1	0	1.2981	4	0.4479	0.000000	1.984616e+01	4.858222e+03	3.526074e+01	51.1151	1	0
2	1	1.9478	1	0.5841	-0.082933	4.583895e+00	4.613732e+02	8.366449e+00	100.0000	1	1
2	0	2.6802	1	0.4021	0.000000	8.131119e+00	1.695774e+03	8.874760e+00	52.5446	1	0
3	1	3.3975	2	1.3349	0.000000	2.444708e+00	2.534224e+02	1.061675e+01	92.2887	1	1
3	0	4.8808	2	0.3853	0.000000	5.283369e-01	1.151899e+02	1.526147e+00	68.1513	1	0
4	1	5.5986	3	0.4011	-0.073041	1.022083e+00	1.063244e+02	7.611745e+00	100.0000	1	1
4	0	6.3153	3	0.4512	0.000000	1.253385e+01	3.215137e+03	2.655238e+01	66.3988	1	0
5	1	7.0317	4	0.5513	0.000000	2.703141e-01	2.654474e+01	1.776724e+00	26.6225	1	1
5	0	7.7479	4	0.3851	0.000000	5.186069e+00	1.060562e+03	6.853520e+00	50.0685	1	0
6	1	8.4650	1	0.5680	0.000000	3.297742e-15	3.204811e-13	5.950681e-15	100.0000	1	1
6	0	9.1816	1	0.4019	0.000000	2.690371e+00	5.679770e+02	4.066252e+00	66.7845	1	0
7	1	9.8984	3	0.5008	-0.077166	3.087177e+00	3.038235e+02	7.609382e+00	100.0000	1	1
7	0	10.6156	3	0.4845	0.000000	4.714945e+00	1.054030e+03	7.616123e+00	53.5062	1	0
8	1	11.3318	2	0.9520	0.021387	2.327942e-01	2.226300e+01	2.288940e+00	98.1313	1	1
8	0	12.4655	2	0.4190	0.000000	8.094791e+00	1.538203e+03	1.704520e+01	84.8255	1	0
9	1	13.1827	3	0.7010	0.000000	7.657590e-15	1.014968e-12	1.799224e-14	100.0000	1	1
9	0	14.0327	3	0.3512	0.000000	2.728356e+00	5.308460e+02	6.590263e+00	65.3913	1	0
10	1	14.7491	2	0.5192	0.000000	1.055149e+00	1.054943e+02	5.851272e+00	0.0000	1	1
10	0	15.4663	2	0.3343	0.000000	6.102754e-02	1.217420e+01	1.015201e+00	100.0000	1	0
11	1	16.1835	4	0.6174	-0.132552	9.931820e+00	9.391957e+02	2.160036e+01	1.0749	0	1
11	0	16.9495	4	0.4024	0.000000	1.393103e+01	3.077539e+03	1.637898e+01	53.4134	1	0
12	1	17.5837	1	0.6172	-0.082044	5.372941e+00	5.135853e+02	8.360058e+00	95.1457	1	1
12	0	18.3668	1	0.3188	0.000000	5.183762e+00	9.804711e+02	7.608666e+00	51.2225	1	0
13	1	19.0839	3	0.4509	-0.016626	6.165119e-01	6.727633e+01	1.780576e+00	100.0000	1	1
13	0	19.8005	3	0.3687	0.000000	3.609039e+00	8.139152e+02	6.349696e+00	57.7054	1	0
14	1	20.5181	4	0.5331	0.000000	1.383097e-14	1.403938e-12	2.486201e-14	100.0000	1	1
14	0	21.2330	4	0.2528	0.000000	4.879599e+00	1.078989e+03	6.247332e+00	90.0490	1	0
15	1	21.9510	2	0.4677	0.096784	1.086075e+01	1.133032e+03	1.477128e+01	78.4750	1	1
15	0	22.6678	2	0.3347	0.000000	1.077459e+00	2.062595e+02	7.760695e+00	95.3812	1	0
16	1	23.3837	1	1.0023	0.052036	1.118020e+01	1.261083e+03	2.361094e+01	75.2382	1	1
16	0	24.5509	1	0.3520	0.000000	2.113718e+00	4.377543e+02	4.826303e+00	61.9768	1	0
17	1	25.2680	3	0.4850	0.000000	1.236906e-01	1.189463e+01	1.017613e+00	0.0000	1	1
17	0	25.9848	3	0.4517	0.000000	1.734531e-14	3.852289e-12	2.196456e-14	53.8373	1	0
18	1	26.7013	1	0.6027	0.000000	3.261382e-15	3.252447e-13	6.106458e-15	100.0000	1	1
18	0	27.4688	1	0.3841	0.000000	5.080336e-15	1.074029e-12	6.713988e-15	51.8652	1	0
19	1	28.1851	4	0.5177	-0.070748	8.667780e+00	8.398715e+02	1.163013e+01	31.3265	1	1
19	0	28.9013	4	0.3512	0.000000	4.453082e+00	1.091282e+03	5.337960e+00	53.0527	1	0
20	1	29.6183	2	0.7692	0.000000	1.290399e-14	1.257319e-12	2.614337e-14	100.0000	1	1
20	0	30.5511	2	0.3685	0.000000	2.343139e-14	5.394722e-12	2.938353e-14	53.8122	1	0
21	1	31.2685	3	0.4848	0.000000	1.017822e-14	9.839612e-13	2.544031e-01	0.0000	1	1
21	0	31.9855	3	0.3021	0.000000	1.549954e-14	3.126902e-12	1.986157e-14	53.5939	1	0
22	1	32.7017	1	0.5026	0.000000	3.250977e-15	3.192447e-13	6.012992e-15	100.0000	1	1
22	0	33.4185	1	0.3355	0.000000	5.125269e-15	9.870405e-13	6.464745e-15	55.0859	1	0
23	1	34.1362	4	0.8017	0.000000	9.739746e+00	9.700543e+02	1.553910e+01	92.0103	1	1
23	0	35.1029	4	0.3510	0.000000	6.311973e+00	1.271551e+03	1.187565e+01	51.3971	1	0
24	1	35.8188	2	0.5190	0.000000	1.243618e-14	1.293995e-12	2.601875e-14	100.0000	1	1
24	0	36.5358	2	0.2358	0.000000	2.111524e-14	4.335029e-12	2.776345e-14	53.9033	1	0
25	1	37.2524	1	0.6529	-0.117566	9.886620e+00	9.516714e+02	1.465622e+01	68.9036	1	1
25	0	38.0696	1	0.3857	0.000000	3.504636e+00	7.523996e+02	4.067902e+00	53.5283	1	0
26	1	38.7860	2	1.0017	0.000000	1.281511e+01	1.260976e+03	4.605718e+01	7.4231	1	1
26	0	39.9366	2	0.3349	0.000000	2.102408e-14	4.118415e-12	2.707803e-14	53.6364	1	0
27	1	40.6536	4	0.8012	0.000000	1.813557e+00	1.891636e+02	2.747554e+01	0.0000	1	1
27	0	41.6038	4	0.3015	0.000000	2.008811e-14	4.226366e-12	2.679364e-14	51.9952	1	0
28	1	42.3194	3	0.6190	-0.018323	1.354381e-01	1.660552e+01	1.780523e+00	100.0000	1	1
28	0	43.1044	3	0.2837	0.000000	3.628423e+00	7.796571e+02	6.578715e+00	78.8832	1	0
29	1	43.8199	1	0.4689	0.000000	3.819126e-15	4.090426e-13	6.558211e-15	100.0000	1	1
29	0	44.5378	1	0.3843	0.000000	6.308411e-15	1.524635e-12	7.975782e-15	53.8947	1	0
30	1	45.2544	2	0.9671	0.000000	2.234651e+01	2.200104e+03	6.348807e+01	18.8495	1	1
30	0	46.3704	2	0.3025	0.000000	2.314372e-14	5.198958e-12	2.913429e-14	54.2469	1	0
31	1	47.0874	4	0.5191	0.000000	1.697078e-14	2.007600e-12	2.897452e-14	100.0000	1	1
31	0	47.8052	4	0.3012	0.000000	3.540629e-01	6.348486e+01	2.034668e+00	59.2926	1	0
32	1	48.5206	3	0.5529	0.000000	9.968813e-15	9.941502e-13	1.831937e-14	100.0000	1	1
32	0	49.2376	3	0.4189	0.000000	2.286868e-02	5.056103e+00	7.624890e-01	100.0000	1	0
33	1	49.9550	1	0.9847	0.000000	3.149305e-15	3.060558e-13	5.950681e-15	100.0000	1	1
33	0	51.0884	1	0.3521	0.000000	5.293240e-15	1.148664e-12	7.025542e-15	52.8722	1	0
34	1	51.8053	3	0.4186	-0.010498	9.944396e-02	9.638332e+00	1.017556e+00	100.0000	1	1
34	0	52.5221	3	0.3344	0.000000	5.603434e+00	1.192717e+03	7.587404e+00	76.1132	1	0
35	1	53.2373	4	0.8697	-0.059515	9.459785e+00	9.405257e+02	2.542140e+01	7.3756	1	1
35	0	54.2726	4	0.3516	0.000000	6.093890e+00	1.501050e+03	7.079375e+00	79.6830	1	0
36	1	54.9883	2	0.8861	-0.060612	9.275047e+00	8.955054e+02	1.356063e+01	86.9313	1	1
36	0	56.0388	2	0.3358	0.000000	1.278193e-01	2.426410e+01	1.268591e+00	100.0000	1	0
37	1	56.7554	3	0.5517	0.000000	1.041552e-14	1.038698e-12	1.831937e-14	100.0000	1	1
37	0	57.4728	3	0.3346	0.000000	1.664472e-14	3.734801e-12	2.168416e-14	52.6077	1	0
38	1	58.1900	2	1.2849	0.000000	2.094672e+01	2.351995e+03	4.730361e+01	4.5057	1	1
38	0	59.6397	2	0.3356	0.000000	2.289108e-14	5.334382e-12	2.938353e-14	53.1659	1	0
39	1	60.3566	4	0.8521	0.000000	2.116485e-01	2.148377e+01	2.421177e+00	7.3942	1	1
39	0	61.3729	4	0.2851	0.000000	2.412370e-14	6.045089e-12	3.184082e-14	51.8782	1	0
40	1	62.0899	1	0.6357	0.000000	3.099381e-15	2.956845e-13	5.841637e-15	100.0000	1	1
40	0	62.8900	1	0.3191	0.000000	5.412476e-15	1.177293e-12	7.056698e-15	52.9825	1	0
41	2	76.1422	2	1.0852	0.000000	1.335237e-14	1.304404e-12	2.592528e-14	100.0000	1	1
41	0	77.3757	2	0.3354	0.000000	2.061820e-14	4.563441e-12	2.838656e-14	52.2989	1	0
42	2	78.0929	4	0.5182	0.066216	3.681067e+00	3.522774e+02	6.596713e+00	93.8526	1	1
42	0	78.8091	4	0.3353	0.000000	2.171254e+00	4.059078e+02	2.797398e+00	54.9574	1	0
43	2	79.5252	1	0.4861	0.000000	3.402626e-15	3.367335e-13	6.059725e-15	100.0000	1	1
43	0	80.2429	1	0.3853	0.000000	6.118923e-15	1.488180e-12	7.897893e-15	53.0335	1	0
44	2	80.9598	3	0.4516	-0.090426	4.223566e+00	4.173559e+02	9.115926e+00	96.3564	1	1
44	0	81.6764	3	0.3682	0.000000	6.413435e+00	1.295059e+03	1.163459e+01	53.7668	1	0
45	2	82.3926	4	0.5023	0.000000	1.369309e-14	1.306337e-12	2.336655e-14	100.0000	1	1
45	0	83.1098	4	0.3185	0.000000	4.170719e+00	1.049338e+03	8.122794e+00	54.9563	1	0
46	2	83.8270	2	0.4685	0.000000	1.455751e-14	1.529536e-12	2.707803e-14	100.0000	1	1
46	0	84.5600	2	0.2851	0.000000	1.926595e+00	3.973192e+02	1.003443e+01	94.5204	1	0
47	2	85.2763	3	0.4195	-0.007936	5.687686e-02	5.603703e+00	7.631854e-01	100.0000	1	1
47	0	85.9935	3	0.3521	0.000000	8.125613e-01	1.662798e+02	2.288840e+00	65.2824	1	0
48	2	86.7104	1	0.5847	0.000000	3.208068e-15	3.117665e-13	5.950681e-15	100.0000	1	1
48	0	87.4616	1	0.3339	0.000000	5.009739e-15	9.673404e-13	6.371279e-15	53.8867	1	0
49	2	88.1780	2	0.4681	0.000000	1.526221e-14	1.650171e-12	2.745190e-14	100.0000	1	1
49	0	88.8944	2	0.3016	0.000000	2.944929e+00	1.875484e+02	4.298741e+00	61.1469	1	0
50	2	89.6104	4	0.8185	-0.042755	4.292584e+00	4.505253e+02	7.352352e+00	93.7324	1	1
50	0	90.5944	4	0.4008	0.000000	1.826412e-01	4.593096e+01	1.522802e+00	94.6070	1	0
51	2	91.3108	1	0.7358	0.000000	3.504949e-01	4.831135e+01	1.476989e+00	26.4951	1	1
51	0	92.2117	1	0.3179	0.000000	5.142990e-15	1.058490e-12	6.667255e-15	52.9048	1	0
52	2	92.9278	3	0.8525	0.000000	9.745464e-15	9.693972e-13	1.761838e-14	100.0000	1	1
52	0	93.9281	3	0.4189	0.000000	1.466596e-14	2.731140e-12	1.855304e-14	54.2350	1	0
53	2	94.6451	4	0.8017	-0.057437	5.082124e+00	5.286383e+02	7.071969e+00	56.3322	1	1
53	0	95.6122	4	0.2851	0.000000	4.017475e+00	9.300593e+02	4.828602e+00	55.4528	1	0
54	2	96.3289	2	0.4010	0.000000	1.357579e-14	1.447110e-12	2.645493e-14	100.0000	1	1
54	0	97.6126	2	0.4005	0.000000	2.084286e-14	3.907935e-12	2.682879e-14	54.9525	1	0
55	2	98.3283	3	0.7025	-0.083141	1.459831e+00	2.282808e+02	8.112780e+00	100.0000	1	1
55	0	99.1960	3	0.3675	0.000000	7.808990e+00	1.713969e+03	8.877180e+00	54.7418	1	0
56	2	99.9116	1	0.5033	0.000000	3.188925e-15	3.115287e-13	5.981836e-15	100.0000	1	1
56	0	100.6297	1	0.2350	0.000000	6.754183e-01	1.287220e+02	3.298927e+00	83.7584	1	0
57	2	101.3460	2	0.5849	0.000000	1.351201e+00	1.295936e+02	2.287381e+00	53.7933	1	1
57	0	102.0790	2	0.3690	0.000000	7.238711e-01	1.293707e+02	3.035464e+00	92.9008	1	0
58	2	102.7964	4	0.6344	-0.026379	4.409720e-01	4.250319e+01	2.544031e+00	0.0000	1	1
58	0	103.5789	4	0.3686	0.000000	5.639942e+00	1.118775e+03	8.093102e+00	68.8542	1	0
59	2	104.2965	1	0.7012	-0.028908	1.001775e+00	1.128564e+02	3.051562e+00	100.0000	1	1
59	0	105.1465	1	0.3682	0.000000	3.036153e-02	7.507795e+00	2.544024e-01	60.6997	1	0
60	2	105.8636	3	0.4680	0.000000	1.013026e-14	1.012828e-12	1.836611e-14	100.0000	1	1
60	0	106.5799	3	0.3357	0.000000	1.757116e-14	3.893508e-12	2.215149e-14	54.4202	1	0
61	2	107.2966	4	0.5685	-0.095667	2.746358e+00	2.754129e+02	9.623115e+00	100.0000	1	1
61	0	108.0134	4	0.3685	0.000000	1.274946e+01	3.111163e+03	1.640403e+01	52.8478	1	0
62	2	108.7311	2	0.6838	0.000000	9.170851e-01	8.795762e+01	1.195695e+01	0.0000	1	1
62	0	109.5637	2	0.3024	0.000000	1.853075e-14	3.540424e-12	2.626799e-14	51.5313	1	0
63	2	110.2804	3	0.5686	-0.130827	6.309694e+00	6.652421e+02	1.387260e+01	100.0000	1	1
63	0	111.0143	3	0.4016	0.000000	1.084887e+01	2.619129e+03	1.739594e+01	53.4453	1	0
64	2	111.7304	1	0.5021	0.000000	3.421555e-15	3.525340e-13	6.308968e-15	100.0000	1	1
64	0	112.4482	1	0.3177	0.000000	5.692409e-15	1.264249e-12	7.290363e-15	53.6082	1	0
65	2	113.1643	2	0.6190	0.000000	4.037971e+00	4.006362e+02	2.491077e+01	1.0248	1	1
65	0	113.9479	2	0.4186	0.000000	9.695394e-01	2.007494e+02	2.034887e+00	54.4210	1	0
66	2	114.6649	4	0.6844	0.000000	1.382784e-14	1.403621e-12	2.544031e+00	0.0000	1	1
66	0	115.5149	4	0.3188	0.000000	2.303082e-14	5.284919e-12	2.972225e-14	53.5477	1	0
67	2	116.2315	1	0.5354	-0.091846	6.473766e+00	6.232018e+02	9.354302e+00	86.6666	1	1
67	0	116.9490	1	0.3346	0.000000	6.820832e+00	1.244501e+03	9.369746e+00	53.4354	1	0
68	2	117.6649	3	0.4354	0.000000	9.590601e-15	9.173945e-13	1.757164e-14	100.0000	1	1
68	0	118.3814	3	0.3519	0.000000	5.802593e-02	1.054353e+01	1.521684e+00	100.0000	1	0
69	2	119.0982	4	0.5358	0.000000	4.571185e-01	4.605178e+01	1.017359e+00	45.1907	1	1
69	0	119.8156	4	0.3520	0.000000	1.674942e-01	2.569434e+01	2.544019e-01	53.7314	1	0
70	2	120.5327	2	0.6184	-0.049183	2.776507e+00	2.723222e+02	1.348337e+01	0.0000	1	1
70	0	121.3156	2	0.2678	0.000000	2.742535e+00	5.268561e+02	4.828349e+00	54.1049	1	0
71	2	122.0317	3	0.4855	0.000000	9.829488e-15	9.627512e-13	2.544031e-01	0.0000	1	1
71	0	122.7500	3	0.3669	0.000000	1.806102e+00	3.936732e+02	4.824778e+00	71.3804	1	0
72	2	123.4660	1	0.5522	0.000000	3.133230e-15	2.997110e-13	5.857215e-15	100.0000	1	1
72	0	124.1832	1	0.4178	0.000000	9.957794e-01	1.999248e+02	4.294612e+00	88.6986	1	0
73	2	124.8998	2	0.4519	1.499300	8.737537e+01	5.986380e+02	9.566495e+01	100.0000	0	1
73	0	125.6163	2	0.4517	0.000000	1.612714e+01	2.722058e+03	3.026350e+01	35.8599	1	0
74	2	126.2498	4	0.5686	0.000000	1.357509e-14	1.315800e-12	2.374041e-14	100.0000	1	1
74	0	126.9674	4	0.3169	0.000000	9.813633e-01	2.229431e+02	2.034942e+00	53.7486	1	0
75	2	127.7007	1	0.4843	0.000000	3.523835e-15	3.666582e-13	6.371279e-15	100.0000	1	1
75	0	128.4164	1	0.3693	0.000000	5.014451e+00	1.210740e+03	6.352330e+00	53.2695	1	0
76	2	129.1339	3	0.4848	-0.041970	7.869269e-01	7.660816e+01	4.066866e+00	100.0000	1	1
76	0	129.8505	3	0.3184	0.000000	6.541873e+00	1.295810e+03	7.611545e+00	56.2063	1	0
77	2	130.5673	4	0.9183	0.000000	1.314645e-14	1.290976e-12	2.405197e-14	100.0000	1	1
77	0	131.6340	4	0.3349	0.000000	2.151172e-14	4.471153e-12	2.735444e-14	53.7332	1	0
78	2	132.3510	2	0.4843	-0.083575	5.535546e+00	5.360777e+02	8.112486e+00	100.0000	1	1
78	0	133.0668	2	0.3527	0.000000	6.476011e+00	1.216319e+03	1.187762e+01	54.6587	1	0
79	2	133.7848	3	0.5504	0.000000	9.896098e-15	9.667578e-13	1.794551e-14	100.0000	1	1
79	0	134.5019	3	0.3676	0.000000	1.341860e+00	3.063374e+02	2.543461e+00	54.6153	1	0
80	2	135.2174	1	0.9361	0.000000	3.202191e-15	3.128246e-13	5.919526e-15	100.0000	1	1
80	0	136.3009	1	0.3854	0.000000	5.074062e-15	1.050758e-12	6.636100e-15	52.3342	1	0
81	2	137.0184	2	0.7511	0.034812	7.754505e+00	7.925732e+02	3.027397e+01	0.0000	1	1
81	0	137.9187	2	0.3847	0.000000	3.612895e+00	8.347895e+02	4.318017e+00	72.0415	1	0
82	2	138.6348	4	0.8024	0.000000	5.341287e+00	5.299477e+02	2.772994e+01	0.0000	1	1
82	0	139.6022	4	0.3672	0.000000	3.832854e-01	7.683710e+01	2.288541e+00	70.0684	1	0
83	2	140.3185	1	0.7848	-0.063913	5.731386e+00	5.461341e+02	7.858813e+00	98.2567	1	1
83	0	141.2525	1	0.3674	0.000000	2.003790e-02	3.624468e+00	2.544018e-01	65.6824	1	0
84	2	141.9682	3	0.6192	-0.033753	2.085893e-01	2.041869e+01	3.305357e+00	100.0000	1	1
84	0	142.7362	3	0.3519	0.000000	5.408304e+00	1.037376e+03	6.343252e+00	59.5103	1	0
85	2	143.4519	4	0.5190	0.000000	1.350131e-14	1.339563e-12	2.430121e-14	100.0000	1	1
85	0	144.1698	4	0.2683	0.000000	2.036496e-14	4.025568e-12	2.604591e-14	53.7967	1	0
86	2	144.8854	2	1.0521	0.000000	1.999937e-01	2.004634e+01	1.017310e+00	41.6120	1	1
86	0	146.0860	2	0.3190	0.000000	2.393352e-14	5.656461e-12	2.985086e-14	54.0366	1	0
87	2	146.8023	3	0.8693	-0.046535	9.468607e+00	1.012301e+03	5.007614e+01	1.9021	1	1
87	0	147.8370	3	0.3019	0.000000	5.989701e+00	1.447016e+03	9.892951e+00	53.7160	1	0
88	2	148.5538	1	0.7505	0.000000	3.125870e-15	3.021879e-13	5.857215e-15	100.0000	1	1
88	0	149.4534	1	0.2854	0.000000	1.519250e+00	3.658190e+02	6.443148e+00	93.9158	1	0
89	2	150.1701	2	0.6852	-0.105666	1.202342e+01	1.222841e+03	3.884081e+01	3.9937	1	1
89	0	151.0035	2	0.3012	0.000000	7.079961e+00	1.721795e+03	1.190341e+01	51.5883	1	0
90	2	151.7209	4	0.4182	0.000000	1.257058e-14	1.205644e-12	2.349117e-14	100.0000	1	1
90	0	152.4374	4	0.3505	0.000000	2.041163e-14	4.512527e-12	2.747906e-14	50.7480	1	0
91	2	153.1534	1	0.5856	0.000000	3.479108e-15	3.628894e-13	6.386857e-15	100.0000	1	1
91	0	153.8875	1	0.3852	0.000000	3.856824e-02	9.587868e+00	1.013947e+00	100.0000	1	0
92	2	154.6042	3	0.4855	-0.147902	6.312460e+00	6.289973e+02	1.484591e+01	100.0000	1	1
92	0	155.3205	3	0.3356	0.000000	9.228192e+00	1.741363e+03	1.386855e+01	54.9209	1	0
93	2	156.0373	4	0.5852	0.000000	1.321198e-14	1.304133e-12	2.417659e-14	100.0000	1	1
93	0	156.7714	4	0.3013	0.000000	1.876718e-14	3.504431e-12	2.442583e-14	53.4060	1	0
94	2	157.4877	2	0.4193	0.000000	1.262593e-14	1.220589e-12	2.604991e-14	100.0000	1	1
94	0	158.2046	2	0.2019	0.000000	2.024979e-14	3.626734e-12	2.636146e-14	55.3977	1	0
95	2	158.9221	3	0.5341	-0.060024	1.313791e+00	1.387904e+02	6.348624e+00	100.0000	1	1
95	0	159.6381	3	0.4191	0.000000	7.769395e+00	1.882713e+03	1.215783e+01	53.4120	1	0
96	2	160.3554	1	0.5341	0.000000	3.335943e-15	3.369237e-13	6.184347e-15	100.0000	1	1
96	0	161.0718	1	0.3185	0.000000	5.957880e-15	1.361102e-12	7.555184e-15	54.0089	1	0
97	2	161.7889	2	0.5682	0.000000	1.748789e+01	1.735100e+03	3.822764e+01	13.3277	1	1
97	0	162.5216	2	0.3023	0.000000	2.073296e-14	4.662685e-12	2.826194e-14	51.0181	1	0
98	2	163.2392	4	0.5180	0.000000	1.410888e-14	1.511114e-12	2.536049e-14	100.0000	1	1
98	0	163.9556	4	0.3520	0.000000	2.361599e-14	5.695566e-12	3.078153e-14	52.1097	1	0
99	2	164.6723	1	0.5185	0.000000	3.383766e-02	3.624139e+00	2.543992e-01	42.9922	1	1
99	0	165.3895	1	0.3351	0.000000	5.799336e-15	1.369143e-12	7.555184e-15	52.2629	1	0
100	2	166.1061	3	0.5849	0.000000	9.488540e-15	9.172875e-13	1.775858e-14	100.0000	1	1
100	0	166.8397	3	0.4013	0.000000	7.300923e+00	1.457303e+03	1.808305e+01	68.5580	1	0
101	2	167.5559	4	0.6184	0.000000	1.294647e-14	1.244989e-12	2.355348e-14	100.0000	1	1
101	0	168.3223	4	0.3349	0.000000	2.023634e-14	4.067068e-12	2.629516e-14	53.6709	1	0
102	2	169.0401	2	0.4510	0.000000	1.306412e-14	1.262950e-12	2.604991e-14	100.0000	1	1
102	0	169.7567	2	0.3348	0.000000	6.750127e+00	9.099303e+02	9.068587e+00	64.2984	1	0
103	2	170.4727	3	0.4699	-0.070748	2.694799e+00	2.605470e+02	7.348848e+00	85.7056	1	1
103	0	171.1894	3	0.3854	0.000000	1.797966e-14	4.180712e-12	2.289922e-14	53.6105	1	0
104	2	171.9073	1	0.6680	0.000000	3.256348e-15	3.181152e-13	5.981836e-15	100.0000	1	1
104	0	172.7405	1	0.3177	0.000000	5.109042e-15	1.006011e-12	6.511478e-15	54.0052	1	0
105	2	173.4575	2	0.6680	-0.126918	1.056596e+01	1.023895e+03	3.154599e+01	0.0000	1	1
105	0	174.2898	2	0.3524	0.000000	9.239772e+00	1.924220e+03	1.437048e+01	51.2142	1	0
106	2	175.0073	4	0.4349	0.173966	6.054043e+00	6.128358e+02	1.778999e+01	100.0000	1	1
106	0	175.7243	4	0.3513	0.000000	2.351948e-14	5.702208e-12	3.078153e-14	51.8363	1	0
107	2	176.4416	1	0.5005	0.000000	3.300850e-15	3.224626e-13	5.981836e-15	100.0000	1	1
107	0	177.1570	1	0.3356	0.000000	5.765370e-15	1.366991e-12	7.555184e-15	52.0386	1	0
108	2	177.8747	3	0.5177	-0.045423	6.842868e-01	9.045689e+01	4.320392e+00	100.0000	1	1
108	0	178.5910	3	0.3353	0.000000	3.342477e+00	6.480125e+02	5.081808e+00	56.0350	1	0
109	2	179.3078	4	0.9521	0.000000	1.317906e-14	1.287473e-12	2.330424e-14	100.0000	1	1
109	0	180.4078	4	0.3682	0.000000	2.025162e-14	4.188638e-12	2.666902e-14	53.3825	1	0
110	2	181.1245	2	0.8182	0.000000	1.313282e-14	1.266250e-12	2.601875e-14	100.0000	1	1
110	0	182.0923	2	0.3014	0.000000	1.320205e-01	2.694351e+01	1.267315e+00	100.0000	1	0
111	2	182.8090	3	0.5007	0.044473	2.107023e+00	2.045623e+02	4.320577e+00	100.0000	0	1
111	0	183.5257	3	0.4008	0.000000	1.239956e+01	2.988553e+03	2.059754e+01	53.2559	1	0
112	2	184.1586	1	0.6353	0.000000	3.296410e-15	3.253834e-13	6.044147e-15	100.0000	1	1
112	0	184.9593	1	0.3340	0.000000	3.871068e-01	7.565677e+01	1.777643e+00	94.6596	1	0
113	2	185.6756	2	0.8676	0.000000	2.227168e+01	2.187071e+03	5.821617e+01	12.6674	1	1
113	0	186.6918	2	0.3186	0.000000	2.266238e-14	5.321447e-12	2.938353e-14	52.7627	1	0
114	2	187.4093	4	0.6351	0.000000	1.283272e-14	1.230786e-12	2.349117e-14	100.0000	1	1
114	0	188.2086	4	0.3024	0.000000	1.980923e-14	4.318878e-12	2.710520e-14	50.7585	1	0
115	2	188.9265	1	0.4843	-0.107199	5.294735e+00	5.102600e+02	1.037065e+01	100.0000	1	1
115	0	189.6431	1	0.3518	0.000000	5.987217e+00	1.311591e+03	9.383760e+00	54.2969	1	0
116	2	190.3593	3	0.5020	-0.059669	1.388373e+00	1.364489e+02	5.840859e+00	100.0000	1	1
116	0	191.0769	3	0.4010	0.000000	7.273345e+00	1.615058e+03	8.877180e+00	55.5563	1	0
117	2	191.7933	4	0.7525	-0.048679	6.738064e-01	6.780252e+01	4.827933e+00	100.0000	1	1
117	0	192.6935	4	0.3008	0.000000	4.100596e+00	8.309641e+02	5.843035e+00	54.5598	1	0
118	2	193.4106	2	0.5513	-0.013368	7.948841e-02	7.562390e+00	1.271902e+00	100.0000	1	1
118	0	194.1272	2	0.2679	0.000000	5.356274e-01	1.006969e+02	1.017559e+00	52.6376	1	0
119	2	194.8433	3	0.5683	0.144867	1.129420e+01	1.071880e+03	1.396007e+01	72.2340	1	1
119	0	195.5602	3	0.4515	0.000000	5.415380e+00	1.316141e+03	6.098952e+00	53.4308	1	0
120	2	196.2776	1	0.6351	0.000000	3.134441e-15	2.990293e-13	5.841637e-15	100.0000	1	1
120	0	197.0779	1	0.3006	0.000000	1.895517e+00	3.884394e+02	3.051207e+00	62.7070	1	0
121	2	197.7937	2	0.6189	0.000000	1.398593e-14	1.423225e-12	1.958904e+01	0.0000	1	1
121	0	198.5613	2	0.2846	0.000000	3.256665e-01	6.914698e+01	1.775339e+00	94.0900	1	0
122	2	199.2777	4	0.5183	0.008948	1.222546e+00	1.390201e+02	2.034672e+00	76.7160	1	1
122	0	199.9948	4	0.3515	0.000000	1.448852e+00	3.342517e+02	2.289231e+00	53.2531	1	0
123	2	200.7116	1	0.4674	0.000000	3.398641e-15	3.389329e-13	5.088063e-01	0.0000	1	1
123	0	201.4283	1	0.4177	0.000000	6.326522e-15	1.522575e-12	7.975782e-15	54.1226	1	0
124	2	202.1452	3	0.4513	-0.078373	2.642345e+00	2.573446e+02	7.608666e+00	100.0000	1	1
124	0	202.8616	3	0.3010	0.000000	7.812189e+00	1.676610e+03	9.746906e+00	83.0029	1	0
125	2	203.5778	4	0.4860	0.000000	1.439566e-14	1.464921e-12	2.492432e-14	100.0000	1	1
125	0	204.2953	4	0.2185	0.000000	2.843797e+00	6.491323e+02	5.083596e+00	53.5712	1	0
126	2	205.0282	2	0.7018	-0.055793	8.009366e-01	8.179262e+01	5.334153e+00	100.0000	1	1
126	0	205.8786	2	0.3011	0.000000	4.285909e+00	8.242347e+02	6.094379e+00	57.3680	1	0
127	2	206.5952	3	0.4691	-0.070563	2.165875e+00	2.099603e+02	6.851791e+00	100.0000	1	1
127	0	207.3124	3	0.4174	0.000000	8.272715e+00	1.998113e+03	1.140296e+01	54.2862	1	0
128	2	208.0285	1	0.5851	0.000000	3.197986e-15	3.059052e-13	5.857215e-15	100.0000	1	1
128	0	208.7620	1	0.3188	0.000000	4.552919e-15	8.189017e-13	5.872793e-15	53.3239	1	0
129	2	209.4790	2	0.9356	0.043340	1.199195e+01	1.223379e+03	2.287090e+01	4.8737	1	1
129	0	210.5633	2	0.3341	0.000000	4.123042e+00	9.020366e+02	7.213141e+00	89.7655	1	0
130	2	211.2790	4	0.5516	0.000000	1.371753e-14	1.329608e-12	2.374041e-14	100.0000	1	1
130	0	211.9964	4	0.2351	0.000000	1.188303e+00	2.385211e+02	2.289069e+00	51.5717	1	0
131	2	212.7131	1	0.5346	0.000000	3.480337e-15	3.559343e-13	2.035225e+00	0.0000	1	1
131	0	213.4295	1	0.3522	0.000000	6.238935e-15	1.482449e-12	7.866738e-15	54.0685	1	0
132	2	214.1467	3	0.5683	0.000000	9.220081e-15	9.147908e-13	1.757164e-14	100.0000	1	1
132	0	214.8794	3	0.3191	0.000000	1.351578e-01	2.479049e+01	1.526239e+00	56.4544	1	0
133	2	215.5973	4	0.5837	0.000000	1.573634e+00	1.589340e+02	1.137812e+01	1.2517	1	1
133	0	216.3298	4	0.3349	0.000000	2.483402e-14	6.090410e-12	3.184082e-14	53.0083	1	0
134	2	217.0477	2	0.9012	0.000000	1.198032e-14	1.209989e-12	2.601875e-14	100.0000	1	1
134	0	218.0966	2	0.3190	0.000000	2.583334e-01	6.046317e+01	2.033962e+00	81.6457	1	0
135	2	218.8145	3	0.5523	-0.028700	2.826312e+00	3.004277e+02	5.824806e+00	57.4184	1	1
135	0	219.5310	3	0.3340	0.000000	4.065134e+00	9.484414e+02	5.590747e+00	55.8471	1	0
136	2	220.2468	1	0.5526	0.032734	5.022300e-01	5.069708e+01	3.305469e+00	100.0000	1	1
136	0	220.9636	1	0.3029	0.000000	4.706560e+00	9.856833e+02	6.848652e+00	66.2907	1	0
137	2	221.6806	2	0.7853	0.025505	1.372670e+01	1.368464e+03	5.529563e+01	6.8382	1	1
137	0	222.6142	2	0.3521	0.000000	3.526633e+00	8.765966e+02	4.068464e+00	52.3770	1	0
138	2	223.3313	4	0.5349	0.000000	1.285652e-14	1.233068e-12	2.349117e-14	100.0000	1	1
138	0	224.0473	4	0.2519	0.000000	8.761269e-01	2.010759e+02	3.050845e+00	69.8585	1	0
139	2	224.7649	1	0.4847	0.000000	3.636959e-15	3.821298e-13	6.433590e-15	100.0000	1	1
139	0	225.4810	1	0.2862	0.000000	5.241922e-15	1.164199e-12	6.978809e-15	51.3173	1	0
140	2	226.1981	3	0.4523	-0.095202	2.063174e+00	2.431722e+02	9.117040e+00	100.0000	1	1
140	0	226.9153	3	0.4345	0.000000	7.433938e+00	1.798817e+03	1.265970e+01	53.4695	1	0
141	2	227.6319	4	0.5848	0.000000	1.390572e-14	1.418601e-12	2.498663e-14	100.0000	1	1
141	0	228.3655	4	0.3845	0.000000	6.960097e-02	1.489134e+01	1.271928e+00	58.6242	1	0
142	2	229.0822	2	0.5355	0.000000	1.563284e-14	1.638541e-12	2.704688e-14	100.0000	1	1
142	0	229.7990	2	0.1346	0.000000	1.991340e-14	3.475298e-12	2.586297e-14	54.5190	1	0
143	2	230.5155	3	0.5183	-0.061348	2.581125e+00	2.667523e+02	6.597580e+00	89.1290	1	1
143	0	231.2327	3	0.3677	0.000000	1.753844e-14	4.006727e-12	2.247862e-14	53.7862	1	0
144	2	231.9490	1	0.5853	0.000000	3.215647e-15	3.108669e-13	5.919526e-15	100.0000	1	1
144	0	232.6825	1	0.3357	0.000000	4.749145e-15	8.433218e-13	5.950681e-15	54.7278	1	0
145	2	233.3995	2	0.5850	0.000000	4.927906e-03	5.177676e-01	4.070450e+00	0.0000	1	1
145	0	234.1327	2	0.4023	0.000000	5.025091e-01	1.119980e+02	3.293845e+00	90.9258	1	0
146	2	234.8503	4	0.7019	0.000000	2.635401e-01	2.566573e+01	5.661792e+00	1.5166	1	1
146	0	235.7164	4	0.2680	0.000000	6.588523e-01	1.223754e+02	3.258651e+00	100.0000	1	0
147	2	236.4336	1	1.0177	0.000000	2.257982e-15	3.762566e-13	5.903948e-15	100.0000	1	1
147	0	237.6010	1	0.4004	0.000000	4.898308e-01	1.167638e+02	3.812111e+00	72.3949	1	0
148	2	238.3165	3	0.4016	0.000000	9.549448e-15	9.498991e-13	1.827264e-14	100.0000	1	1
148	0	239.0339	3	0.3851	0.000000	1.525506e-01	3.399699e+01	1.017220e+00	91.7872	1	0
149	2	239.7506	4	0.4514	0.000000	1.338885e-14	1.277312e-12	2.336655e-14	100.0000	1	1
149	0	240.4672	4	0.3186	0.000000	4.942612e+00	7.968862e+02	5.332875e+00	55.1278	1	0
150	2	241.1840	2	0.9014	0.000000	2.061356e-02	2.071562e+00	5.087987e-01	95.9482	1	1
150	0	242.2342	2	0.3023	0.000000	1.247305e+00	2.343870e+02	3.049355e+00	76.2590	1	0
151	2	242.9512	3	0.5020	-0.064427	1.573201e+00	1.609570e+02	6.600758e+00	100.0000	1	1
151	0	243.6686	3	0.3513	0.000000	7.527610e+00	1.631716e+03	1.238985e+01	57.1259	1	0
152	2	244.3843	1	0.5520	-0.010256	6.840643e-01	6.786739e+01	1.526221e+00	95.6337	1	1
152	0	245.1011	1	0.3190	0.000000	8.287716e-01	1.701416e+02	1.526265e+00	52.2955	1	0
153	2	245.8181	2	0.5513	0.000000	3.611204e-01	3.546188e+01	1.755382e+01	0.0000	1	1
153	0	246.5350	2	0.3520	0.000000	2.086031e-14	3.927127e-12	2.689110e-14	55.0000	1	0
154	2	247.2514	4	0.4852	-0.014598	1.679828e+00	1.756236e+02	2.540200e+00	44.2203	1	1
154	0	247.9686	4	0.0349	0.000000	4.833070e+00	3.407060e+02	5.297591e+00	57.6140	1	0
155	2	248.6855	1	0.8339	0.067430	4.155094e+00	9.560423e+02	1.070634e+01	35.3449	1	1
155	0	249.6689	1	0.4008	0.000000	7.774801e+00	1.866239e+03	1.341170e+01	53.9759	1	0
156	2	250.3856	3	0.3850	-0.025440	2.634400e-01	2.633033e+01	2.543208e+00	100.0000	1	1
156	0	251.1019	3	0.2014	0.000000	1.219802e+01	2.707474e+03	1.311803e+01	62.2712	1	0
157	2	251.8189	4	0.9019	0.000000	2.313986e+01	2.368899e+03	5.563860e+01	5.9290	1	1
157	0	252.8858	4	0.3184	0.000000	2.146502e-14	4.712644e-12	2.828910e-14	52.6072	1	0
158	2	253.6025	2	0.5016	-0.010204	7.481233e-01	7.460348e+01	1.271687e+00	56.1109	1	1
158	0	254.3198	2	0.3519	0.000000	1.871241e-14	3.084801e-12	2.505293e-14	53.7037	1	0
159	2	255.0367	3	0.5187	0.000000	9.999640e-15	9.565213e-13	1.757164e-14	100.0000	1	1
159	0	255.7532	3	0.3846	0.000000	8.629733e+00	2.021818e+03	1.165193e+01	53.3018	1	0
160	2	256.4700	1	0.5506	0.000000	3.494127e-15	3.635670e-13	6.371279e-15	100.0000	1	1
160	0	257.1866	1	0.2850	0.000000	5.668907e-15	1.355656e-12	7.539606e-15	51.4894	1	0
161	2	257.9038	2	0.5353	0.000000	3.664420e-01	3.700993e+01	1.755382e+01	0.0000	1	1
161	0	258.6205	2	0.2176	0.000000	2.196642e-14	5.113317e-12	2.922776e-14	52.6776	1	0
162	2	259.3364	4	0.5192	-0.010352	1.386475e+00	1.703563e+02	2.288909e+00	74.3078	1	1
162	0	260.0530	4	0.3691	0.000000	1.916723e+00	3.594414e+02	2.288840e+00	57.9287	1	0
163	2	260.7875	1	0.5180	0.000000	3.643789e-15	3.837744e-13	6.449167e-15	100.0000	1	1
163	0	261.5038	1	0.2848	0.000000	2.809345e+00	6.510114e+02	5.589243e+00	58.3525	1	0
164	2	262.2205	3	0.6017	0.000000	1.047819e-14	1.060943e-12	1.775858e-14	100.0000	1	1
164	0	262.9712	3	0.3679	0.000000	2.749769e+00	6.186694e+02	5.589949e+00	57.2684	1	0
165	2	263.6870	4	0.5012	-0.016041	1.233505e+00	1.173489e+02	2.034659e+00	90.6281	1	1
165	0	264.4045	4	0.2518	0.000000	1.677803e+00	3.065352e+02	2.538085e+00	88.8816	1	0
166	2	265.1219	2	0.6336	-0.013297	1.041006e-01	9.956922e+00	1.271903e+00	100.0000	1	1
166	0	265.9053	2	0.2506	0.000000	1.872619e+00	4.459364e+02	2.790632e+00	89.8784	1	0
167	2	266.6214	3	0.5844	0.142255	2.809005e+00	2.765939e+02	1.410267e+01	100.0000	1	1
167	0	267.3552	3	0.3010	0.000000	5.018632e+00	1.241868e+03	7.365839e+00	52.4736	1	0
168	2	268.0718	1	0.4682	0.000000	3.274682e-15	3.124085e-13	5.841637e-15	100.0000	1	1
168	0	268.7881	1	0.1682	0.000000	2.778156e-01	5.682377e+01	5.088006e-01	52.6120	1	0
169	2	269.5060	2	0.4169	0.000000	1.446725e-14	1.567899e-12	2.748305e-14	100.0000	1	1
169	0	270.2217	2	0.2023	0.000000	2.218630e+00	1.418048e+02	2.791677e+00	62.7370	1	0
170	2	270.9393	4	0.5006	0.000000	1.438065e-14	1.474369e-12	2.511125e-14	100.0000	1	1
170	0	271.6554	4	0.1183	0.000000	1.898178e-14	3.307881e-12	2.374041e-14	55.6204	1	0
171	2	272.3726	1	0.3678	-0.060932	1.911421e+00	1.829841e+02	5.840413e+00	100.0000	1	1
171	0	273.0896	1	0.3009	0.000000	7.331068e-01	1.624388e+02	1.526261e+00	54.0788	1	0
172	2	273.8065	3	0.5174	-0.102811	2.145076e+00	2.699487e+02	9.869332e+00	100.0000	1	1
172	0	274.5397	3	0.3508	0.000000	6.077453e+00	1.469215e+03	9.135869e+00	53.6976	1	0
173	2	275.2554	4	0.4856	-0.064179	3.499391e+00	3.455966e+02	6.346984e+00	100.0000	1	1
173	0	275.9727	4	0.2186	0.000000	3.038291e+00	6.209883e+02	4.321414e+00	52.9825	1	0
174	2	276.6904	2	0.5673	0.000000	4.567474e+00	4.485242e+02	2.749456e+01	6.5582	1	1
174	0	277.4061	2	0.3512	0.000000	2.815559e+00	6.630024e+02	4.322274e+00	53.1224	1	0
175	2	278.1242	3	0.4348	-0.097062	3.614835e+00	3.478128e+02	9.368611e+00	100.0000	1	1
175	0	278.8399	3	0.3194	0.000000	5.581658e+00	1.066295e+03	8.869360e+00	52.3971	1	0
176	2	279.5563	1	0.6189	0.000000	5.801144e-01	5.563876e+01	1.526025e+00	70.0084	1	1
176	0	280.3395	1	0.3353	0.000000	4.782155e-15	9.562439e-13	6.308968e-15	51.5267	1	0
177	2	281.0569	2	0.4685	0.000000	1.290100e-14	1.247181e-12	3.561644e+00	0.0000	1	1
177	0	281.7741	2	0.3353	0.000000	1.657746e+00	3.942002e+02	3.051941e+00	52.9421	1	0
178	2	282.4899	4	0.5189	0.000000	1.333353e-14	1.295779e-12	2.380272e-14	100.0000	1	1
178	0	283.2071	4	0.3344	0.000000	2.203133e-14	4.657621e-12	2.816448e-14	54.6330	1	0
179	2	283.9237	1	0.6855	0.157655	1.286059e+01	1.260168e+03	3.510763e+01	0.0000	1	1
179	0	284.7570	1	0.3689	0.000000	5.770945e-15	1.312523e-12	7.492873e-15	54.2506	1	0
180	2	285.4736	3	0.4859	-0.071496	1.861597e+00	1.780895e+02	6.851336e+00	100.0000	1	1
180	0	286.1908	3	0.3517	0.000000	5.734083e+00	1.289740e+03	8.371576e+00	51.7308	1	0
181	2	286.9074	4	0.6690	0.000000	2.469728e-01	2.368716e+01	2.208950e+00	8.4449	1	1
181	0	287.7245	4	0.3516	0.000000	2.424575e-14	5.835112e-12	3.128002e-14	53.0655	1	0
182	2	288.4411	2	0.4342	-0.020353	2.067260e-01	2.066428e+01	2.034804e+00	100.0000	1	1
182	0	289.1585	2	0.3343	0.000000	3.643658e+00	7.613541e+02	4.321658e+00	53.7743	1	0
183	2	289.8755	3	0.9512	0.082261	8.484767e+00	8.088708e+02	1.582923e+01	2.6356	1	1
183	0	290.9750	3	0.3353	0.000000	2.116647e+00	4.449277e+02	4.829279e+00	54.1622	1	0
184	2	291.6920	1	0.5353	0.000000	3.284513e-15	3.225379e-13	6.012992e-15	100.0000	1	1
184	0	292.4092	1	0.2502	0.000000	1.479474e-01	2.815379e+01	5.087957e-01	65.7754	1	0
185	2	293.1249	2	0.4687	0.000000	1.655159e-14	1.865374e-12	2.544031e+00	0.0000	1	1
185	0	293.8427	2	0.2510	0.000000	6.719743e-02	4.378930e+00	1.269410e+00	100.0000	1	0
186	2	294.5594	4	0.4681	-0.013368	1.388196e+00	1.320706e+02	2.288645e+00	82.0576	1	1
186	0	295.2748	4	0.3025	0.000000	2.901114e+00	4.978422e+02	4.066155e+00	56.0241	1	0
187	2	295.9924	1	0.5352	0.000000	3.271071e-15	3.162249e-13	5.919526e-15	100.0000	1	1
187	0	296.7096	1	0.3509	0.000000	5.440326e-02	1.100309e+01	5.087579e-01	88.1778	1	0
188	2	297.4254	3	0.4354	0.000000	9.601527e-15	9.672928e-13	1.813244e-14	100.0000	1	1
188	0	298.1597	3	0.2513	0.000000	1.036598e+00	1.933080e+02	1.526154e+00	66.0303	1	0
189	2	298.8756	4	0.6697	0.000000	1.279327e-14	1.223747e-12	2.330424e-14	100.0000	1	1
189	0	300.2265	4	0.3846	0.000000	4.370501e-01	9.288504e+01	1.522630e+00	93.5139	1	0
190	2	300.9435	2	0.4517	0.000000	1.334717e-14	1.324269e-12	2.636146e-14	100.0000	1	1
190	0	301.6601	2	0.3171	0.000000	2.181785e-14	4.334964e-12	2.745190e-14	54.4174	1	0
191	2	302.3768	3	0.6520	0.000000	1.967186e-01	2.009211e+01	4.833659e+00	0.0000	1	1
191	0	303.1936	3	0.3853	0.000000	1.849896e-14	4.550889e-12	2.388061e-14	52.8438	1	0
192	2	303.9098	1	0.4861	0.000000	3.341278e-15	3.340624e-13	6.122036e-15	100.0000	1	1
192	0	304.6275	1	0.2519	0.000000	5.367739e-15	1.114305e-12	6.838610e-15	53.7990	1	0
193	2	305.3430	2	0.2853	1.520307	8.208374e+01	3.962592e+02	9.553368e+01	100.0000	0	1
193	0	306.0608	2	0.5520	0.000000	6.940734e+00	9.117923e+02	4.707842e+01	55.1820	1	0
194	2	306.7773	4	0.6024	0.042303	1.135484e+00	1.090954e+02	4.066809e+00	100.0000	1	1
194	0	307.5271	4	0.2686	0.000000	1.614894e+00	3.437788e+02	3.305792e+00	52.4467	1	0
195	2	308.2439	1	0.5857	0.075423	3.017239e+00	3.038688e+02	7.610396e+00	100.0000	1	1
195	0	308.9777	1	0.3345	0.000000	5.446350e+00	1.260513e+03	9.132863e+00	52.6143	1	0
196	2	309.6949	3	0.5348	-0.117261	6.861718e+00	6.622562e+02	1.330215e+01	83.2152	1	1
196	0	310.4107	3	0.3692	0.000000	1.302802e+01	3.000344e+03	2.131965e+01	81.6061	1	0
197	2	311.1283	4	0.6677	-0.156081	5.808804e+00	5.751669e+02	1.558126e+01	100.0000	1	1
197	0	311.9446	4	0.3684	0.000000	8.319302e+00	2.035391e+03	1.565816e+01	52.7484	1	0
198	2	312.6618	2	0.5846	0.000000	1.518443e-14	1.444750e-12	2.586297e-14	100.0000	1	1
198	0	313.4791	2	0.3837	0.000000	1.862192e-14	3.406245e-12	2.586297e-14	52.0167	1	0
199	2	314.1950	3	0.4525	-0.078784	2.234420e+00	2.584061e+02	9.130104e+00	100.0000	1	1
199	0	314.9123	3	0.4850	0.000000	6.641880e+00	1.623159e+03	9.135869e+00	53.0638	1	0
200	2	315.6290	1	0.5844	0.000000	3.168798e-15	3.079501e-13	5.950681e-15	100.0000	1	1
200	0	316.3619	1	0.3522	0.000000	4.971288e-15	9.940630e-13	6.449167e-15	52.6718	1	0
201	1	329.6307	3	0.7861	0.000000	1.078467e-14	1.116667e-12	1.902037e-14	100.0000	1	1
201	0	330.5815	3	0.3843	0.000000	1.884248e-14	4.534732e-12	2.388061e-14	54.0169	1	0
202	1	331.2977	2	0.4689	0.000000	6.292777e+00	6.403609e+02	2.645793e+01	0.0000	1	1
202	0	332.0148	2	0.2515	0.000000	1.433630e+01	2.959790e+03	1.783501e+01	54.7602	1	0
203	1	332.7319	4	0.5012	0.000000	2.072586e+00	2.051090e+02	1.215823e+01	4.5770	1	1
203	0	333.4479	4	0.3023	0.000000	2.219062e-14	4.809848e-12	2.847603e-14	53.6385	1	0
204	1	334.1654	1	0.4339	-0.002571	7.455426e-02	7.378075e+00	2.544023e-01	100.0000	1	1
204	0	334.8816	1	0.3518	0.000000	2.078309e+00	4.615376e+02	5.923375e+00	95.8695	1	0
205	1	335.5989	2	0.7682	-0.042755	5.320258e-01	5.057428e+01	4.066730e+00	100.0000	1	1
205	0	336.5149	2	0.4021	0.000000	2.912012e+00	5.954698e+02	6.347815e+00	50.7478	1	0
206	1	337.2318	4	0.4853	0.000000	7.281750e-02	8.280675e+00	5.086045e-01	15.8774	1	1
206	0	337.9490	4	-0.0155	0.000000	0	0	0	0.0000	1	0
207	1	338.6655	1	0.5683	0.000000	1.299077e+00	1.448185e+02	1.487368e+01	2.7212	1	1
207	0	339.3825	1	0.3675	0.000000	3.456839e-01	8.266647e+01	2.288751e+00	73.3111	1	0
208	1	340.0989	3	0.3850	0.000000	9.663435e-15	9.243615e-13	1.757164e-14	100.0000	1	1
208	0	340.8158	3	0.2690	0.000000	2.298125e+00	5.062049e+02	3.304034e+00	73.1223	1	0
209	1	341.5332	1	0.4174	-0.078373	4.644898e+00	4.500149e+02	7.608666e+00	100.0000	1	1
209	0	342.2498	1	0.2849	0.000000	2.286405e+00	4.428765e+02	4.067486e+00	54.9909	1	0
210	1	342.9670	3	0.4676	-0.220829	9.263820e+00	9.014096e+02	2.184382e+01	100.0000	1	1
210	0	343.6999	3	0.4355	0.000000	1.102221e+01	2.168330e+03	1.781111e+01	53.6856	1	0
211	1	344.4161	2	0.5024	0.000000	6.202826e-02	6.454095e+00	3.052838e+00	0.0000	1	1
211	0	345.1336	2	0.4515	0.000000	1.765110e+00	3.687911e+02	7.421905e+00	100.0000	1	0
212	1	345.8503	4	0.6859	-0.101742	5.028913e+00	4.861926e+02	9.870415e+00	100.0000	1	1
212	0	346.7003	4	0.3350	0.000000	1.111320e+01	2.554560e+03	1.380403e+01	68.7349	1	0
213	1	347.4164	3	0.5020	-0.209851	9.942086e+00	9.524168e+02	2.104867e+01	93.3176	1	1
213	0	348.1342	3	0.4513	0.000000	1.183281e+01	2.172791e+03	1.385368e+01	53.2236	1	0
214	1	348.8513	2	0.6174	0.000000	1.463177e-14	1.537338e-12	2.707803e-14	100.0000	1	1
214	0	349.6170	2	0.3028	0.000000	2.073117e-14	4.667556e-12	2.826194e-14	50.9605	1	0
215	1	350.3340	1	0.5180	0.000000	3.266631e-15	3.232751e-13	6.059725e-15	100.0000	1	1
215	0	351.0511	1	0.3846	0.000000	5.390528e-15	1.127264e-12	6.854188e-15	53.5280	1	0
216	1	351.7683	4	0.7176	0.000000	1.086914e-02	1.086701e+00	1.170254e+01	0.0000	1	1
216	0	352.6503	4	0.3857	0.000000	6.849814e-02	1.695581e+01	5.087025e-01	94.8623	1	0
217	1	353.3681	2	0.3675	0.000000	1.426531e-14	1.495206e-12	2.704688e-14	100.0000	1	1
217	0	354.0850	2	0.0509	0.000000	4.132582e+00	3.593853e+02	4.309914e+00	59.4718	1	0
218	1	354.8020	1	0.6353	-0.286339	1.389546e+01	1.278451e+03	2.765576e+01	95.1868	0	1
218	0	355.6027	1	0.5162	0.000000	1.552302e+01	3.227114e+03	2.574221e+01	52.1493	1	0
219	1	356.2689	4	0.7176	0.000000	3.111182e+00	3.015528e+02	1.831703e+01	1.0477	1	1
219	0	357.1355	4	0.3177	0.000000	4.886698e+00	9.254782e+02	1.629737e+01	83.2929	1	0
220	1	357.8514	3	0.5027	0.000000	9.384276e-15	9.095953e-13	1.780531e-14	100.0000	1	1
220	0	358.5690	3	0.3671	0.000000	1.640354e-14	3.513760e-12	2.093643e-14	53.2067	1	0
221	1	359.2856	2	0.7016	-0.093477	1.118318e+01	1.087724e+03	1.804652e+01	0.7840	1	1
221	0	360.1519	2	0.3849	0.000000	7.234754e+00	1.726326e+03	8.124279e+00	53.1993	1	0
222	1	360.8689	1	0.5024	0.000000	2.562525e-01	2.444679e+01	1.271681e+00	58.1180	1	1
222	0	361.5862	1	0.3009	0.000000	1.473146e+00	2.783038e+02	6.677589e+00	93.6070	1	0
223	1	362.3024	3	0.5850	-0.261242	1.510073e+01	1.443705e+03	2.556020e+01	100.0000	0	1
223	0	363.0357	3	0.5023	0.000000	1.778634e+01	4.299833e+03	2.616566e+01	52.6742	1	0
224	1	363.7029	4	0.5517	0.022723	1.767584e+00	1.780269e+02	2.796640e+00	77.4955	1	1
224	0	364.4198	4	0.3179	0.000000	2.178434e+00	4.704985e+02	4.829318e+00	53.2215	1	0
225	1	365.1360	2	0.4191	0.000000	1.376778e-14	1.418539e-12	2.682879e-14	100.0000	1	1
225	0	365.8533	2	0.3843	0.000000	2.218261e-14	5.073349e-12	2.872927e-14	51.8354	1	0
226	1	366.5695	3	0.6020	0.005263	2.904902e-01	2.808223e+01	1.271853e+00	82.3591	1	1
226	0	367.3201	3	0.3681	0.000000	1.860284e-14	4.543316e-12	2.388061e-14	53.2292	1	0
227	1	368.0362	4	0.6363	-0.013368	4.863647e+00	4.627190e+02	2.318569e+01	10.3390	1	1
227	0	368.8373	4	0.4173	0.000000	1.859926e+00	3.849847e+02	3.559740e+00	54.2871	1	0
228	1	369.5533	1	0.5355	-0.002660	2.165043e-02	2.070977e+00	2.544022e-01	100.0000	1	1
228	0	370.2700	1	0.3525	0.000000	2.349485e-01	4.219863e+01	5.087993e-01	57.0827	1	0
229	1	370.9870	2	0.6021	-0.007557	4.485108e-01	4.529742e+01	1.628180e+01	0.0000	1	1
229	0	371.7380	2	0.3682	0.000000	1.177047e+00	2.353526e+02	2.289066e+00	51.9035	1	0
230	1	372.4542	1	1.4853	0.000000	1.679236e+00	4.763412e+02	5.583523e+00	37.3787	1	1
230	0	374.0881	1	0.5007	0.000000	5.295409e-15	1.061569e-12	6.667255e-15	54.3147	1	0
231	1	374.8047	3	0.5184	0.000000	9.642389e-15	9.248013e-13	1.761838e-14	100.0000	1	1
231	0	375.5217	3	0.3512	0.000000	1.620631e-14	3.327209e-12	2.065603e-14	54.7708	1	0
232	1	376.2374	4	0.6863	0.000000	8.283757e-01	8.239987e+01	3.687198e+00	0.9885	1	1
232	0	377.0887	4	0.3514	0.000000	2.169387e-14	4.602836e-12	2.779062e-14	53.4772	1	0
233	1	377.8049	3	0.6019	-0.279950	1.596777e+01	1.561641e+03	3.154599e+01	0.0000	0	1
233	0	378.5715	3	0.5525	0.000000	1.719411e+01	3.958197e+03	2.751847e+01	53.1312	1	0
234	1	379.2885	2	1.0680	-0.034561	4.192538e+00	4.199660e+02	1.500978e+01	0.0000	1	1
234	0	380.5226	2	0.3840	0.000000	3.335576e+00	6.320770e+02	4.733763e+00	90.4388	1	0
235	1	381.2390	4	0.5178	-0.064844	3.378629e+00	3.302250e+02	6.346712e+00	100.0000	1	1
235	0	381.9559	4	0.3682	0.000000	5.947753e+00	1.276854e+03	1.013298e+01	56.3700	1	0
236	1	382.6721	1	0.5014	0.000000	3.498898e-15	3.578325e-13	6.262235e-15	100.0000	1	1
236	0	383.3896	1	0.4349	0.000000	4.210306e+00	1.097004e+03	7.872081e+00	49.9544	1	0
237	1	384.6727	4	0.6347	0.010582	1.431466e+00	1.376483e+02	4.276727e+00	29.5632	1	1
237	0	385.4560	4	0.3356	0.000000	8.525726e-01	1.833692e+02	3.869392e+00	100.0000	1	0
238	1	386.1727	3	0.3860	0.000000	1.064197e-14	1.123551e-12	1.939424e-14	100.0000	1	1
238	0	386.8902	3	0.2518	0.000000	1.744222e-14	3.984745e-12	2.233842e-14	53.2294	1	0
239	1	387.6069	2	0.7851	0.000000	1.168660e+01	1.144858e+03	4.960861e+01	0.0000	1	1
239	0	388.5405	2	0.4512	0.000000	5.317063e+00	1.326568e+03	1.162074e+01	65.2278	1	0
240	1	389.2564	1	0.4848	0.000000	3.190354e-15	3.084217e-13	5.919526e-15	100.0000	1	1
240	0	389.9734	1	0.4013	0.000000	1.051379e+00	2.169215e+02	4.062270e+00	74.5384	1	0
241	3	403.2247	2	1.1861	-0.093929	2.236141e+01	2.500376e+03	4.579256e+01	77.6324	1	1
241	0	404.5592	2	0.5685	0.000000	1.767383e+01	4.415287e+03	3.913905e+01	93.0304	1	0
242	3	405.2924	3	0.5518	0.620661	3.169253e+01	2.516586e+03	5.622254e+01	100.0000	0	1
242	0	406.0095	3	0.6181	0.000000	3.371902e+01	7.369684e+03	5.609589e+01	44.4547	1	0
243	3	406.7760	1	0.5687	0.523599	2.360156e+01	2.136843e+03	4.770059e+01	100.0000	0	1
243	0	407.5100	1	0.5849	0.000000	3.156212e+01	6.379103e+03	4.723306e+01	48.2609	1	0
244	3	408.2600	4	0.5846	0.523599	2.241233e+01	1.990939e+03	4.846380e+01	100.0000	0	1
244	0	409.0093	4	0.6524	0.000000	3.767562e+01	8.539247e+03	5.715515e+01	45.6974	1	0
245	3	409.8262	3	0.4510	0.358865	2.227232e+01	2.074330e+03	3.493559e+01	100.0000	0	1
245	0	410.5429	3	0.5192	0.000000	3.127506e+01	7.699352e+03	4.564566e+01	49.4443	1	0
246	3	411.2266	4	0.5516	0.523599	2.275237e+01	2.353725e+03	4.820939e+01	100.0000	0	1
246	0	411.9441	4	0.7340	0.000000	3.834589e+01	7.862229e+03	5.181166e+01	46.0014	1	0
247	3	412.8439	1	0.5843	0.523599	2.575645e+01	2.127994e+03	4.770059e+01	100.0000	0	1
247	0	413.5773	1	0.5187	0.000000	3.131479e+01	6.778384e+03	4.606560e+01	45.0596	1	0
248	3	414.2611	2	0.5837	0.523599	2.231761e+01	2.394800e+03	4.922701e+01	100.0000	0	1
248	0	414.9942	2	0.7016	0.000000	3.727258e+01	8.604412e+03	5.268411e+01	44.1518	1	0
249	3	415.8601	1	1.2196	0.096971	1.429219e+01	1.526106e+03	2.587663e+01	58.7574	1	1
249	0	417.2278	1	0.6011	0.000000	1.421486e+01	3.026459e+03	4.519353e+01	78.0089	1	0
250	3	417.9784	3	1.4514	0.056773	2.323121e+01	2.513678e+03	4.655577e+01	75.3385	1	1
250	0	419.5948	3	0.5349	0.000000	1.412908e+01	3.093067e+03	3.655105e+01	81.6184	1	0
251	3	420.3111	4	1.1026	0.157804	1.890849e+01	1.871997e+03	3.412524e+01	64.3249	1	1
251	0	421.5785	4	0.6850	0.000000	1.804858e+01	4.366408e+03	4.212520e+01	87.3622	1	0
252	3	422.4116	2	1.4859	0.058907	2.282011e+01	2.350255e+03	4.591977e+01	79.2020	1	1
252	0	424.0618	2	0.5016	0.000000	1.021256e+01	1.961365e+03	2.842425e+01	89.6298	1	0
253	3	424.7788	3	1.6687	-0.052588	1.814664e+01	1.835988e+03	3.421722e+01	58.5776	1	1
253	0	426.5950	3	0.6857	0.000000	6.131812e+00	1.206256e+03	2.158673e+01	87.0735	1	0
254	3	427.4456	1	1.4184	0.165402	1.572260e+01	1.534592e+03	2.754322e+01	52.0039	0	1
254	0	429.0125	1	0.6683	0.000000	1.842469e+01	3.792958e+03	4.060336e+01	87.9937	1	0
255	3	429.8293	2	0.6860	0.523599	2.594028e+01	2.137466e+03	4.757339e+01	100.0000	0	1
255	0	430.6798	2	0.6020	0.000000	2.632701e+01	4.993213e+03	4.042178e+01	94.6350	1	0
256	3	431.4468	4	1.2680	0.114841	1.481298e+01	1.502009e+03	2.865416e+01	52.2078	1	1
256	0	432.8629	4	0.5854	0.000000	9.997077e+00	1.937121e+03	2.235336e+01	96.3235	1	0
257	3	433.6137	2	1.2684	0.087991	1.675288e+01	2.012442e+03	3.625245e+01	71.8482	1	1
257	0	435.0466	2	0.4687	0.000000	1.399027e+01	2.931558e+03	3.055892e+01	90.8431	1	0
258	3	435.7638	4	1.1357	0.083501	8.808287e+00	8.546400e+02	1.989704e+01	41.2183	1	1
258	0	437.0634	4	0.4686	0.000000	1.019998e+01	2.030134e+03	2.248452e+01	94.4164	1	0
259	3	437.7814	1	1.4017	0.049642	1.387556e+01	1.426768e+03	2.333033e+01	62.1062	1	1
259	0	439.3480	1	0.4849	0.000000	1.374213e+01	2.844904e+03	3.714732e+01	80.8165	1	0
260	3	440.0651	3	0.9340	0.236978	2.076376e+01	2.024743e+03	3.409555e+01	66.2804	0	1
260	0	441.1479	3	0.6181	0.000000	1.408114e+01	2.757090e+03	1.729594e+01	97.5694	1	0
261	3	441.9147	1	0.8025	0.313747	2.248699e+01	2.112137e+03	3.460373e+01	89.3337	0	1
261	0	442.8818	1	0.5343	0.000000	1.911910e+01	3.886477e+03	2.351834e+01	96.8787	1	0
262	3	443.5645	2	1.2529	0.038591	1.624998e+01	1.857380e+03	3.470714e+01	68.3138	1	1
262	0	444.9815	2	0.4691	0.000000	1.086385e+01	2.208624e+03	3.429070e+01	94.1889	1	0
263	3	445.6981	3	0.6186	0.464390	2.547409e+01	2.308010e+03	4.420925e+01	100.0000	0	1
263	0	446.4658	3	0.6338	0.000000	2.244893e+01	4.519826e+03	3.658184e+01	50.1312	1	0
264	3	447.2483	4	1.2359	0.088697	6.379979e+00	6.193051e+02	1.285940e+01	32.8073	1	1
264	0	448.6329	4	0.5851	0.000000	8.914656e+00	1.711658e+03	1.501179e+01	55.6397	1	0
265	3	449.3824	1	1.4681	-0.000674	4.368667e+00	4.594265e+02	1.132012e+01	68.6803	1	1
265	0	451.0001	1	0.4177	0.000000	1.081062e+01	2.172951e+03	3.630802e+01	85.6257	1	0
266	3	451.7168	2	1.1516	0.139912	1.368303e+01	1.534438e+03	3.078278e+01	62.4053	1	1
266	0	453.0330	2	0.4517	0.000000	1.019660e+01	1.872946e+03	1.733268e+01	95.0749	1	0
267	3	453.7502	3	1.5187	0.083252	1.330429e+01	1.419985e+03	2.616767e+01	64.1197	1	1
267	0	455.4334	3	0.5845	0.000000	1.408941e+01	2.787042e+03	3.385919e+01	90.1509	1	0
268	3	456.1665	4	1.4857	0.062048	1.218963e+01	1.254886e+03	1.941092e+01	68.0300	1	1
268	0	457.8175	4	0.5349	0.000000	9.030666e+00	2.050680e+03	1.291589e+01	55.6324	1	0
269	3	458.5345	2	1.2013	-0.012089	1.727662e+01	1.860080e+03	3.403386e+01	75.3463	1	1
269	0	459.9014	2	0.5177	0.000000	7.305745e+00	1.414466e+03	3.208395e+01	94.2630	1	0
270	3	460.6171	4	0.9690	0.158194	1.624451e+01	1.581024e+03	2.329001e+01	70.0725	1	1
270	0	461.7346	4	0.6015	0.000000	9.529481e+00	1.920462e+03	1.369546e+01	52.3276	1	0
271	3	462.4853	3	1.2517	0.049425	1.619854e+01	1.708796e+03	2.550155e+01	80.6277	1	1
271	0	463.9016	3	0.7355	0.000000	5.456369e+00	1.168960e+03	7.300714e+00	71.4350	1	0
272	3	464.7851	1	1.1174	0.042077	1.387210e+01	1.376771e+03	2.296423e+01	73.6047	1	1
272	0	466.0521	1	0.4849	0.000000	8.037038e+00	1.489564e+03	2.567286e+01	93.2557	1	0
273	3	466.7680	3	0.6528	0.456853	2.477009e+01	2.218737e+03	4.655577e+01	94.6948	0	1
273	0	467.5861	3	0.6172	0.000000	1.674989e+01	3.114900e+03	2.310336e+01	90.8219	1	0
274	3	468.3519	2	1.3014	0.001616	2.130986e+01	2.228719e+03	3.761176e+01	73.9353	1	1
274	0	469.8030	2	0.3841	0.000000	6.785068e+00	1.434274e+03	9.518234e+00	88.8953	1	0
275	3	470.5192	4	1.2514	-0.009396	1.641733e+01	1.624281e+03	2.937767e+01	57.5946	1	1
275	0	471.9192	4	0.7192	0.000000	1.500787e+01	3.734917e+03	4.196915e+01	89.8250	1	0
276	3	472.8033	1	1.4173	0.018309	1.462941e+01	1.399150e+03	2.353052e+01	75.9132	1	1
276	0	474.3694	1	0.3850	0.000000	5.786700e+00	1.157566e+03	8.136398e+00	94.9651	1	0
277	3	475.0861	4	0.8525	0.351971	1.416060e+01	1.318166e+03	3.288940e+01	100.0000	0	1
277	0	476.0869	4	0.6518	0.000000	2.305906e+01	4.208508e+03	3.725182e+01	90.0529	1	0
278	3	476.9039	2	1.2844	0.066389	1.309108e+01	1.457526e+03	3.116438e+01	63.2119	1	1
278	0	478.3366	2	0.6358	0.000000	1.134194e+01	2.054123e+03	3.656801e+01	87.2338	1	0
279	3	479.1375	1	1.3019	0.272470	1.600297e+01	1.497828e+03	2.709533e+01	89.4789	1	1
279	0	480.6047	1	0.6177	0.000000	1.655137e+01	3.575564e+03	4.830021e+01	88.9839	1	0
280	3	481.3704	3	0.4857	0.430200	2.825888e+01	2.580964e+03	4.190933e+01	100.0000	0	1
280	0	482.0871	3	0.5025	0.000000	2.996770e+01	5.392295e+03	3.984067e+01	51.2702	1	0
281	3	482.7542	2	0.9521	0.065242	1.544602e+01	1.486118e+03	2.352775e+01	59.1315	1	1
281	0	483.8717	2	0.4849	0.000000	8.811521e+00	1.873468e+03	1.924508e+01	94.9365	1	0
282	3	484.5877	1	0.6352	0.270105	1.582216e+01	1.497396e+03	2.620281e+01	100.0000	0	1
282	0	485.3710	1	0.6027	0.000000	2.030395e+01	4.101125e+03	3.835013e+01	91.8481	1	0
283	3	486.1386	4	1.6174	-0.004143	8.861127e+00	9.764443e+02	1.534076e+01	63.6863	1	1
283	0	487.9051	4	0.8853	0.000000	1.265281e+01	3.020241e+03	3.692111e+01	87.8770	1	0
284	3	488.9552	3	1.7023	0.047199	1.667377e+01	1.809899e+03	3.548924e+01	67.9951	1	1
284	0	490.8222	3	0.9516	0.000000	5.723247e+00	1.159918e+03	8.345385e+00	62.6350	1	0
285	3	491.9391	1	0.9684	0.064148	8.874935e+00	8.607100e+02	1.575570e+01	53.1859	1	1
285	0	493.0563	1	0.4673	0.000000	7.113740e+00	1.336210e+03	1.885537e+01	96.2734	1	0
286	3	493.7734	4	0.8012	0.362344	1.934340e+01	1.740322e+03	3.381661e+01	100.0000	0	1
286	0	494.7230	4	0.6181	0.000000	2.566472e+01	4.944110e+03	3.284100e+01	49.9975	1	0
287	3	495.5068	3	0.5675	0.320701	1.845772e+01	2.036543e+03	3.079521e+01	100.0000	0	1
287	0	496.2228	3	0.5353	0.000000	2.321907e+01	4.449894e+03	3.444748e+01	52.4954	1	0
288	3	496.9068	2	1.1510	0.017621	1.868474e+01	1.934182e+03	3.940575e+01	67.4086	1	1
288	0	498.2073	2	0.3684	0.000000	5.882409e+00	1.221349e+03	1.279243e+01	94.1803	1	0
289	3	498.9230	3	1.3688	0.024805	1.643446e+01	1.756564e+03	3.555893e+01	60.4793	1	1
289	0	500.4578	3	0.5677	0.000000	7.112635e+00	1.541051e+03	2.935971e+01	93.1751	1	0
290	3	501.1740	4	1.3521	0.038372	7.337327e+00	7.535724e+02	1.616450e+01	76.1704	1	1
290	0	502.6740	4	0.5184	0.000000	1.034181e+01	2.216395e+03	1.718363e+01	87.8529	1	0
291	3	503.3909	1	1.0342	-0.003986	2.798816e+00	2.798035e+02	6.603656e+00	82.1668	1	1
291	0	504.5739	1	0.5362	0.000000	7.816244e+00	1.432171e+03	3.168393e+01	82.9043	1	0
292	3	505.2916	2	1.2015	0.065132	7.030699e+00	7.850601e+02	1.794063e+01	45.5725	1	1
292	0	506.6577	2	0.4188	0.000000	6.422743e+00	1.223029e+03	8.865249e+00	100.0000	1	0
293	3	507.3745	4	0.5357	0.352864	2.079057e+01	2.015101e+03	3.569481e+01	100.0000	0	1
293	0	508.0918	4	0.5015	0.000000	2.135211e+01	5.255453e+03	3.202663e+01	51.1891	1	0
294	3	508.7415	1	0.6853	0.177951	1.206321e+01	1.213735e+03	1.825589e+01	61.0538	1	1
294	0	509.5756	1	0.5511	0.000000	1.390480e+01	2.688034e+03	3.835815e+01	84.9650	1	0
295	3	510.2918	2	0.5855	0.272534	1.644258e+01	1.555061e+03	2.643264e+01	100.0000	0	1
295	0	511.0257	2	0.5519	0.000000	2.008631e+01	3.871928e+03	2.635602e+01	94.0256	1	0
296	3	511.7252	3	1.2353	0.094758	1.218264e+01	1.259054e+03	1.971624e+01	40.9203	1	1
296	0	513.1084	3	0.5529	0.000000	8.708743e+00	1.705126e+03	1.366594e+01	54.1508	1	0
297	3	513.8252	2	1.3689	0.063139	1.543336e+01	1.616746e+03	3.052838e+01	53.8757	1	1
297	0	515.3426	2	0.4355	0.000000	6.954957e+00	1.496094e+03	9.519735e+00	58.7951	1	0
298	3	516.0590	4	1.0360	0.101285	4.088229e+00	4.730895e+02	9.903425e+00	100.0000	1	1
298	0	517.2593	4	0.5358	0.000000	9.782431e+00	2.007924e+03	1.311113e+01	51.9124	1	0
299	3	517.9762	1	1.1024	0.007262	6.413129e+00	6.419629e+02	1.255784e+01	65.3603	1	1
299	0	519.2270	1	0.5009	0.000000	6.020678e+00	1.246875e+03	1.566774e+01	94.5468	1	0
300	3	519.9440	3	0.8843	0.178891	1.643012e+01	1.657463e+03	2.366574e+01	76.4929	1	1
300	0	520.9938	3	0.6343	0.000000	1.411865e+01	3.001388e+03	3.050108e+01	89.9430	1	0
301	3	521.7775	2	0.6509	0.394223	2.459771e+01	2.308227e+03	3.830390e+01	100.0000	0	1
301	0	522.5767	2	0.6360	0.000000	2.482648e+01	4.794396e+03	3.634999e+01	52.3089	1	0
302	3	523.3769	3	0.9356	0.055771	1.243969e+01	1.207034e+03	2.086106e+01	37.2380	1	1
302	0	524.4774	3	0.5012	0.000000	6.305785e+00	1.257505e+03	2.451815e+01	90.2611	1	0
303	3	525.1944	1	1.1186	0.041983	1.127236e+01	1.083954e+03	1.944286e+01	67.9584	1	1
303	0	526.4771	1	0.4021	0.000000	8.543416e+00	1.783944e+03	2.175282e+01	87.8809	1	0
304	3	527.1944	4	0.8351	0.156067	1.479222e+01	1.403362e+03	2.203225e+01	83.2577	1	1
304	0	528.1781	4	0.4844	0.000000	1.154123e+01	2.286788e+03	3.481049e+01	90.6911	1	0
305	3	528.8949	2	0.7521	0.133525	1.477137e+01	1.404111e+03	1.997066e+01	75.2722	1	1
305	0	529.8118	2	0.5688	0.000000	1.186582e+01	2.720012e+03	2.943083e+01	70.3520	1	0
306	3	530.5288	1	0.7016	0.134051	3.904586e+00	3.780557e+02	1.292037e+01	100.0000	0	1
306	0	531.3785	1	0.6007	0.000000	2.289315e+01	4.623642e+03	5.155655e+01	81.5561	1	0
307	3	532.1289	4	0.6849	0.153599	7.188247e+00	6.849222e+02	1.475167e+01	100.0000	0	1
307	0	532.9619	4	0.7524	0.000000	1.787808e+01	3.556481e+03	3.382760e+01	87.2761	1	0
308	3	533.8622	3	0.9684	0.100745	1.346202e+01	1.294818e+03	1.936572e+01	58.2465	1	1
308	0	534.9794	3	0.6343	0.000000	1.131500e+01	2.317125e+03	2.226832e+01	87.2409	1	0
309	3	535.7624	1	1.2844	0.067366	1.118707e+01	1.076197e+03	2.074042e+01	62.7786	1	1
309	0	537.1962	1	1.0185	0.000000	8.768292e+00	1.728678e+03	2.393604e+01	82.6562	1	0
310	3	538.3631	3	1.1356	0.101412	1.252572e+01	1.404314e+03	1.892540e+01	78.9826	1	1
310	0	539.6630	3	0.6189	0.000000	9.408955e+00	1.654889e+03	1.725129e+01	87.3649	1	0
311	3	540.4300	4	1.2015	0.124838	4.455541e+00	4.387585e+02	1.187877e+01	100.0000	1	1
311	0	541.7802	4	0.7511	0.000000	1.383857e+01	2.707125e+03	2.697529e+01	84.3899	1	0
312	3	542.6804	2	1.4023	0.078054	1.172738e+01	1.246637e+03	2.795580e+01	58.4725	1	1
312	0	544.2467	2	0.4855	0.000000	7.322067e+00	1.371867e+03	1.277547e+01	65.5179	1	0
313	3	544.9639	4	0.9183	0.172468	8.123057e+00	7.614163e+02	1.661821e+01	99.1186	1	1
313	0	546.0642	4	0.7183	0.000000	1.488045e+01	2.904238e+03	4.003337e+01	86.8538	1	0
314	3	546.9478	1	1.3346	0.178043	2.361337e+01	2.241789e+03	2.811155e+01	52.3870	0	1
314	0	548.4478	1	0.7345	0.000000	1.532236e+01	2.932118e+03	2.501543e+01	83.7976	1	0
315	3	549.3310	2	1.0359	-0.078689	1.106769e+01	1.121463e+03	1.506630e+01	71.5323	1	1
315	0	550.5316	2	0.4513	0.000000	7.072026e+00	1.504517e+03	2.311670e+01	88.2172	1	0
316	3	551.2480	3	0.8358	0.005894	7.929789e+00	7.544807e+02	1.228764e+01	52.1695	1	1
316	0	552.2481	3	0.4851	0.000000	8.782697e+00	1.716154e+03	3.199660e+01	90.7663	1	0
317	3	552.9648	1	0.8356	0.215329	1.849002e+01	1.746209e+03	3.038659e+01	80.2615	1	1
317	0	553.9654	1	0.5021	0.000000	9.609463e+00	1.774509e+03	2.377428e+01	88.5596	1	0
318	3	554.6824	2	0.9853	0.180882	1.962266e+01	2.467167e+03	7.109324e+01	11.1074	1	1
318	0	555.8327	2	0.4840	0.000000	1.391983e+01	3.337477e+03	1.973947e+01	89.6088	1	0
319	3	556.5486	4	0.8353	0.092198	9.865580e+00	9.471978e+02	1.572864e+01	70.7236	1	1
319	0	557.5326	4	0.5009	0.000000	5.352652e+00	1.155369e+03	1.454109e+01	100.0000	1	0
320	3	558.2494	3	0.6179	0.093836	1.000361e+01	9.729613e+02	1.480066e+01	31.5743	1	1
320	0	559.0154	3	0.4359	0.000000	8.190149e+00	1.564683e+03	1.258209e+01	86.3713	1	0
321	3	559.7332	4	0.8845	0.102254	4.920469e+00	4.806642e+02	1.002381e+01	100.0000	1	1
321	0	560.7668	4	0.5344	0.000000	1.175349e+01	2.363518e+03	2.352344e+01	90.7978	1	0
322	3	561.4832	1	1.0849	0.064105	3.453535e+00	3.673377e+02	7.016175e+00	3.3859	1	1
322	0	562.7339	1	0.5679	0.000000	9.016730e+00	2.039262e+03	2.357756e+01	87.1781	1	0
323	3	563.4505	3	0.7176	0.268738	1.851098e+01	1.725284e+03	2.663943e+01	87.4326	0	1
323	0	564.3165	3	0.5857	0.000000	1.468793e+01	2.877693e+03	2.663514e+01	49.1865	1	0
324	3	565.0670	2	0.6014	0.123532	9.969356e+00	9.463576e+02	1.354962e+01	84.0201	1	1
324	0	565.8340	2	0.3508	0.000000	1.012296e+01	1.967681e+03	1.567810e+01	94.2439	1	0
325	3	566.5504	1	0.6690	0.056756	1.672812e+00	1.593313e+02	5.411710e+00	100.0000	1	1
325	0	567.3834	1	0.4022	0.000000	1.602223e+01	3.305391e+03	3.392300e+01	89.9702	1	0
326	3	568.1005	4	0.5195	0.175035	8.127320e+00	7.899771e+02	1.718931e+01	100.0000	0	1
326	0	568.8171	4	0.5535	0.000000	1.585028e+01	3.574596e+03	2.864154e+01	96.5594	1	0
327	3	569.5345	2	0.9685	0.003601	6.027519e+00	5.888294e+02	9.475684e+00	50.3525	1	1
327	0	570.6684	2	0.4181	0.000000	4.385345e+00	8.847427e+02	2.004908e+01	95.9018	1	0
328	3	571.3845	3	0.5013	0.096971	1.305792e+01	1.236582e+03	1.664004e+01	61.1954	1	1
328	0	572.1012	3	0.5690	0.000000	9.398260e+00	1.777561e+03	2.180724e+01	88.2939	1	0
329	3	572.8349	2	0.7350	0.401494	2.368775e+01	2.124509e+03	3.807754e+01	100.0000	0	1
329	0	573.7357	2	0.6515	0.000000	2.261476e+01	4.478710e+03	3.292941e+01	83.6274	1	0
330	3	574.5520	1	0.7845	0.017570	1.146526e+00	1.157790e+02	1.998700e+00	93.9483	1	1
330	0	575.4848	1	0.8353	0.000000	1.278470e+01	3.037640e+03	4.159404e+01	82.2434	1	0
331	3	577.3024	3	0.8022	0.257347	1.862256e+01	1.713526e+03	2.921267e+01	88.1876	0	1
331	0	578.2692	3	0.4850	0.000000	1.385549e+01	3.181363e+03	2.265143e+01	52.8236	1	0
332	3	578.9197	4	0.9013	0.435193	2.699402e+01	2.885987e+03	4.719121e+01	100.0000	0	1
332	0	579.9689	4	0.4855	0.000000	3.165471e+01	7.672105e+03	5.004323e+01	49.5040	1	0
333	3	580.6193	2	0.6017	0.405109	2.504130e+01	2.653757e+03	4.211132e+01	100.0000	0	1
333	0	581.3701	2	0.5341	0.000000	1.971261e+01	4.660463e+03	5.148373e+01	64.0416	1	0
334	3	582.0530	4	1.0522	0.066254	8.328546e+00	8.114218e+02	1.884982e+01	38.6743	1	1
334	0	583.2705	4	0.4176	0.000000	1.376640e+01	2.788793e+03	3.114727e+01	56.4983	1	0
335	3	583.9863	1	0.4860	0.121896	8.827034e+00	8.447767e+02	1.442165e+01	85.0687	1	1
335	0	584.7035	1	0.4188	0.000000	1.068502e+01	2.060465e+03	2.486197e+01	94.5451	1	0
336	3	585.4202	3	0.7184	-0.057833	7.188232e+00	7.321260e+02	1.346743e+01	37.5014	1	1
336	0	586.3032	3	0.4016	0.000000	6.339878e+00	1.308389e+03	1.558784e+01	96.1882	1	0
337	3	587.0209	1	0.6673	0.238988	2.477874e+01	2.408345e+03	3.064222e+01	82.8264	0	1
337	0	587.8375	1	0.4348	0.000000	1.448115e+01	2.927006e+03	1.973324e+01	49.7748	1	0
338	3	588.4712	3	0.4338	0.312677	2.411923e+01	2.317882e+03	3.321629e+01	87.1056	0	1
338	0	589.1880	3	0.3678	0.000000	1.833966e+01	4.410868e+03	2.816374e+01	52.7682	1	0
339	3	589.8217	2	0.4502	0.462210	2.734768e+01	2.634146e+03	4.798739e+01	100.0000	0	1
339	0	590.5373	2	0.4516	0.000000	1.902082e+01	4.156572e+03	2.706330e+01	90.0439	1	0
340	3	591.1715	4	0.8184	0.147579	5.163377e+00	5.080204e+02	1.440221e+01	100.0000	1	1
340	0	592.1550	4	0.3846	0.000000	1.062411e+01	2.030393e+03	1.593151e+01	100.0000	1	0
341	3	592.8720	1	0.4014	0.210967	9.776890e+00	9.631220e+02	2.109623e+01	100.0000	0	1
341	0	593.5886	1	0.4677	0.000000	1.233076e+01	2.591486e+03	3.543853e+01	77.8119	1	0
342	3	594.2216	2	0.9509	0.049747	6.076136e+00	6.124306e+02	1.046761e+01	47.3353	1	1
342	0	595.3222	2	0.3516	0.000000	5.915133e+00	1.180956e+03	9.927229e+00	100.0000	1	0
343	3	596.0388	3	0.4014	0.262502	2.077975e+01	1.929818e+03	2.831711e+01	77.1987	0	1
343	0	596.7555	3	0.4680	0.000000	1.455666e+01	3.329047e+03	2.194440e+01	53.6568	1	0
344	3	597.3883	4	0.5188	0.338096	1.811918e+01	1.691613e+03	3.282509e+01	100.0000	0	1
344	0	598.1058	4	0.4846	0.000000	1.499133e+01	3.110283e+03	2.200073e+01	53.6508	1	0
345	3	598.7393	1	0.7344	0.076935	2.447808e+00	2.483718e+02	7.430185e+00	100.0000	1	1
345	0	599.6396	1	0.5505	0.000000	8.540724e+00	1.637817e+03	1.797810e+01	87.8630	1	0
346	3	600.3559	3	1.4017	-0.156243	3.504491e+01	3.995682e+03	7.075018e+01	44.7973	0	1
346	0	601.9064	3	0.6509	0.000000	2.392042e+01	4.600892e+03	3.214275e+01	61.7296	1	0
347	3	602.7060	2	0.5013	0.288657	2.113102e+01	1.937672e+03	2.938842e+01	89.8958	0	1
347	0	603.4230	2	0.4517	0.000000	1.666842e+01	3.416573e+03	2.418048e+01	93.0545	1	0
348	3	604.0567	4	0.5177	0.708337	3.756265e+01	2.873891e+03	6.554095e+01	100.0000	0	1
348	0	604.7732	4	0.4344	0.000000	5.483635e+01	1.171563e+04	7.728232e+01	48.9285	1	0
349	3	605.4067	3	0.9015	0.173992	1.092328e+01	2.021815e+03	2.619442e+01	93.6150	1	1
349	0	606.4573	3	0.3179	0.000000	3.508896e+00	7.639766e+02	5.428971e+00	70.1470	1	0
350	3	607.1728	4	0.9700	0.380971	3.730859e+01	5.547905e+03	5.988006e+01	13.4381	0	1
350	0	608.3075	4	0.6340	0.000000	3.979935e+01	8.803250e+03	5.768992e+01	46.4861	1	0
351	3	609.0906	2	0.7189	-0.010638	7.081871e+00	6.881914e+02	1.623317e+01	37.2673	1	1
351	0	609.9743	2	0.4688	0.000000	8.282190e+00	1.821535e+03	2.971804e+01	92.7299	1	0
352	3	610.6906	1	0.7518	0.052512	3.132725e+00	3.016304e+02	5.007443e+00	100.0000	1	1
352	0	611.5912	1	0.4021	0.000000	6.111388e+00	1.120475e+03	1.237813e+01	100.0000	1	0
353	3	612.3081	4	0.5178	0.287435	1.418352e+01	1.487641e+03	3.086808e+01	100.0000	0	1
353	0	613.0247	4	0.4184	0.000000	1.818421e+01	3.667588e+03	2.496211e+01	51.8999	1	0
354	3	613.6581	1	0.5176	0.226445	1.477138e+01	1.530695e+03	2.387504e+01	100.0000	0	1
354	0	614.3749	1	0.6010	0.000000	1.987002e+01	5.068544e+03	4.802967e+01	91.2804	1	0
355	3	615.1413	2	0.5512	0.275787	2.170326e+01	2.204783e+03	2.874918e+01	100.0000	1	1
355	0	615.8576	2	0.4179	0.000000	1.426186e+01	2.868409e+03	2.132065e+01	97.1061	1	0
356	3	616.5749	3	0.3852	0.211402	1.392397e+01	1.309181e+03	2.017827e+01	100.0000	1	1
356	0	617.2911	3	0.3518	0.000000	6.851261e+00	1.622455e+03	1.148272e+01	76.8201	1	0
357	3	618.0091	1	0.4508	0.174623	6.874259e+00	6.768391e+02	1.737034e+01	100.0000	1	1
357	0	618.7252	1	0.5189	0.000000	1.136567e+01	2.390076e+03	2.071258e+01	75.2646	1	0
358	3	619.4424	4	0.8842	0.123882	5.097573e+00	4.891505e+02	1.498173e+01	9.0141	1	1
358	0	620.4755	4	0.4185	0.000000	9.289980e+00	1.844758e+03	1.547440e+01	92.6162	1	0
359	3	621.1921	3	0.5347	0.106606	8.976880e+00	8.560847e+02	1.157534e+01	21.0234	1	1
359	0	621.9088	3	0.3526	0.000000	1.211828e+01	2.450839e+03	1.677548e+01	54.2461	1	0
360	3	622.6254	2	0.4850	0.256222	1.565949e+01	1.474493e+03	2.729429e+01	84.3283	1	1
360	0	623.8929	2	0.2850	0.000000	4.535716e+00	9.003951e+02	1.213427e+01	89.0229	1	0
361	3	624.6098	4	0.4839	0.175439	7.916848e+00	7.813630e+02	1.749506e+01	100.0000	0	1
361	0	625.3268	4	0.4182	0.000000	1.580355e+01	3.830011e+03	2.279312e+01	52.8426	1	0
362	3	625.9602	2	0.5175	0.315461	1.751940e+01	1.669618e+03	3.101945e+01	100.0000	0	1
362	0	626.6761	2	0.3687	0.000000	1.484811e+01	3.516540e+03	2.316596e+01	52.5924	1	0
363	3	627.3100	3	0.3852	0.154396	1.596707e+01	1.721899e+03	1.969342e+01	46.5589	1	1
363	0	628.0264	3	0.4858	0.000000	7.604586e+00	1.882102e+03	1.055849e+01	52.4049	1	0
364	3	628.7610	1	0.4341	0.189270	9.880842e+00	9.381541e+02	1.818831e+01	100.0000	0	1
364	0	629.4772	1	0.4845	0.000000	1.750946e+01	4.418342e+03	2.373176e+01	89.1171	1	0
365	3	630.1110	3	0.4345	0.067710	1.040009e+01	1.102023e+03	1.740389e+01	35.0253	1	1
365	0	630.8270	3	0.3856	0.000000	6.696406e+00	1.681603e+03	1.368785e+01	95.6756	1	0
366	3	631.5443	2	0.3020	-1.447102	6.722038e+01	9.841174e+02	9.795424e+01	100.0000	0	1
366	0	632.2614	2	0.5679	0.000000	3.994454e+01	8.036377e+03	8.554283e+01	58.0842	1	0
367	3	632.9942	1	0.5855	0.035847	1.181158e+00	1.132121e+02	3.437332e+00	100.0000	1	1
367	0	633.7446	1	0.3182	0.000000	9.034647e+00	2.289099e+03	1.225996e+01	91.8555	1	0
368	3	634.4607	4	0.5518	0.163970	6.516073e+00	6.263868e+02	1.590515e+01	100.0000	0	1
368	0	635.1778	4	0.4186	0.000000	1.221045e+01	2.645622e+03	1.765341e+01	53.2744	1	0
369	3	635.8119	1	0.6506	-0.016431	1.827088e+00	1.824581e+02	5.189499e+00	78.1772	1	1
369	0	636.6109	1	0.3181	0.000000	7.690963e+00	1.591230e+03	2.479845e+01	84.8230	1	0
370	3	637.3282	2	0.9846	0.103680	2.455845e+01	3.007741e+03	7.444468e+01	16.0730	1	1
370	0	638.4609	2	0.3862	0.000000	9.448452e+00	2.313802e+03	1.595561e+01	50.6565	1	0
371	3	639.1781	4	0.5518	0.286418	1.344122e+01	1.289113e+03	2.824631e+01	100.0000	0	1
371	0	639.8952	4	0.3689	0.000000	2.168743e+01	4.871134e+03	3.225572e+01	52.9064	1	0
372	3	640.5292	3	0.8507	-0.023022	3.589419e+00	3.493282e+02	6.325724e+00	12.8241	1	1
372	0	641.5287	3	0.3851	0.000000	6.875526e+00	1.386198e+03	2.293852e+01	84.7729	1	0
373	3	642.2460	2	1.0675	-0.016431	1.863097e+01	1.914202e+03	3.173754e+01	81.9125	1	1
373	0	643.4630	2	0.4176	0.000000	9.090637e+00	1.919515e+03	1.887903e+01	77.6481	1	0
374	3	644.1795	1	0.7343	0.262671	1.914205e+01	1.796456e+03	2.612814e+01	85.8684	0	1
374	0	645.0632	1	0.4340	0.000000	1.497703e+01	3.145971e+03	2.028777e+01	50.8057	1	0
375	3	645.6968	4	0.5515	0.247143	1.326932e+01	1.413316e+03	2.676142e+01	100.0000	0	1
375	0	646.4132	4	0.4017	0.000000	2.012675e+01	4.830712e+03	2.755922e+01	52.6069	1	0
376	3	647.0459	3	0.9188	0.095801	3.762089e+00	3.815861e+02	9.393216e+00	100.0000	1	1
376	0	648.1126	3	0.4346	0.000000	9.821766e+00	1.953428e+03	1.412144e+01	53.8974	1	0
377	3	648.8299	4	1.5191	0.084132	4.401026e+00	4.299294e+02	8.230562e+00	100.0000	1	1
377	0	650.5140	4	0.4352	0.000000	1.202268e+01	2.822273e+03	2.557440e+01	93.6271	1	0
378	3	651.2309	2	1.0347	0.042986	6.339306e+00	6.026073e+02	1.141750e+01	22.4086	1	1
378	0	652.4306	2	0.3684	0.000000	6.873388e+00	1.279510e+03	1.826400e+01	71.2296	1	0
379	3	653.1477	3	0.8679	0.034050	4.210406e+00	4.078679e+02	9.279337e+00	26.4172	1	1
379	0	654.1804	3	0.4524	0.000000	1.083532e+01	2.178157e+03	3.355103e+01	90.4147	1	0
380	3	654.8972	1	0.8849	0.083252	7.507632e+00	7.270797e+02	1.018171e+01	45.8311	1	1
380	0	655.9308	1	0.3855	0.000000	1.357564e+01	2.861583e+03	3.860180e+01	88.8844	1	0
381	3	656.6478	4	1.2350	0.076411	9.785441e+00	1.025423e+03	1.966845e+01	81.2910	1	1
381	0	658.0317	4	0.4015	0.000000	1.286922e+01	2.828693e+03	2.799391e+01	90.9053	1	0
382	3	658.7482	3	0.4690	0.178692	1.606656e+01	1.757745e+03	2.075805e+01	69.3031	1	1
382	0	659.4644	3	0.3695	0.000000	6.592118e+00	1.641195e+03	9.115780e+00	52.1106	1	0
383	3	660.1815	1	0.4518	0.184439	9.290512e+00	9.154385e+02	1.838257e+01	100.0000	0	1
383	0	660.8988	1	0.4678	0.000000	1.601890e+01	3.812063e+03	2.209753e+01	88.8642	1	0
384	3	661.5310	2	0.7020	-0.093756	6.006291e+00	6.013707e+02	1.356381e+01	76.6274	1	1
384	0	662.3992	2	0.5681	0.000000	7.897393e+00	1.831329e+03	2.026855e+01	61.4494	1	0
385	3	663.1156	4	0.8014	0.095613	4.141282e+00	4.069124e+02	9.423420e+00	100.0000	1	1
385	0	664.0660	4	0.4680	0.000000	1.047804e+01	2.340409e+03	2.004908e+01	98.1207	1	0
386	3	664.7824	3	0.7522	-0.004641	1.048491e+01	1.006341e+03	1.729941e+01	31.2185	1	1
386	0	665.6986	3	0.3859	0.000000	4.548324e+00	9.425934e+02	8.391153e+00	82.0320	1	0
387	3	666.4154	2	0.6854	0.063122	6.565454e+00	6.317724e+02	9.870800e+00	26.6467	1	1
387	0	667.2500	2	0.3845	0.000000	8.031352e+00	1.571759e+03	1.511315e+01	77.1694	1	0
388	3	667.9658	1	0.7852	0.123786	5.413600e+00	5.207121e+02	1.196769e+01	100.0000	1	1
388	0	668.8995	1	0.4014	0.000000	1.136066e+01	2.547147e+03	2.731963e+01	94.7238	1	0
389	3	669.6168	3	0.5516	0.058891	1.193161e+01	1.142377e+03	1.869863e+01	33.8267	1	1
389	0	670.3328	3	0.3518	0.000000	3.527399e+00	7.515255e+02	1.237866e+01	100.0000	1	0
390	3	671.0498	1	0.8027	0.075907	8.017324e+00	7.707947e+02	1.312566e+01	52.2263	1	1
390	0	672.0165	1	0.3351	0.000000	1.182964e+01	2.391240e+03	3.184585e+01	93.3743	1	0
391	3	672.7341	4	0.8680	0.175890	1.268781e+01	1.292437e+03	4.495756e+01	14.8887	1	1
391	0	673.7498	4	0.4520	0.000000	1.466874e+01	3.226670e+03	2.852012e+01	91.3676	1	0
392	3	674.4672	2	0.7184	0.022778	7.980399e+00	7.748070e+02	1.180488e+01	81.0335	1	1
392	0	675.3336	2	0.2518	0.000000	1.599770e+00	2.955398e+02	6.071247e+00	63.8882	1	0
393	3	676.0508	3	0.9349	0.025909	9.945126e+00	1.033592e+03	1.691856e+01	39.3588	1	1
393	0	677.1348	3	0.4171	0.000000	6.222149e+00	1.312954e+03	1.801275e+01	85.2529	1	0
394	3	677.8511	4	0.7022	0.120546	4.214431e+00	4.426587e+02	1.205370e+01	100.0000	1	1
394	0	678.7175	4	0.5354	0.000000	1.828958e+01	4.515020e+03	3.767465e+01	84.8050	1	0
395	3	679.4351	1	0.5017	0.115731	8.563656e+00	8.764392e+02	1.222942e+01	87.4318	1	1
395	0	680.1510	1	0.4183	0.000000	1.352409e+01	3.096490e+03	2.262219e+01	93.7236	1	0
396	3	680.8680	2	0.5354	0.057859	5.913633e+00	5.932948e+02	8.219606e+00	77.3960	1	1
396	0	681.5846	2	0.2525	0.000000	4.040610e+00	8.925847e+02	1.239081e+01	95.8436	1	0
397	3	682.3020	1	0.4516	0.196772	1.343498e+01	1.384353e+03	2.054139e+01	100.0000	0	1
397	0	683.0188	1	0.4679	0.000000	1.296044e+01	3.025603e+03	1.925682e+01	54.0804	1	0
398	3	683.6519	4	0.5856	0.126235	5.595090e+00	5.598562e+02	1.236334e+01	100.0000	1	1
398	0	684.4020	4	0.4345	0.000000	7.760779e+00	1.586922e+03	1.430930e+01	64.7904	1	0
399	3	685.1190	2	0.4852	0.175962	1.037864e+01	1.104825e+03	1.892719e+01	100.0000	1	1
399	0	685.8356	2	0.4016	0.000000	9.926590e+00	2.241375e+03	2.086493e+01	82.2480	1	0
400	3	686.5528	3	0.7182	0.155750	8.316536e+00	8.297866e+02	1.566692e+01	100.0000	1	1
400	0	687.4364	3	0.5013	0.000000	1.020270e+01	2.451430e+03	1.507165e+01	50.6477	1	0
401	1	700.6873	2	1.0691	0.000000	1.739634e+01	2.405062e+03	3.444050e+01	69.1101	1	1
401	0	701.9049	2	0.2678	0.000000	5.429419e-01	1.048377e+02	1.017563e+00	53.3571	1	0
402	1	702.6211	1	0.5682	-0.357309	1.554299e+01	1.808311e+03	3.336696e+01	100.0000	0	1
402	0	703.3379	1	0.5520	0.000000	1.670726e+01	4.006195e+03	3.125952e+01	49.8871	1	0
403	1	704.0549	3	0.4176	-0.282401	1.348422e+01	1.271694e+03	2.736451e+01	100.0000	0	1
403	0	704.7714	3	0.5194	0.000000	1.095870e+01	2.576386e+03	1.683708e+01	81.4885	1	0
404	1	705.4553	4	0.7680	-0.396392	2.556700e+01	2.648988e+03	3.919102e+01	100.0000	0	1
404	0	706.3717	4	0.4847	0.000000	2.012852e+01	4.996095e+03	3.618193e+01	46.6665	1	0
405	1	707.0055	1	1.2186	-0.090180	1.285989e+01	1.273485e+03	2.372900e+01	76.7377	1	1
405	0	708.3896	1	0.6679	0.000000	4.207135e+00	8.861778e+02	6.572620e+00	79.3976	1	0
406	1	709.2053	2	0.9860	-0.291213	1.197691e+01	1.100340e+03	2.753717e+01	100.0000	0	1
406	0	710.3561	2	0.6852	0.000000	1.529818e+01	3.605343e+03	2.742392e+01	47.3847	1	0
407	1	711.2060	4	0.8352	-0.246774	1.494984e+01	1.599608e+03	2.442292e+01	100.0000	0	1
407	0	712.2061	4	0.5514	0.000000	9.486033e+00	2.369702e+03	1.713781e+01	49.8384	1	0
408	1	712.9066	3	0.7516	-0.204975	7.356765e+00	7.536094e+02	1.967712e+01	100.0000	0	1
408	0	713.8239	3	0.4677	0.000000	2.506247e+01	5.957193e+03	3.165161e+01	67.9984	1	0
409	1	714.4569	4	0.7674	-0.390474	1.820268e+01	1.724851e+03	3.803947e+01	95.0061	0	1
409	0	715.3740	4	0.4506	0.000000	1.326172e+01	2.886985e+03	2.570306e+01	48.3633	1	0
410	1	716.0072	1	1.1677	-0.096809	1.779115e+01	1.771290e+03	2.895868e+01	67.3214	1	1
410	0	717.3410	1	0.5340	0.000000	5.438949e+00	1.059101e+03	8.621098e+00	54.2997	1	0
411	1	718.0576	3	0.9012	-0.086399	4.854518e+00	4.687816e+02	1.085032e+01	87.5375	1	1
411	0	719.1245	3	0.5684	0.000000	7.845177e+00	1.566477e+03	2.133910e+01	69.4668	1	0
412	1	719.8574	2	1.3019	-0.088007	5.277536e+00	5.681613e+02	1.061451e+01	97.4120	1	1
412	0	721.3076	2	0.3348	0.000000	2.619311e+00	5.153380e+02	1.348166e+01	95.3040	1	0
413	1	722.0916	4	1.0183	-0.179384	2.531397e+01	2.446596e+03	3.734176e+01	50.5067	1	1
413	0	723.2749	4	0.3685	0.000000	2.010896e-14	3.969848e-12	2.604591e-14	53.8660	1	0
414	1	723.9911	1	0.7186	-0.138580	1.036398e+01	9.993683e+02	1.578877e+01	94.0828	1	1
414	0	724.8579	1	0.4516	0.000000	4.861687e+00	9.740883e+02	2.559429e+01	59.6398	1	0
415	1	725.5751	3	0.5177	-0.248633	1.240948e+01	1.193761e+03	2.416486e+01	100.0000	0	1
415	0	726.2919	3	0.5514	0.000000	1.456897e+01	3.444884e+03	2.152430e+01	49.9605	1	0
416	1	726.9917	2	0.7516	-0.068494	2.371667e+00	2.510647e+02	7.099808e+00	91.5299	1	1
416	0	727.8916	2	0.4693	0.000000	5.146093e+00	1.021256e+03	7.360332e+00	53.9703	1	0
417	1	728.6082	1	0.6686	-0.100722	6.435570e+00	7.434565e+02	1.011284e+01	95.7466	1	1
417	0	729.4256	1	0.3522	0.000000	5.621450e+00	1.139255e+03	9.376943e+00	52.8139	1	0
418	1	730.1427	4	1.0847	-0.143394	1.720156e+01	1.649832e+03	4.782779e+01	0.0000	1	1
418	0	731.3761	4	0.3342	0.000000	1.246285e-01	2.647441e+01	1.017411e+00	84.1964	1	0
419	1	732.0922	3	0.3856	-0.181905	5.382543e+00	5.198428e+02	1.776461e+01	100.0000	0	1
419	0	732.8099	3	0.4347	0.000000	6.016049e+00	1.426161e+03	1.139857e+01	51.5024	1	0
420	1	733.4430	2	0.8182	-0.023868	1.521313e+01	1.752954e+03	4.553816e+01	16.7876	1	1
420	0	734.4104	2	0.2337	0.000000	3.068576e+00	6.593473e+02	4.321462e+00	54.1093	1	0
421	1	735.1267	4	0.6185	-0.235742	1.102279e+01	1.049923e+03	2.275773e+01	100.0000	0	1
421	0	735.8940	4	0.4841	0.000000	1.748898e+01	4.163838e+03	2.422886e+01	41.9526	1	0
422	1	736.5262	1	0.6361	-0.269334	1.849876e+01	1.742008e+03	2.599453e+01	100.0000	0	1
422	0	737.3262	1	0.5197	0.000000	1.732115e+01	3.864839e+03	2.530162e+01	49.8048	1	0
423	1	738.0103	2	0.8347	-0.041951	9.392467e+00	9.668851e+02	4.245793e+01	1.4818	1	1
423	0	738.9936	2	0.3514	0.000000	7.023708e+00	1.600142e+03	1.165069e+01	54.1415	1	0
424	1	739.7111	3	0.4346	-0.082926	1.467330e+00	1.447172e+02	8.112925e+00	100.0000	1	1
424	0	740.4272	3	0.2684	0.000000	1.036198e+01	2.278811e+03	1.464430e+01	53.9601	1	0
425	1	741.1449	4	0.6504	-0.240267	1.261989e+01	1.291806e+03	2.421533e+01	100.0000	0	1
425	0	741.9434	4	0.4852	0.000000	1.005428e+01	2.301362e+03	1.932476e+01	50.8754	1	0
426	1	742.5780	2	1.0354	-0.141528	4.092871e+00	4.221184e+02	1.360041e+01	100.0000	1	1
426	0	743.7774	2	0.4023	0.000000	6.630699e+00	1.489078e+03	1.289239e+01	50.7670	1	0
427	1	744.4946	3	0.3853	-0.125650	3.281662e+00	3.147477e+02	1.211508e+01	100.0000	1	1
427	0	745.2123	3	0.3337	0.000000	5.263282e+00	9.761703e+02	8.114974e+00	54.6926	1	0
428	1	745.9286	1	0.6853	-0.184543	1.421457e+01	1.333061e+03	2.149694e+01	93.5340	1	1
428	0	746.7611	1	0.4694	0.000000	3.191042e+00	6.315190e+02	4.828349e+00	52.0051	1	0
429	1	747.4785	2	0.8019	-0.034197	1.096913e+00	1.072005e+02	8.140900e+00	0.0000	1	1
429	0	748.4447	2	0.3857	0.000000	3.111244e+00	6.625737e+02	5.336473e+00	53.1116	1	0
430	1	749.1616	1	0.5859	-0.058289	5.303183e+00	5.212558e+02	7.304256e+00	54.8632	1	1
430	0	749.9125	1	0.3677	0.000000	1.493280e+00	3.099784e+02	2.289147e+00	54.2856	1	0
431	1	750.6283	3	0.6184	-0.118917	4.959822e+00	4.823600e+02	1.161990e+01	100.0000	1	1
431	0	751.3949	3	0.4023	0.000000	8.078085e+00	1.743271e+03	1.339281e+01	54.8559	1	0
432	1	752.1121	4	0.5194	-0.087182	1.560590e+00	1.538539e+02	8.616855e+00	100.0000	1	1
432	0	752.8293	4	0.3688	0.000000	4.546729e+00	8.683153e+02	8.617517e+00	52.1576	1	0
433	1	753.5458	1	0.4352	-0.102468	6.368719e+00	6.269605e+02	1.059892e+01	84.3373	1	1
433	0	754.2630	1	0.3518	0.000000	5.446597e+00	1.087004e+03	9.629086e+00	54.3666	1	0
434	1	754.9791	4	0.8024	-0.064179	1.624605e+00	2.802077e+02	6.346984e+00	100.0000	1	1
434	0	755.9472	4	0.3679	0.000000	4.077672e+00	7.697591e+02	7.105548e+00	53.2344	1	0
435	1	756.6629	2	0.4190	-0.269167	9.808050e+00	9.467413e+02	2.550525e+01	100.0000	0	1
435	0	757.3792	2	0.4529	0.000000	6.360935e+00	1.212063e+03	1.236497e+01	50.7214	1	0
436	1	758.0137	3	0.4686	-0.102730	4.344530e+00	4.265808e+02	1.012248e+01	100.0000	1	1
436	0	758.7304	3	0.3189	0.000000	5.250226e+00	1.143833e+03	9.382613e+00	53.5421	1	0
437	1	759.4471	1	0.5009	-0.241856	1.989836e+01	1.852906e+03	2.699886e+01	79.2847	0	1
437	0	760.1644	1	0.5008	0.000000	8.183211e+00	1.643923e+03	1.485452e+01	51.0086	1	0
438	1	760.8141	2	0.5013	-0.355305	7.957256e+00	7.212059e+02	3.363036e+01	100.0000	0	1
438	0	761.5308	2	0.4685	0.000000	2.053445e+01	4.050745e+03	3.851850e+01	46.9105	1	0
439	1	762.1635	4	0.5352	-0.207015	1.515356e+01	1.580803e+03	2.190948e+01	100.0000	0	1
439	0	762.8812	4	0.5343	0.000000	1.361629e+01	3.508572e+03	2.544712e+01	49.4752	1	0
440	1	763.5645	3	0.4677	-0.060168	1.733215e+00	1.826570e+02	6.348569e+00	100.0000	1	1
440	0	764.2805	3	0.4856	0.000000	1.265674e+01	3.160242e+03	1.665229e+01	51.6360	1	0
