Trial	Type	Onset	Target #	Time to Target	Endpoint Error	Est. Avg. Error Mag	Accum. Error x dMagProj	Max Error Mag.	Max Error Pos. (% of trajectory)	Feedback	Target (1)/Return (0)
1	1	0.5336	4	1.1553	0.000000	1.117309e+00	1.104320e+02	5.067722e+00	57.1697	1	1
1	0	1.8528	4	0.5205	0.000000	4.060410e-02	7.655658e+00	1.015691e+00	100.0000	1	0
2	1	2.5876	1	0.9541	-0.036825	4.244302e+00	4.100320e+02	1.008744e+01	78.5735	1	1
2	0	3.6730	1	0.5868	0.000000	1.742341e+00	3.226771e+02	2.797333e+00	53.8273	1	0
3	1	4.4078	2	0.9204	-0.028713	9.649151e-01	9.397910e+01	2.797281e+00	100.0000	1	1
3	0	5.4597	2	0.4532	0.000000	3.126272e+00	6.129928e+02	4.828650e+00	54.6072	1	0
4	1	6.2112	3	0.9544	-0.023742	9.014414e-01	8.689139e+01	2.288983e+00	100.0000	1	1
4	0	7.2966	3	0.5535	0.000000	3.058981e+00	5.739972e+02	4.320853e+00	55.9867	1	0
5	1	8.0481	4	0.9543	0.000000	1.223164e-14	1.170025e-12	2.342886e-14	100.0000	1	1
5	0	9.1502	4	0.5701	0.000000	1.099154e-01	2.323711e+01	1.017413e+00	84.2406	1	0
6	1	9.9016	1	1.1214	0.000000	2.938916e+00	2.833667e+02	1.751226e+01	71.8834	1	1
6	0	11.1708	1	0.5202	0.000000	5.289474e-15	1.041540e-12	6.604944e-15	55.2972	1	0
7	1	11.9223	3	0.9875	0.000000	6.076605e-03	5.797153e-01	7.631754e-01	84.7962	1	1
7	0	13.0411	3	0.3363	0.000000	6.629381e-02	1.263215e+01	1.271845e+00	69.0308	1	0
8	1	13.7925	2	0.7871	0.000000	1.214211e-14	1.164550e-12	2.595644e-14	100.0000	1	1
8	0	14.7111	2	0.4198	0.000000	2.087575e-14	4.222131e-12	2.757652e-14	53.9623	1	0
9	1	15.4625	3	1.0377	-0.039662	5.068023e+00	4.924768e+02	1.008794e+01	39.4999	1	1
9	0	16.6314	3	0.5202	0.000000	2.191659e+00	4.476321e+02	3.813661e+00	56.3129	1	0
10	1	17.3830	2	0.9373	0.000000	1.213955e-14	1.170481e-12	2.601875e-14	100.0000	1	1
10	0	18.4516	2	0.6201	0.000000	2.265590e-14	4.789661e-12	2.832425e-14	54.5126	1	0
11	1	19.2031	4	1.1711	-0.021161	3.050597e+00	2.932931e+02	5.056943e+00	47.3384	1	1
11	0	20.5390	4	0.4031	0.000000	3.046702e+00	5.907677e+02	9.526444e+00	91.7536	1	0
12	1	21.2571	1	0.8206	-0.013297	5.538278e-02	5.297203e+00	1.271903e+00	100.0000	1	1
12	0	22.2257	1	0.4863	0.000000	1.336725e+00	2.710340e+02	4.807533e+00	86.9417	1	0
13	1	22.9771	3	0.7369	0.000000	9.339034e-15	9.075860e-13	1.785204e-14	100.0000	1	1
13	0	23.8455	3	0.4867	0.000000	1.562789e-14	3.113040e-12	1.995503e-14	54.5338	1	0
14	1	24.5969	4	0.6369	0.000000	1.292768e-14	1.243182e-12	2.355348e-14	100.0000	1	1
14	0	25.3651	4	0.4866	0.000000	8.652931e-02	1.780878e+01	1.017179e+00	88.8824	1	0
15	1	26.1166	2	0.6204	0.000000	1.221027e-14	1.195937e-12	2.620568e-14	100.0000	1	1
15	0	26.8679	2	0.4032	0.000000	2.295505e-14	5.577044e-12	2.981971e-14	52.4607	1	0
16	1	27.6194	1	0.6704	0.000000	3.130664e-15	3.010584e-13	5.888370e-15	100.0000	1	1
16	0	28.4210	1	0.3864	0.000000	1.166962e+00	2.303765e+02	8.896062e+00	95.2164	1	0
17	1	29.1725	3	0.7368	0.000000	9.303923e-15	9.041739e-13	1.785204e-14	100.0000	1	1
17	0	30.0409	3	0.5367	0.000000	1.590550e-14	3.212848e-12	2.004850e-14	54.2821	1	0
18	1	30.7922	1	0.7205	0.000000	3.400121e-15	3.511905e-13	6.324546e-15	100.0000	1	1
18	0	31.6441	1	0.3528	0.000000	5.541326e-01	1.201843e+02	3.733633e+00	100.0000	1	0
19	1	32.3954	4	0.7704	0.000000	1.282443e-14	1.262617e-12	2.361579e-14	100.0000	1	1
19	0	33.2972	4	0.5534	0.000000	2.150915e-14	4.601949e-12	2.760368e-14	53.6266	1	0
20	1	34.0486	2	0.7370	0.000000	1.239757e-14	1.207975e-12	2.614337e-14	100.0000	1	1
20	0	34.9170	2	0.3695	0.000000	2.956120e-02	6.219873e+00	7.625996e-01	100.0000	1	0
21	1	35.6685	3	0.6368	0.000000	9.527263e-15	9.186072e-13	1.771184e-14	100.0000	1	1
21	0	36.4366	3	0.4366	0.000000	1.681241e-14	3.614175e-12	2.131029e-14	53.9645	1	0
22	1	37.1881	1	0.5533	0.071876	2.300767e+00	2.189291e+02	6.851149e+00	100.0000	1	1
22	0	37.9227	1	0.3368	0.000000	3.938073e+00	7.344735e+02	6.346917e+00	52.8156	1	0
23	1	38.6742	4	0.6534	0.000000	1.267575e-14	1.228630e-12	2.374041e-14	100.0000	1	1
23	0	39.4592	4	0.4197	0.000000	5.083113e-01	1.006717e+02	3.291786e+00	91.0252	1	0
24	1	40.2106	2	0.6036	0.000000	1.342030e-14	1.300797e-12	2.608106e-14	100.0000	1	1
24	0	40.9453	2	0.3530	0.000000	1.945252e-14	3.904590e-12	2.682879e-14	52.8517	1	0
25	1	41.6968	1	0.5200	0.023312	6.223616e-01	6.109906e+01	2.289006e+00	100.0000	1	1
25	0	42.4483	1	0.3697	0.000000	2.176520e+00	5.143579e+02	1.381377e+01	96.9670	1	0
26	1	43.1831	2	0.5699	0.000000	1.336808e-14	1.350150e-12	2.657955e-14	100.0000	1	1
26	0	43.9345	2	0.3697	0.000000	8.244225e-01	1.984099e+02	5.088063e+00	100.0000	1	0
27	1	44.6692	4	0.6536	0.023995	5.653261e+00	5.391725e+02	8.357159e+00	91.6084	1	1
27	0	45.4542	4	0.3360	0.000000	1.754754e-14	3.254365e-12	2.374041e-14	52.2634	1	0
28	1	46.2055	3	0.4366	0.092117	5.228928e+00	5.735586e+02	1.013298e+01	100.0000	1	1
28	0	46.9403	3	0.4532	0.000000	3.643536e+00	7.842400e+02	5.446548e+00	96.0854	1	0
29	1	47.6919	1	0.7538	0.000000	3.141448e-15	3.060914e-13	5.966259e-15	100.0000	1	1
29	0	48.5767	1	0.5370	0.000000	5.042692e-15	9.942294e-13	6.464745e-15	53.8065	1	0
30	1	49.3283	2	0.6536	-0.105011	5.535692e+00	5.448099e+02	1.037307e+01	100.0000	1	1
30	0	50.1132	2	0.3698	0.000000	6.884378e+00	1.562369e+03	1.164666e+01	52.3236	1	0
31	1	50.8648	4	0.7868	0.000000	1.245562e-14	1.207293e-12	2.374041e-14	100.0000	1	1
31	0	51.7831	4	0.4030	0.000000	2.054362e-14	3.972035e-12	2.598360e-14	54.8684	1	0
32	1	52.5345	3	0.7872	0.000000	9.401060e-15	9.136138e-13	1.785204e-14	100.0000	1	1
32	0	53.4529	3	0.5200	0.000000	9.037347e-01	1.751937e+02	6.895320e+00	96.5166	1	0
33	1	54.2045	1	0.7369	0.000000	4.626961e-01	4.449489e+01	1.271707e+00	60.0383	1	1
33	0	55.0728	1	0.3865	0.000000	3.732126e+00	7.525358e+02	1.382306e+01	95.5281	1	0
34	1	55.8243	3	0.7537	0.000000	9.922838e-15	1.009760e-12	1.869324e-14	100.0000	1	1
34	0	56.7093	3	0.4032	0.000000	1.598510e-14	3.354994e-12	2.051583e-14	53.2121	1	0
35	1	57.4609	4	0.5032	0.000000	1.288006e-14	1.228773e-12	2.336655e-14	100.0000	1	1
35	0	58.2122	4	0.3364	0.000000	6.324589e+00	1.310403e+03	1.176591e+01	90.0072	1	0
36	1	58.9469	2	1.0376	0.000000	1.467983e-14	1.512510e-12	2.608106e-14	100.0000	1	1
36	0	60.1160	2	0.4530	0.000000	2.129057e-14	4.197701e-12	2.732728e-14	54.8387	1	0
37	1	60.8675	3	0.5198	0.000000	9.465508e-15	9.030206e-13	1.752491e-14	100.0000	1	1
37	0	61.6189	3	0.4196	0.000000	7.283703e-01	1.464817e+02	6.770670e+00	100.0000	1	0
38	1	62.3537	2	0.5366	0.000000	1.291003e-14	1.231632e-12	2.589413e-14	100.0000	1	1
38	0	63.1051	2	0.3698	0.000000	1.776536e-14	3.516221e-12	2.626799e-14	49.7429	1	0
39	1	63.8399	4	0.6702	-0.110657	1.060088e+01	1.013192e+03	1.914424e+01	73.4446	1	1
39	0	64.6415	4	0.5199	0.000000	3.736180e+00	9.395681e+02	1.301068e+01	90.3134	1	0
40	1	65.3928	1	0.6705	0.000000	3.139256e-15	3.026832e-13	5.903948e-15	100.0000	1	1
40	0	66.1945	1	0.4362	0.000000	5.079583e-15	9.963338e-13	6.480323e-15	54.2153	1	0
41	2	79.4869	2	1.1379	0.000000	1.358300e-14	1.316568e-12	2.608106e-14	100.0000	1	1
41	0	80.7561	2	0.3699	0.000000	2.042801e-14	4.027636e-12	2.726497e-14	54.5806	1	0
42	2	81.5076	4	0.4865	-0.060993	4.942843e+00	4.932686e+02	6.094322e+00	100.0000	1	1
42	0	82.2590	4	0.3363	0.000000	6.342616e+00	1.471436e+03	9.369906e+00	91.9453	1	0
43	2	82.9938	1	0.8039	0.000000	3.125490e-15	3.037414e-13	5.919526e-15	100.0000	1	1
43	0	83.9457	1	0.3362	0.000000	1.544346e+00	3.068536e+02	1.228831e+01	96.7063	1	0
44	2	84.6970	3	0.5869	0.000000	9.398669e-15	9.038172e-13	1.766511e-14	100.0000	1	1
44	0	85.4151	3	0.3697	0.000000	1.557346e-14	3.086349e-12	1.976810e-14	54.3004	1	0
45	2	86.1666	4	0.6870	0.000000	1.287935e-14	1.258194e-12	2.330424e-14	100.0000	1	1
45	0	86.9848	4	0.4031	0.000000	2.113343e-14	4.290376e-12	2.698057e-14	54.2607	1	0
46	2	87.7363	2	0.6369	0.000000	6.606959e-03	6.471200e-01	2.544022e-01	96.3633	1	1
46	0	88.5044	2	0.3199	0.000000	4.993932e+00	1.019694e+03	1.399989e+01	73.0295	1	0
47	2	89.2560	3	0.5701	0.000000	9.498253e-15	9.085609e-13	1.757164e-14	100.0000	1	1
47	0	89.9740	3	0.5036	0.000000	9.296825e-02	1.862407e+01	1.766572e+00	100.0000	1	0
48	2	90.7255	1	0.6034	0.000000	3.196397e-15	3.114455e-13	5.966259e-15	100.0000	1	1
48	0	91.4770	1	0.3865	0.000000	5.965539e+00	1.407633e+03	2.084906e+01	99.4923	1	0
49	2	92.2285	2	0.7037	0.000000	1.189295e-14	1.140653e-12	2.595644e-14	100.0000	1	1
49	0	93.0633	2	0.4700	0.000000	9.256765e-01	1.801537e+02	3.558846e+00	61.3434	1	0
50	2	93.8148	4	0.5033	0.000000	1.242943e-14	1.192107e-12	2.349117e-14	100.0000	1	1
50	0	94.5496	4	0.3027	0.000000	2.690244e-01	5.012596e+01	2.702848e+00	100.0000	1	0
51	2	95.3011	1	0.5365	0.000000	3.260517e-15	3.218404e-13	6.044147e-15	100.0000	1	1
51	0	96.0525	1	0.3196	0.000000	1.252757e+00	2.450907e+02	4.317338e+00	71.0671	1	0
52	2	96.7873	3	0.7704	0.028863	7.492054e-01	7.335092e+01	2.797269e+00	100.0000	1	1
52	0	97.7057	3	0.4363	0.000000	1.597412e+00	3.457201e+02	2.797591e+00	52.8808	1	0
53	2	98.4572	4	0.6204	0.067256	1.152310e+00	1.129005e+02	6.599527e+00	100.0000	1	1
53	0	99.2252	4	0.4033	0.000000	4.247263e+00	1.025872e+03	9.133693e+00	52.5983	1	0
54	2	99.9767	2	0.6704	0.000000	1.228615e-14	1.172113e-12	2.589413e-14	100.0000	1	1
54	0	100.7783	2	0.3366	0.000000	1.938127e-14	3.722646e-12	2.651724e-14	52.8477	1	0
55	2	101.5299	3	0.5365	0.000000	9.541588e-15	9.175609e-13	1.766511e-14	100.0000	1	1
55	0	102.2646	3	0.4197	0.000000	4.526625e-01	9.106330e+01	4.881312e+00	100.0000	1	0
56	2	103.0159	1	0.5369	0.000000	3.255454e-15	3.163715e-13	5.950681e-15	100.0000	1	1
56	0	103.7674	1	0.3531	0.000000	1.604554e+00	3.890180e+02	5.585969e+00	70.5861	1	0
57	2	104.5022	2	0.6201	0.053657	1.657900e+00	1.646766e+02	5.334777e+00	100.0000	1	1
57	0	105.2538	2	0.3530	0.000000	2.982690e+00	6.148941e+02	5.335956e+00	52.3829	1	0
58	2	106.0052	4	0.4531	0.045062	6.412323e-01	6.143815e+01	4.320463e+00	100.0000	1	1
58	0	106.7401	4	0.3026	0.000000	3.832395e+00	6.825550e+02	6.851968e+00	54.7161	1	0
59	2	107.4915	1	0.5369	0.000000	3.236083e-15	3.144891e-13	5.950681e-15	100.0000	1	1
59	0	108.2428	1	0.3866	0.000000	2.875756e+00	5.479900e+02	9.581926e+00	71.8943	1	0
60	2	108.9776	3	0.7035	0.076975	2.540130e+00	2.422581e+02	7.355844e+00	100.0000	1	1
60	0	109.8126	3	0.4864	0.000000	6.651093e+00	1.278926e+03	8.620261e+00	54.1915	1	0
61	2	110.5641	4	0.6535	0.000000	1.305008e-14	1.281512e-12	2.405197e-14	100.0000	1	1
61	0	111.3488	4	0.4533	0.000000	3.050648e+00	6.529108e+02	1.366800e+01	92.6711	1	0
62	2	112.1004	2	0.8371	0.000000	1.210062e-14	1.172884e-12	2.608106e-14	100.0000	1	1
62	0	113.0689	2	0.4700	0.000000	2.249568e-14	5.728696e-12	3.016242e-14	51.1489	1	0
63	2	113.8205	3	0.8706	0.000000	6.751746e-02	6.887837e+00	1.780822e+00	0.0000	1	1
63	0	114.8223	3	0.4699	0.000000	1.706245e-14	3.746060e-12	2.168416e-14	53.7659	1	0
64	2	115.5737	1	0.6868	0.000000	6.408757e-02	6.277070e+00	5.087950e-01	78.1801	1	1
64	0	116.3921	1	0.5701	0.000000	7.871264e-02	1.896343e+01	5.087991e-01	65.2593	1	0
65	2	117.1435	2	0.6369	0.000000	1.400079e-14	1.342815e-12	2.595644e-14	100.0000	1	1
65	0	117.9283	2	0.3866	0.000000	2.328625e-14	5.633814e-12	3.016242e-14	53.8381	1	0
66	2	118.6798	4	0.4697	0.178944	8.369086e+00	8.108131e+02	1.752386e+01	100.0000	0	1
66	0	119.4146	4	0.4195	0.000000	4.727722e-01	9.255306e+01	1.360323e+01	55.9770	1	0
67	2	120.0825	1	0.9040	-0.010638	2.105618e-01	2.024741e+01	1.272016e+00	0.0000	1	1
67	0	121.1179	1	0.3363	0.000000	5.981858e-01	1.109379e+02	1.271814e+00	65.7121	1	0
68	2	121.8692	3	0.5702	0.000000	9.619978e-15	9.422307e-13	1.799224e-14	100.0000	1	1
68	0	122.6041	3	0.4531	0.000000	1.594465e+00	3.407906e+02	8.375561e+00	95.3128	1	0
69	2	123.3556	4	0.6367	0.000000	1.309687e-14	1.306099e-12	2.405197e-14	100.0000	1	1
69	0	124.1237	4	0.4866	0.000000	2.160731e-14	4.524004e-12	2.747906e-14	54.7995	1	0
70	2	124.8751	2	0.7705	0.000000	1.361516e-14	1.340467e-12	2.601875e-14	100.0000	1	1
70	0	125.7770	2	0.4698	0.000000	2.268628e-14	5.003857e-12	2.876043e-14	54.7866	1	0
71	2	126.5285	3	0.5368	0.000000	1.659066e-01	1.582769e+01	1.780314e+00	78.1110	1	1
71	0	127.2632	3	0.4031	0.000000	5.827451e-01	1.151827e+02	6.017012e+00	100.0000	1	0
72	2	128.0146	1	0.9374	0.000000	3.150559e-15	3.037731e-13	5.841637e-15	100.0000	1	1
72	0	129.1835	1	0.4198	0.000000	6.714498e-01	1.320273e+02	4.857035e+00	100.0000	1	0
73	2	129.9350	2	0.5700	0.000000	1.351507e-14	1.316859e-12	2.614337e-14	100.0000	1	1
73	0	130.6698	2	0.4197	0.000000	3.047451e-01	7.177865e+01	4.600970e+00	100.0000	1	0
74	2	131.4213	4	0.4198	0.023073	4.927234e-01	4.887363e+01	2.289019e+00	100.0000	1	1
74	0	132.1727	4	0.3364	0.000000	1.410919e-01	2.685503e+01	1.671022e+00	100.0000	1	0
75	2	132.9074	1	0.5701	0.000000	3.197292e-15	3.115326e-13	5.966259e-15	100.0000	1	1
75	0	133.6589	1	0.4199	0.000000	5.236154e-15	1.033705e-12	6.589367e-15	54.5103	1	0
76	2	134.3938	3	0.6702	0.000000	9.223867e-15	8.799678e-13	1.752491e-14	100.0000	1	1
76	0	135.1952	3	0.5701	0.000000	1.163926e+00	2.657521e+02	3.560098e+00	53.5600	1	0
77	2	135.9468	4	0.7203	0.000000	1.327470e-14	1.344096e-12	2.479970e-14	100.0000	1	1
77	0	136.8150	4	0.4865	0.000000	2.350484e-14	5.668761e-12	3.078153e-14	52.5316	1	0
78	2	137.5665	2	0.6871	0.000000	1.212178e-14	1.156432e-12	2.589413e-14	100.0000	1	1
78	0	138.4015	2	0.4529	0.000000	9.603271e-01	2.448984e+02	6.297984e+00	94.4602	1	0
79	2	139.1529	3	0.5199	0.034561	1.330532e-01	1.271968e+01	3.305266e+00	100.0000	1	1
79	0	139.8878	3	0.4363	0.000000	2.355558e+00	5.520771e+02	4.829985e+00	52.8220	1	0
80	2	140.6392	1	0.4198	0.000000	3.356025e-15	3.432209e-13	6.262235e-15	100.0000	1	1
80	0	141.3906	1	0.1026	0.000000	4.117889e-15	6.798949e-13	5.389884e-15	53.3128	1	0
81	2	142.1255	2	0.7035	0.042415	2.151174e+01	2.061335e+03	6.512720e+01	0.0000	1	1
81	0	142.9602	2	0.4365	0.000000	6.246072e+00	1.559950e+03	1.415910e+01	53.2537	1	0
82	2	143.7119	4	0.6036	0.000000	1.269494e-14	1.246638e-12	2.405197e-14	100.0000	1	1
82	0	144.4465	4	0.4200	0.000000	2.109090e-14	4.244183e-12	2.660671e-14	54.9937	1	0
83	2	145.1980	1	0.5033	0.000000	3.338635e-15	3.329488e-13	6.106458e-15	100.0000	1	1
83	0	145.9327	1	0.3863	0.000000	8.316933e+00	1.871258e+03	2.197543e+01	80.5447	1	0
84	2	146.6842	3	0.5201	0.057528	2.327980e+00	2.258635e+02	5.587610e+00	100.0000	1	1
84	0	147.4358	3	0.3697	0.000000	9.246222e+00	2.184111e+03	1.290678e+01	53.2468	1	0
85	2	148.1706	4	0.4529	0.000000	1.328860e-14	1.284651e-12	2.367810e-14	100.0000	1	1
85	0	148.9220	4	0.4364	0.000000	5.597211e-01	1.197754e+02	3.540853e+00	91.0364	1	0
86	2	149.6567	2	1.0879	0.000000	1.403347e-14	1.438774e-12	2.614337e-14	100.0000	1	1
86	0	150.8757	2	0.4198	0.000000	2.029875e-14	4.208712e-12	2.745190e-14	52.1472	1	0
87	2	151.6272	3	0.5366	0.000000	1.566207e+00	1.522071e+02	3.299362e+00	49.0974	1	1
87	0	152.3786	3	0.3367	0.000000	4.203630e-07	8.009958e-05	2.544024e-01	53.9386	1	0
88	2	153.1133	1	0.4867	0.048930	2.379386e+00	2.345844e+02	4.827874e+00	100.0000	1	1
88	0	153.8649	1	0.3696	0.000000	2.128550e+00	4.575846e+02	3.558384e+00	67.6100	1	0
89	2	154.5996	2	0.6034	0.000000	1.410160e-14	1.474459e-12	2.701572e-14	100.0000	1	1
89	0	155.3344	2	0.4365	0.000000	1.204706e+00	2.717189e+02	5.760429e+00	89.2199	1	0
90	2	156.0858	4	0.4032	0.026449	1.447624e+00	1.391612e+02	2.543142e+00	100.0000	1	1
90	0	156.8207	4	0.3529	0.000000	1.172451e+00	2.338031e+02	2.797366e+00	50.7685	1	0
91	2	157.5721	1	0.4868	0.000000	3.644804e-15	3.829541e-13	6.433590e-15	100.0000	1	1
91	0	158.3235	1	0.4029	0.000000	2.745798e+00	5.975401e+02	7.348315e+00	70.2923	1	0
92	2	159.0583	3	0.6535	0.000000	9.476557e-15	9.113073e-13	1.766511e-14	100.0000	1	1
92	0	159.8432	3	0.4699	0.000000	1.572008e-14	3.147399e-12	1.990830e-14	54.3837	1	0
93	2	160.5946	4	0.7036	-0.004914	2.631006e-01	2.724165e+01	1.017504e+00	67.3155	1	1
93	0	161.4295	4	0.6037	0.000000	5.422163e-01	1.322884e+02	1.271955e+00	53.2830	1	0
94	2	162.1811	2	0.7537	0.000000	1.311352e-14	1.331112e-12	2.626799e-14	100.0000	1	1
94	0	163.0661	2	0.4699	0.000000	2.205893e-14	5.078734e-12	2.882274e-14	52.2652	1	0
95	2	163.9178	3	0.6868	0.000000	8.390534e-02	8.282163e+00	5.087307e-01	29.8925	1	1
95	0	164.7361	3	0.5033	0.000000	1.495001e-14	2.833481e-12	1.869324e-14	53.6913	1	0
96	2	165.4875	1	0.7537	-0.026172	1.378366e+00	1.339064e+02	2.796530e+00	77.9841	1	1
96	0	166.3725	1	0.5702	0.000000	1.442470e+00	2.704453e+02	2.797355e+00	54.5517	1	0
97	2	167.1240	2	1.0711	0.000000	1.333046e-14	1.346350e-12	2.626799e-14	100.0000	1	1
97	0	168.3263	2	0.5533	0.000000	4.119320e-01	8.876288e+01	4.067246e+00	60.8403	1	0
98	2	169.0778	4	1.0542	0.000000	1.255636e-14	1.223446e-12	2.336655e-14	100.0000	1	1
98	0	170.2634	4	0.5199	0.000000	2.086180e-14	4.160928e-12	2.673133e-14	55.2296	1	0
99	2	171.0148	1	0.5867	-0.035882	6.383306e-01	6.329262e+01	3.559351e+00	100.0000	1	1
99	0	171.7330	1	0.3531	0.000000	3.369904e+00	6.835441e+02	5.588423e+00	54.4221	1	0
100	2	172.4844	3	0.4866	0.064179	2.964936e+00	2.928143e+02	7.103302e+00	95.8151	1	1
100	0	173.2192	3	0.3864	0.000000	3.996330e+00	8.203244e+02	7.361350e+00	53.7928	1	0
101	2	173.9706	4	0.7205	0.000000	1.312691e-14	1.329132e-12	2.479970e-14	100.0000	1	1
101	0	174.8390	4	0.4198	0.000000	2.385411e-14	5.504185e-12	3.034536e-14	53.9140	1	0
102	2	175.5905	2	0.7202	0.000000	1.248162e-14	1.203463e-12	2.589413e-14	100.0000	1	1
102	0	176.4421	2	0.4031	0.000000	2.104335e+00	4.572348e+02	7.661553e+00	91.1643	1	0
103	2	177.1936	3	0.4698	0.000000	1.006996e-14	9.965517e-13	1.817917e-14	100.0000	1	1
103	0	177.9283	3	0.3864	0.000000	2.550321e+00	5.581240e+02	7.664489e+00	100.0000	1	0
104	2	178.6798	1	0.7538	0.000000	2.838982e-02	2.715645e+00	7.631805e-01	91.7519	1	1
104	0	179.5649	1	0.5534	0.000000	9.084486e-01	1.705085e+02	4.293758e+00	91.3578	1	0
105	2	180.3163	2	0.4864	0.000000	1.378899e-14	1.336534e-12	2.608106e-14	100.0000	1	1
105	0	181.0511	2	0.2860	0.000000	1.091083e-01	2.329695e+01	1.518586e+00	100.0000	1	0
106	2	181.8025	4	0.6036	-0.137788	3.554600e+00	3.358989e+02	1.358578e+01	95.8463	1	1
106	0	182.5373	4	0.4697	0.000000	5.697693e+00	1.191679e+03	9.880403e+00	51.6012	1	0
107	2	183.2888	1	1.1878	0.000000	1.228792e+00	1.210575e+02	4.823665e+00	76.6016	1	1
107	0	184.6079	1	0.5869	0.000000	6.136877e-15	1.519087e-12	7.975782e-15	52.6208	1	0
108	2	185.3595	3	0.5700	0.000000	9.717814e-15	9.518133e-13	1.799224e-14	100.0000	1	1
108	0	186.1111	3	0.3863	0.000000	8.549198e+00	2.119782e+03	1.439725e+01	56.4341	1	0
109	2	186.8456	4	0.4197	0.000000	1.314475e-14	1.250680e-12	2.330424e-14	100.0000	1	1
109	0	187.5972	4	0.3196	0.000000	7.720365e-01	1.688547e+02	4.946484e+00	92.9741	1	0
110	2	188.3319	2	0.6202	0.002667	1.342408e-02	1.294329e+00	2.544022e-01	100.0000	1	1
110	0	189.1001	2	0.3696	0.000000	1.747028e-14	3.400039e-12	2.620568e-14	50.3268	1	0
111	2	189.8515	3	0.4030	0.000000	9.910407e-15	9.454645e-13	1.752491e-14	100.0000	1	1
111	0	190.5863	3	0.3531	0.000000	1.781433e+00	3.905562e+02	3.559966e+00	52.8963	1	0
112	2	191.3378	1	0.6202	0.077385	1.132938e+00	1.074728e+02	7.355611e+00	100.0000	1	1
112	0	192.0892	1	0.5200	0.000000	4.054597e+00	8.244707e+02	7.866270e+00	53.9093	1	0
113	2	192.8407	2	0.8203	0.000000	1.367492e-14	1.346350e-12	2.626799e-14	100.0000	1	1
113	0	193.7925	2	0.5364	0.000000	2.174606e-14	4.707959e-12	2.819963e-14	53.7015	1	0
114	2	194.5439	4	0.7705	0.000000	1.223352e-14	1.176429e-12	2.355348e-14	100.0000	1	1
114	0	195.4456	4	0.6035	0.000000	2.040749e-14	4.366244e-12	2.679364e-14	53.0321	1	0
115	2	196.1805	1	0.8038	0.000000	3.233825e-15	3.175604e-13	6.012992e-15	100.0000	1	1
115	0	197.1156	1	0.4864	0.000000	1.306203e-01	2.615218e+01	1.017553e+00	62.5186	1	0
116	2	197.8671	3	0.6870	0.000000	9.382008e-15	9.046019e-13	1.771184e-14	100.0000	1	1
116	0	198.6854	3	0.4032	0.000000	2.465200e-01	4.559414e+01	2.282997e+00	94.4074	1	0
117	2	199.4368	4	0.6703	-0.021217	1.777824e-01	1.704727e+01	2.034767e+00	100.0000	1	1
117	0	200.2550	4	0.4366	0.000000	5.589927e+00	1.373810e+03	1.272863e+01	89.9096	1	0
118	2	201.0066	2	0.6368	0.000000	1.237092e-14	1.180200e-12	2.589413e-14	100.0000	1	1
118	0	201.7747	2	0.4030	0.000000	2.262693e-14	4.818074e-12	2.838656e-14	54.3608	1	0
119	2	202.5262	3	0.8373	0.000000	9.651100e-15	9.624658e-13	1.766511e-14	100.0000	1	1
119	0	203.4946	3	0.5035	0.000000	1.454792e-14	2.720261e-12	1.845957e-14	53.7415	1	0
120	2	204.2462	1	0.8370	0.000000	3.120302e-15	3.064124e-13	6.012992e-15	100.0000	1	1
120	0	205.2147	1	0.3864	0.000000	5.015657e-15	1.043767e-12	6.667255e-15	52.8117	1	0
121	2	205.9661	2	0.5202	0.000000	1.363168e-14	1.369837e-12	2.651724e-14	100.0000	1	1
121	0	206.7010	2	0.2859	0.000000	1.850259e-14	3.779816e-12	2.682879e-14	50.4359	1	0
122	2	207.4524	4	0.3862	-0.143017	7.131361e+00	6.733943e+02	1.359751e+01	100.0000	1	1
122	0	208.2039	4	0.4198	0.000000	1.268820e+01	3.106965e+03	1.416179e+01	52.8173	1	0
123	2	208.9386	1	1.9559	0.000000	2.884493e-15	8.380272e-13	6.168769e-15	100.0000	1	1
123	0	211.0261	1	0.4029	0.000000	8.961675e-01	1.937896e+02	4.065242e+00	71.3417	1	0
124	2	211.7775	3	0.4865	0.000000	9.403171e-15	8.994658e-13	1.757164e-14	100.0000	1	1
124	0	212.5289	3	0.3698	0.000000	4.095295e-01	7.751408e+01	3.813154e+00	56.8941	1	0
125	2	213.2638	4	0.6199	-0.055499	3.408891e+00	3.273092e+02	6.586742e+00	74.6687	1	1
125	0	214.0151	4	0.5033	0.000000	2.366103e+00	5.361990e+02	4.321687e+00	54.1216	1	0
126	2	214.7667	2	0.9373	0.000000	1.271002e-14	1.212550e-12	2.589413e-14	100.0000	1	1
126	0	215.8353	2	0.4532	0.000000	1.969654e-14	4.113917e-12	2.745190e-14	52.2533	1	0
127	2	216.5868	3	0.5704	0.000000	1.068335e-14	1.062691e-12	1.827264e-14	100.0000	1	1
127	0	217.3049	3	0.3863	0.000000	9.938635e+00	2.481621e+03	1.727637e+01	89.3667	1	0
128	2	218.0564	1	0.5031	0.000000	3.067062e-15	2.926013e-13	5.841637e-15	100.0000	1	1
128	0	218.7911	1	0.2362	0.000000	7.356661e-01	1.462566e+02	6.173733e+00	100.0000	1	0
129	2	219.5426	2	0.7370	0.000000	1.284404e-14	1.238407e-12	2.601875e-14	100.0000	1	1
129	0	220.4109	2	0.4865	0.000000	1.236993e-01	2.835402e+01	1.271941e+00	54.9420	1	0
130	2	221.1625	4	0.3862	0.000000	1.255207e-14	1.203869e-12	2.349117e-14	100.0000	1	1
130	0	221.8972	4	0.3862	0.000000	1.503410e+00	3.433804e+02	7.080175e+00	92.7823	1	0
131	2	222.6486	1	0.8707	0.000000	3.076327e-15	2.950505e-13	5.872793e-15	100.0000	1	1
131	0	223.6505	1	0.4366	0.000000	4.725785e-15	8.740391e-13	6.090880e-15	54.0578	1	0
132	2	224.4020	3	0.7369	0.000000	2.725642e-02	2.718174e+00	2.544021e-01	88.5200	1	1
132	0	225.2703	3	0.4198	0.000000	3.282331e-04	6.479874e-02	2.544024e-01	53.7373	1	0
133	2	226.0218	4	0.7035	0.000000	1.077454e-14	1.208815e-12	2.336655e-14	100.0000	1	1
133	0	226.8566	4	0.3865	0.000000	1.951168e-14	3.757620e-12	2.536049e-14	54.8217	1	0
134	2	227.6081	2	0.2694	0.112385	5.677658e+00	5.468500e+02	1.087032e+01	100.0000	1	1
134	0	228.3430	2	0.3697	0.000000	2.516869e+00	6.321401e+02	1.320963e+01	73.7658	1	0
135	2	229.0944	3	0.4366	0.000000	6.832656e-01	7.248498e+01	1.779602e+00	45.2927	1	1
135	0	229.8459	3	0.5034	0.000000	1.066016e+00	2.365047e+02	4.308511e+00	86.4303	1	0
136	2	230.5806	1	0.6369	0.000000	3.232595e-15	3.166172e-13	5.997414e-15	100.0000	1	1
136	0	231.3487	1	0.5868	0.000000	1.990741e+00	3.892495e+02	6.335056e+00	70.5331	1	0
137	2	232.1002	2	0.6369	0.100417	5.254871e+00	5.280581e+02	1.012486e+01	100.0000	1	1
137	0	232.8685	2	0.4362	0.000000	7.523017e+00	1.816620e+03	1.391213e+01	53.6547	1	0
138	2	233.6199	4	0.3863	0.000000	1.332347e-14	1.281243e-12	2.355348e-14	100.0000	1	1
138	0	234.3548	4	0.3530	0.000000	1.410700e+00	3.132422e+02	6.772150e+00	100.0000	1	0
139	2	235.1061	1	0.7371	0.000000	4.910928e-01	4.710070e+01	2.541545e+00	59.8884	1	1
139	0	235.9745	1	0.5537	0.000000	5.090141e-01	1.090729e+02	6.660119e+00	96.1956	1	0
140	2	236.7259	3	0.6871	0.000000	9.509096e-15	9.337895e-13	1.803898e-14	100.0000	1	1
140	0	237.5441	3	0.4867	0.000000	1.481797e-14	2.902699e-12	1.888017e-14	52.4675	1	0
141	2	238.2957	4	0.7370	0.000000	1.250386e-14	1.211969e-12	2.374041e-14	100.0000	1	1
141	0	239.1641	4	0.5868	0.000000	2.122153e-14	4.286667e-12	2.679364e-14	54.1562	1	0
142	2	239.8987	2	0.6369	0.000000	1.465225e-14	1.479849e-12	2.657955e-14	100.0000	1	1
142	0	240.6670	2	0.4197	0.000000	7.565440e-01	1.717427e+02	5.261172e+00	93.3307	1	0
143	2	241.4184	3	0.6204	0.000000	9.410908e-15	9.049942e-13	1.766511e-14	100.0000	1	1
143	0	242.1865	3	0.4866	0.000000	4.746571e-02	9.747330e+00	1.267764e+00	100.0000	1	0
144	2	242.9382	1	0.7868	0.000000	3.046107e-15	2.898272e-13	5.826059e-15	100.0000	1	1
144	0	243.8564	1	0.5700	0.000000	5.103430e-15	9.919229e-13	6.449167e-15	54.7120	1	0
145	2	244.6080	2	0.7535	0.000000	1.239532e-14	1.188835e-12	2.595644e-14	100.0000	1	1
145	0	245.4930	2	0.3861	0.000000	1.844447e+00	3.413084e+02	6.187124e+00	90.7173	1	0
146	2	246.2444	4	0.6035	0.000000	1.305315e-14	1.295098e-12	2.367810e-14	100.0000	1	1
146	0	246.9792	4	0.4367	0.000000	2.162568e-14	4.560860e-12	2.772830e-14	53.6791	1	0
147	2	247.7305	1	0.6704	0.000000	3.998377e-03	3.875530e-01	5.087974e-01	88.7124	1	1
147	0	248.5322	1	0.4870	0.000000	3.319052e-01	6.543923e+01	1.780356e+00	68.3974	1	0
148	2	249.2838	3	0.7371	0.000000	9.456924e-15	9.214486e-13	1.789878e-14	100.0000	1	1
148	0	250.1520	3	0.5701	0.000000	2.910160e-01	5.857461e+01	1.271690e+00	81.2791	1	0
149	2	250.9036	4	0.7036	-0.070197	1.106742e+00	1.078522e+02	6.851968e+00	100.0000	1	1
149	0	251.7384	4	0.4032	0.000000	4.911853e+00	1.009585e+03	9.125984e+00	52.5995	1	0
150	2	252.4900	2	0.6203	0.005063	4.610356e-01	4.632852e+01	1.271861e+00	81.2570	1	1
150	0	253.2581	2	0.4697	0.000000	5.192726e-01	1.229985e+02	2.034929e+00	53.8239	1	0
151	2	254.0095	3	0.5033	0.000000	9.672524e-15	9.375345e-13	1.780531e-14	100.0000	1	1
151	0	254.7443	3	0.4362	0.000000	1.483040e-14	2.852313e-12	1.892690e-14	53.5714	1	0
152	2	255.4958	1	0.5534	0.000000	3.396496e-15	3.378550e-13	6.090880e-15	100.0000	1	1
152	0	256.2473	1	0.3361	0.000000	1.148439e+00	2.188315e+02	4.303882e+00	85.0250	1	0
153	2	256.9820	2	0.5535	0.119134	4.831250e+00	4.893697e+02	1.212480e+01	100.0000	1	1
153	0	257.7335	2	0.3193	0.000000	8.431003e+00	2.094470e+03	1.615607e+01	52.0272	1	0
154	2	258.4681	4	0.3195	0.000000	1.365741e-14	1.355050e-12	2.430121e-14	100.0000	1	1
154	0	259.2197	4	0.3196	0.000000	1.861377e-14	3.783586e-12	2.542280e-14	51.8148	1	0
155	2	259.9710	1	0.8039	0.000000	3.150293e-15	3.053503e-13	5.935103e-15	100.0000	1	1
155	0	260.9062	1	0.5199	0.000000	3.327327e-02	6.407872e+00	5.087912e-01	75.5624	1	0
156	2	261.6577	3	0.7037	0.000000	9.435101e-15	9.001197e-13	1.752491e-14	100.0000	1	1
156	0	262.4927	3	0.6535	0.000000	6.562533e+00	1.358997e+03	1.929667e+01	97.2871	1	0
157	2	263.2775	4	0.6368	0.000000	1.299613e-14	1.259684e-12	2.374041e-14	100.0000	1	1
157	0	264.0458	4	0.4528	0.000000	2.060288e-14	4.187909e-12	2.654440e-14	53.5670	1	0
158	2	264.7972	2	0.4197	0.000000	1.417916e-14	1.395995e-12	2.626799e-14	100.0000	1	1
158	0	265.5319	2	0.2194	0.000000	1.347799e-01	2.204745e+01	1.778911e+00	86.3393	1	0
159	2	266.2834	3	1.0040	0.010666	9.856754e-02	9.949796e+00	1.780508e+00	93.9885	1	1
159	0	267.4190	3	0.4865	0.000000	6.905467e-01	1.477430e+02	1.780595e+00	52.0747	1	0
160	2	268.1704	1	0.8873	0.000000	3.236579e-15	3.186542e-13	5.935103e-15	100.0000	1	1
160	0	269.1889	1	0.3030	0.000000	1.603401e+00	3.210833e+02	4.820705e+00	72.3750	1	0
161	2	269.9405	2	0.4697	0.000000	1.474246e-14	1.533966e-12	2.695341e-14	100.0000	1	1
161	0	270.6752	2	0.3028	0.000000	2.321769e-14	5.546346e-12	2.994433e-14	53.7806	1	0
162	2	271.4268	4	0.3697	0.000000	1.331861e-14	1.328213e-12	2.442583e-14	100.0000	1	1
162	0	272.1782	4	0.3365	0.000000	2.002725e-14	4.111660e-12	2.635747e-14	52.6642	1	0
163	2	272.9129	1	0.5867	-0.013123	4.639653e-01	4.496716e+01	1.271906e+00	100.0000	1	1
163	0	273.6643	1	0.3697	0.000000	7.004662e+00	1.708889e+03	1.185058e+01	70.5010	1	0
164	2	274.3992	3	0.5367	0.033236	5.126995e-01	5.097089e+01	3.305414e+00	100.0000	1	1
164	0	275.1505	3	0.3362	0.000000	5.310798e+00	1.027527e+03	6.282889e+00	85.4600	1	0
165	2	275.9022	4	0.3696	0.000000	1.324113e-14	1.263219e-12	2.336655e-14	100.0000	1	1
165	0	276.6368	4	0.4200	0.000000	1.883680e-01	4.582190e+01	1.270294e+00	96.8564	1	0
166	2	277.3884	2	0.6868	0.000000	1.441310e-14	1.543697e-12	2.732728e-14	100.0000	1	1
166	0	278.2065	2	0.4029	0.000000	2.202115e-14	5.663874e-12	3.016242e-14	50.6429	1	0
167	2	278.9579	3	0.4367	0.063852	2.348501e+00	2.331332e+02	6.347118e+00	100.0000	1	1
167	0	279.6928	3	0.4364	0.000000	3.581195e+00	7.733394e+02	6.603709e+00	53.5160	1	0
168	2	280.4443	1	0.5366	0.000000	3.505145e-15	3.424204e-13	5.981836e-15	100.0000	1	1
168	0	281.1958	1	0.3696	0.000000	2.670441e+00	5.023878e+02	5.810160e+00	79.8337	1	0
169	2	281.9305	2	0.5365	0.000000	1.442261e-14	1.375934e-12	2.589413e-14	100.0000	1	1
169	0	282.6820	2	0.3531	0.000000	1.277558e+00	3.100661e+02	2.025837e+00	91.3400	1	0
170	2	283.4168	4	0.9874	0.000000	1.285038e-14	1.248825e-12	2.330424e-14	100.0000	1	1
170	0	284.5355	4	0.5200	0.000000	1.912373e-14	3.624526e-12	2.486201e-14	54.3624	1	0
171	2	285.2870	1	0.5701	-0.021217	8.230708e-01	7.892293e+01	3.304949e+00	92.5296	1	1
171	0	286.0384	1	0.3030	0.000000	3.583642e+00	6.657714e+02	5.833448e+00	64.4678	1	0
172	2	286.7733	3	0.3694	0.000000	9.992461e-15	1.001593e-12	1.841284e-14	100.0000	1	1
172	0	287.5248	3	0.2361	0.000000	1.485328e-14	2.883165e-12	1.902037e-14	53.3421	1	0
173	2	288.2595	4	0.3196	0.000000	1.510950e-14	1.518342e-12	2.461276e-14	100.0000	1	1
173	0	289.0109	4	0.3197	0.000000	5.330859e+00	6.773265e+02	5.832043e+00	56.4779	1	0
174	2	289.7456	2	0.4865	0.000000	1.374689e-14	1.353436e-12	2.626799e-14	100.0000	1	1
174	0	290.4972	2	0.3861	0.000000	2.226162e-14	5.374592e-12	2.932122e-14	51.5279	1	0
175	2	291.2486	3	0.3532	-0.126268	2.459036e+00	2.395540e+02	1.236651e+01	100.0000	1	1
175	0	291.9834	3	0.3696	0.000000	6.273901e-01	1.260919e+02	6.597764e+00	62.7750	1	0
176	2	292.7348	1	0.5867	0.000000	3.092401e-15	2.965921e-13	5.872793e-15	100.0000	1	1
176	0	293.4529	1	0.4865	0.000000	1.683636e+00	3.244219e+02	5.288044e+00	88.3899	1	0
177	2	294.2043	2	0.5703	0.000000	1.413316e-14	1.448994e-12	2.676648e-14	100.0000	1	1
177	0	294.9224	2	0.3531	0.000000	3.081567e-01	6.722280e+01	1.506736e+00	100.0000	1	0
178	2	295.6739	4	0.5199	0.000000	1.266516e-14	1.224382e-12	2.355348e-14	100.0000	1	1
178	0	296.4086	4	0.4198	0.000000	2.036960e-14	4.067940e-12	2.617053e-14	53.5032	1	0
179	2	297.1601	1	0.7872	-0.005291	2.306096e+00	2.218318e+02	5.833687e+00	78.0478	1	1
179	0	298.0785	1	0.3697	0.000000	1.254402e+00	2.543416e+02	3.303083e+00	73.6921	1	0
180	2	298.8300	3	0.6536	0.000000	9.424674e-15	9.015226e-13	1.757164e-14	100.0000	1	1
180	0	299.6149	3	0.4367	0.000000	1.538064e+00	2.947412e+02	5.848176e+00	96.5637	1	0
181	2	300.3663	4	0.4031	0.000000	1.449954e-14	1.534511e-12	2.592129e-14	100.0000	1	1
181	0	301.1010	4	0.4030	0.000000	5.343989e-01	1.259090e+02	4.818731e+00	100.0000	1	0
182	2	301.8526	2	0.8874	0.000000	1.301806e-14	1.268433e-12	2.601875e-14	100.0000	1	1
182	0	302.8879	2	0.5199	0.000000	1.980834e-14	3.724046e-12	2.639262e-14	53.4506	1	0
183	2	303.6393	3	0.7037	-0.050222	1.618595e+00	1.554549e+02	4.827565e+00	100.0000	1	1
183	0	304.4743	3	0.3696	0.000000	3.198992e+00	6.299989e+02	5.840750e+00	55.1343	1	0
184	2	305.2257	1	0.5201	0.000000	3.188140e-15	3.082077e-13	5.919526e-15	100.0000	1	1
184	0	305.9606	1	0.4198	0.000000	5.026451e-15	9.986997e-13	6.495900e-15	53.3931	1	0
185	2	306.7120	2	0.5367	-0.055062	2.150131e+00	2.080911e+02	5.334369e+00	100.0000	1	1
185	0	307.4635	2	0.3863	0.000000	4.600356e+00	1.119197e+03	5.083670e+00	50.6900	1	0
186	2	308.1983	4	0.8205	0.000000	1.262374e-14	1.207531e-12	2.342886e-14	100.0000	1	1
186	0	309.1501	4	0.5533	0.000000	2.005669e-14	4.133013e-12	2.623285e-14	52.2222	1	0
187	2	309.9016	1	0.9040	-0.005208	1.643739e+00	1.605760e+02	5.820669e+00	58.0290	1	1
187	0	310.9368	1	0.4366	0.000000	2.590756e+00	5.655047e+02	7.347580e+00	67.5182	1	0
188	2	311.6884	3	0.6201	0.000000	9.262375e-15	8.836415e-13	1.752491e-14	100.0000	1	1
188	0	312.4397	3	0.5367	0.000000	1.528178e-14	3.393990e-12	2.154396e-14	52.8064	1	0
189	2	313.1913	4	0.6702	0.000000	1.247066e-14	1.208751e-12	2.374041e-14	100.0000	1	1
189	0	313.9928	4	0.5865	0.000000	3.170686e+00	6.593601e+02	1.361726e+01	55.7821	1	0
190	2	314.7444	2	0.8038	0.000000	1.252417e-14	1.220310e-12	2.589413e-14	100.0000	1	1
190	0	315.6794	2	0.4032	0.000000	2.088470e-14	3.905153e-12	2.676648e-14	54.8299	1	0
191	2	316.4309	3	0.6537	0.000000	9.249321e-15	8.894552e-13	1.766511e-14	100.0000	1	1
191	0	317.2158	3	0.5699	0.000000	2.210664e-01	4.712911e+01	2.289113e+00	58.7226	1	0
192	2	317.9671	1	0.7706	0.000000	3.107669e-15	3.020095e-13	5.950681e-15	100.0000	1	1
192	0	318.8856	1	0.5368	0.000000	5.157974e-15	9.894025e-13	6.449167e-15	54.9072	1	0
193	2	319.6370	2	0.8372	0.002558	4.931174e+00	4.905103e+02	1.704501e+01	0.0000	1	1
193	0	320.6055	2	0.3700	0.000000	2.307065e-14	5.229497e-12	2.900967e-14	53.3109	1	0
194	2	321.3571	4	0.4532	0.000000	1.290517e-14	1.286981e-12	2.442583e-14	100.0000	1	1
194	0	322.2923	4	0.2362	0.000000	2.257493e-14	5.186050e-12	2.947301e-14	52.3810	1	0
195	2	322.8434	1	0.5868	-0.029403	2.023570e+00	1.924530e+02	5.076330e+00	78.4623	1	1
195	0	323.5614	1	0.3363	0.000000	4.271885e+00	7.473896e+02	8.087498e+00	69.4338	1	0
196	2	324.3129	3	0.3528	0.000000	9.676778e-15	9.502558e-13	1.803898e-14	100.0000	1	1
196	0	325.0476	3	0.2028	0.000000	1.558630e-14	3.195954e-12	2.009523e-14	53.3499	1	0
197	2	325.7992	4	0.2529	1.570796	5.367022e+01	1.250744e-12	9.514677e+01	100.0000	0	1
197	0	326.5506	4	-0.0133	0.000000	1.807013e-15	1.333158e-14	1.807013e-15	100.0000	1	0
198	2	327.3354	2	0.7703	0.000000	1.154905e-14	1.225194e-12	2.595644e-14	100.0000	1	1
198	0	328.2372	2	0.2862	0.000000	2.025059e-14	4.085389e-12	2.714034e-14	52.3329	1	0
199	2	328.9886	3	0.8370	0.055352	1.654332e+01	1.592644e+03	2.390848e+01	0.5284	1	1
199	0	329.9572	3	0.3697	0.000000	6.875841e-02	1.294434e+01	5.087598e-01	88.3802	1	0
200	2	330.7086	1	0.5034	-0.062745	2.095070e+00	2.032025e+02	6.093660e+00	100.0000	1	1
200	0	331.4434	1	0.2862	0.000000	3.135523e+00	6.563193e+02	6.096275e+00	52.4374	1	0
201	1	344.7359	3	0.7535	-0.008000	2.643350e-02	2.521707e+00	7.631850e-01	100.0000	1	1
201	0	345.6211	3	0.3696	0.000000	2.821957e-01	6.052022e+01	1.780566e+00	58.0142	1	0
202	1	346.3723	2	0.4032	0.000000	5.765236e-01	5.969445e+01	7.123288e+00	0.0000	1	1
202	0	347.1239	2	0.2860	0.000000	5.357178e+00	1.238303e+03	1.063930e+01	49.6445	1	0
203	1	347.8587	4	0.7371	0.000000	1.285018e-14	1.252075e-12	2.386503e-14	100.0000	1	1
203	0	348.7270	4	0.4866	0.000000	2.150021e-14	4.561748e-12	2.754137e-14	52.9976	1	0
204	1	349.4785	1	0.4029	-0.222801	7.327701e+00	6.981549e+02	2.158599e+01	100.0000	0	1
204	0	350.2132	1	0.3197	0.000000	1.211784e+01	2.066087e+03	3.386073e+01	62.8670	1	0
205	1	350.8812	2	0.5366	0.000000	1.228341e-14	1.178101e-12	2.595644e-14	100.0000	1	1
205	0	351.6325	2	0.2531	0.000000	1.224713e+00	2.364051e+02	4.681804e+00	100.0000	1	0
206	1	352.3676	4	0.7870	0.000000	1.245240e-14	1.213317e-12	2.374041e-14	100.0000	1	1
206	0	353.2859	4	0.3861	0.000000	1.945862e-14	3.722651e-12	2.473739e-14	53.8564	1	0
207	1	354.0373	1	0.5035	0.000000	3.101545e-15	2.951020e-13	5.826059e-15	100.0000	1	1
207	0	354.7722	1	0.3194	0.000000	4.620689e-15	8.522504e-13	5.981836e-15	53.2414	1	0
208	1	355.5236	3	0.7203	0.000000	9.197697e-15	8.774711e-13	1.752491e-14	100.0000	1	1
208	0	356.3919	3	0.4864	0.000000	3.587543e+00	6.568321e+02	1.445294e+01	86.2493	1	0
209	1	357.1434	1	0.9208	0.144489	1.176763e+00	1.137797e+02	1.384637e+01	100.0000	0	1
209	0	358.1953	1	0.4698	0.000000	9.751228e+00	2.118999e+03	1.781799e+01	49.3125	1	0
210	1	358.8633	3	0.6536	0.013333	1.110268e+00	1.059115e+02	1.780445e+00	90.6555	1	1
210	0	359.6482	3	0.3527	0.000000	1.558699e+00	3.060762e+02	5.763120e+00	90.8149	1	0
211	1	360.3998	2	0.8703	0.000000	1.218567e-14	1.187327e-12	2.595644e-14	100.0000	1	1
211	0	361.4017	2	0.3863	0.000000	2.197152e-14	4.767949e-12	2.832425e-14	53.5756	1	0
212	1	362.1530	4	0.7705	0.000000	1.352499e-14	1.452017e-12	2.517356e-14	100.0000	1	1
212	0	363.0547	4	0.3699	0.000000	2.057951e+00	4.324763e+02	8.759910e+00	94.8052	1	0
213	1	363.8062	3	0.5867	0.111241	1.036191e+01	9.850477e+02	1.381669e+01	90.9038	1	1
213	0	364.5244	3	0.4700	0.000000	3.182207e+00	6.122785e+02	5.841719e+00	53.0662	1	0
214	1	365.2758	2	0.6201	0.000000	1.245868e-14	1.207590e-12	2.608106e-14	100.0000	1	1
214	0	366.0273	2	0.3365	0.000000	1.972116e-14	3.757827e-12	2.664186e-14	53.2710	1	0
215	1	366.7787	1	0.5535	-0.246197	1.162228e+01	1.106889e+03	2.393299e+01	100.0000	1	1
215	0	367.5135	1	0.3696	0.000000	3.587091e+00	8.499231e+02	6.097489e+00	49.6459	1	0
216	1	368.2650	4	0.5533	-0.047583	3.244652e-01	3.116668e+01	4.574073e+00	100.0000	1	1
216	0	369.0164	4	0.2696	0.000000	6.128642e+00	1.132856e+03	1.226016e+01	92.7340	1	0
217	1	369.7512	2	0.5534	0.000000	1.209594e-14	1.160121e-12	2.595644e-14	100.0000	1	1
217	0	370.5025	2	0.2864	0.000000	2.035815e-14	3.930996e-12	2.682879e-14	53.3597	1	0
218	1	371.2374	1	0.4364	0.000000	3.494662e-15	3.556212e-13	5.088063e-01	0.0000	1	1
218	0	371.9889	1	0.4364	0.000000	3.459559e-02	8.450889e+00	1.268151e+00	100.0000	1	0
219	1	372.7404	4	0.6201	0.093064	4.454154e+00	4.255822e+02	9.115926e+00	99.1727	1	1
219	0	373.5085	4	0.3698	0.000000	1.814030e-14	3.401218e-12	2.398966e-14	52.2388	1	0
220	1	374.2600	3	0.6035	0.000000	9.693140e-15	9.272029e-13	1.757164e-14	100.0000	1	1
220	0	375.0114	3	0.4031	0.000000	7.582337e-01	1.483508e+02	5.461082e+00	100.0000	1	0
221	1	375.7629	2	0.9876	0.000000	1.150745e-14	1.138810e-12	2.589413e-14	100.0000	1	1
221	0	376.8817	2	0.2192	0.000000	1.795990e-14	3.413083e-12	2.608106e-14	51.0040	1	0
222	1	377.6331	1	0.5533	-0.010362	1.449514e-01	1.423340e+01	1.272016e+00	0.0000	1	1
222	0	378.3681	1	0.3195	0.000000	1.263959e+00	2.958382e+02	4.320813e+00	62.7582	1	0
223	1	379.1195	3	0.4531	-0.062109	1.800764e+00	1.838091e+02	6.347815e+00	100.0000	1	1
223	0	379.8707	3	0.1527	0.000000	3.115298e+00	6.681228e+02	5.336553e+00	52.8469	1	0
224	1	380.6057	4	0.8038	0.000000	1.248250e-14	1.225777e-12	2.380272e-14	100.0000	1	1
224	0	381.5575	4	0.1693	0.000000	1.823289e-14	3.706164e-12	2.523587e-14	50.6884	1	0
225	1	382.3090	2	0.6369	0.000000	1.350583e-14	1.295344e-12	2.595644e-14	100.0000	1	1
225	0	383.0771	2	0.1357	0.000000	1.656649e+00	2.975768e+02	9.975692e+00	100.0000	1	0
226	1	383.8285	3	0.5203	0.065894	3.712522e+00	3.713165e+02	6.600126e+00	100.0000	1	1
226	0	384.5634	3	0.1360	0.000000	6.877885e+00	1.413294e+03	7.614008e+00	53.7284	1	0
227	1	385.3148	4	0.5366	0.228550	1.037693e+01	1.088061e+03	2.403540e+01	100.0000	0	1
227	0	386.0663	4	0.4700	0.000000	1.294329e+01	2.549287e+03	2.336219e+01	54.2600	1	0
228	1	386.7175	1	0.8038	0.000000	3.123940e-15	3.035908e-13	2.544031e-01	0.0000	1	1
228	0	387.6527	1	0.4033	0.000000	4.849377e-15	8.808594e-13	6.090880e-15	55.6022	1	0
229	1	388.4041	2	0.6870	0.000000	1.468214e-14	1.460456e-12	2.639262e-14	100.0000	1	1
229	0	389.2224	2	0.2695	0.000000	2.040206e-14	4.261275e-12	2.738959e-14	51.5225	1	0
230	1	389.9738	1	0.6371	0.000000	3.328101e-15	3.293583e-13	1.780822e+00	0.0000	1	1
230	0	390.7420	1	0.2028	0.000000	1.893219e+00	4.309478e+02	3.306033e+00	53.7385	1	0
231	1	391.4935	3	0.5033	0.091368	3.712772e+00	3.593096e+02	8.866969e+00	100.0000	1	1
231	0	392.2283	3	0.3196	0.000000	6.191025e+00	1.355104e+03	1.088951e+01	51.9489	1	0
232	1	392.9798	4	1.3716	0.000000	1.191146e-14	1.215156e-12	2.361579e-14	100.0000	1	1
232	0	394.4993	4	0.2194	0.000000	1.814878e-14	3.679834e-12	2.536049e-14	51.0665	1	0
233	1	395.2508	3	0.4698	0.000000	1.009136e-14	1.003804e-12	1.827264e-14	100.0000	1	1
233	0	396.0022	3	0.3194	0.000000	1.661203e+00	3.556449e+02	6.014090e+00	88.2977	1	0
234	1	396.7370	2	0.7036	0.000000	1.277241e-14	1.354976e-12	2.626799e-14	100.0000	1	1
234	0	397.5720	2	0.2694	0.000000	2.000204e-14	3.913120e-12	2.714034e-14	53.9662	1	0
235	1	398.3234	4	0.8871	0.000000	1.224110e-14	1.177158e-12	2.355348e-14	100.0000	1	1
235	0	399.3420	4	0.2696	0.000000	1.761765e-14	3.666265e-12	2.536049e-14	49.7555	1	0
236	1	400.0936	1	0.5532	0.000000	3.343986e-15	3.249752e-13	5.950681e-15	100.0000	1	1
236	0	400.8283	1	0.3863	0.000000	5.430898e-15	1.159194e-12	6.994387e-15	53.5161	1	0
237	1	401.5798	4	0.9206	-0.021273	3.276343e-01	3.166643e+01	2.034765e+00	100.0000	1	1
237	0	402.6317	4	0.4367	0.000000	1.833180e+00	3.427263e+02	2.542665e+00	68.9962	1	0
238	1	403.3833	3	1.0543	0.033666	1.342650e+00	1.317730e+02	4.066710e+00	96.5981	1	1
238	0	404.5688	3	0.4033	0.000000	1.664451e+00	3.457366e+02	3.563995e+00	100.0000	1	0
239	1	405.3203	2	1.0043	0.000000	4.909816e-01	5.058744e+01	3.557294e+00	75.7171	1	1
239	0	406.4558	2	0.3364	0.000000	2.010824e-14	3.862277e-12	2.695341e-14	54.1722	1	0
240	1	407.2073	1	0.5866	0.000000	3.187654e-15	3.041060e-13	5.841637e-15	100.0000	1	1
240	0	407.9254	1	0.4367	0.000000	2.312810e-02	4.142238e+00	2.544016e-01	69.3184	1	0
