Trial	Type	Target/Home(1,0)	Target #	Time(s)	Xpos	Ypos	Xvel	Yvel	Xaccel	Yaccel	Xerror	Yerror	Xprojection	Yprojection
1	1	0	3	0.555098	0.00	0.00	0.00	0.00	0.00	0.00	0.00	0.00	-0.00	-0.00
1	1	1	3	0.584221	0.00	0.00	0.00	0.00	0.00	0.00	0.00	0.00	-0.00	-0.00
1	1	1	3	0.599229	0.00	0.00	0.00	0.00	0.00	0.00	0.00	0.00	-0.00	-0.00
1	1	1	3	0.615322	0.00	0.00	0.00	0.00	0.00	0.00	0.00	0.00	-0.00	-0.00
1	1	1	3	0.632835	0.00	0.00	0.00	0.00	0.00	0.00	0.00	0.00	-0.00	-0.00
1	1	1	3	0.649076	0.00	0.00	0.00	0.00	0.00	0.00	0.00	0.00	-0.00	-0.00
1	1	1	3	0.666594	0.00	0.00	0.00	0.00	0.00	0.00	0.00	0.00	-0.00	-0.00
1	1	1	3	0.682788	0.00	0.00	0.00	0.00	0.00	0.00	0.00	0.00	-0.00	-0.00
1	1	1	3	0.698652	0.00	0.00	0.00	0.00	0.00	0.00	0.00	0.00	-0.00	-0.00
1	1	1	3	0.715515	0.00	0.00	0.00	0.00	0.00	0.00	0.00	0.00	-0.00	-0.00
1	1	1	3	0.732521	0.00	0.00	0.00	0.00	0.00	0.00	0.00	0.00	-0.00	-0.00
1	1	1	3	0.748447	0.00	0.00	0.00	0.00	0.00	0.00	0.00	0.00	-0.00	-0.00
1	1	1	3	0.765352	0.00	0.00	0.00	0.00	0.00	0.00	0.00	0.00	-0.00	-0.00
1	1	1	3	0.782491	0.00	0.00	0.00	0.00	0.00	0.00	0.00	0.00	-0.00	-0.00
1	1	1	3	0.799379	0.00	0.00	0.00	0.00	0.00	0.00	0.00	0.00	-0.00	-0.00
1	1	1	3	0.815313	0.00	0.00	0.00	0.00	0.00	0.00	0.00	0.00	-0.00	-0.00
1	1	1	3	0.832490	0.00	0.00	0.00	0.00	0.00	0.00	0.00	0.00	-0.00	-0.00
1	1	1	3	0.849521	0.00	0.00	0.00	0.00	0.00	0.00	0.00	0.00	-0.00	-0.00
1	1	1	3	0.865997	0.00	0.00	0.00	0.00	0.00	0.00	0.00	0.00	-0.00	-0.00
1	1	1	3	0.882785	0.00	0.00	0.00	0.00	0.00	0.00	0.00	0.00	-0.00	-0.00
1	1	1	3	0.899123	0.00	0.00	0.00	0.00	0.00	0.00	0.00	0.00	-0.00	-0.00
1	1	1	3	0.915935	0.00	-1.30	0.00	-77.43	0.00	-4606.05	0.00	0.00	-0.00	-1.30
1	1	1	3	0.933058	0.00	-5.12	0.00	-223.11	0.00	-8507.92	0.00	0.00	-0.00	-5.12
1	1	1	3	0.948736	0.52	-11.63	33.20	-415.27	2117.54	-12256.46	0.52	0.00	-0.00	-11.63
1	1	1	3	0.966152	1.56	-21.53	59.83	-568.29	1529.03	-8786.09	1.56	0.00	-0.00	-21.53
1	1	1	3	0.982444	2.60	-30.65	63.96	-559.55	253.39	536.50	2.60	0.00	-0.00	-30.65
1	1	1	3	0.999963	2.86	-34.55	14.83	-223.03	-2804.35	19209.02	2.86	0.00	-0.00	-34.55
1	1	1	3	1.016373	3.39	-40.02	31.78	-333.31	1032.91	-6720.50	3.39	0.00	-0.00	-40.02
1	1	1	3	1.032920	3.65	-42.37	15.70	-141.65	-971.73	11583.39	3.65	0.00	-0.00	-42.37
1	1	1	3	1.048874	3.91	-43.93	16.34	-97.93	40.35	2739.70	3.91	0.00	-0.00	-43.93
1	1	1	3	1.066010	4.17	-44.97	15.22	-60.81	-65.75	2166.63	4.17	0.00	-0.00	-44.97
1	1	1	3	1.083069	4.95	-47.06	45.80	-122.17	1792.84	-3597.13	4.95	0.00	-0.00	-47.06
1	1	1	3	1.099031	5.47	-50.35	32.61	-206.67	-826.32	-5293.69	5.47	0.00	-0.00	-50.35
1	1	1	3	1.115642	5.73	-52.70	15.70	-141.15	-1018.12	3943.98	5.73	0.00	-0.00	-52.70
1	1	1	3	1.132561	5.73	-54.78	0.00	-123.11	-927.73	1066.05	5.73	0.00	-0.00	-54.78
1	1	1	3	1.148656	5.73	-55.82	0.00	-64.74	0.00	3626.88	5.73	0.00	-0.00	-55.82
1	1	1	3	1.165735	5.47	-56.61	-15.27	-45.75	-893.98	1112.19	5.47	0.00	-0.00	-56.61
1	1	1	3	1.182876	4.69	-57.65	-45.58	-60.79	-1768.19	-877.56	4.69	0.00	-0.00	-57.65
1	1	1	3	1.198801	3.39	-59.73	-81.74	-130.87	-2271.20	-4400.56	3.39	0.00	-0.00	-59.73
1	1	1	3	1.215789	1.82	-62.86	-92.03	-183.95	-605.56	-3124.75	1.82	0.00	-0.00	-62.86
1	1	1	3	1.232758	-0.26	-67.02	-122.76	-245.63	-1810.61	-3634.77	-0.26	0.00	-0.00	-67.02
1	1	1	3	1.248495	-1.82	-71.97	-99.28	-314.42	1491.45	-4371.23	-1.82	0.00	-0.00	-71.97
1	1	1	3	1.265719	-2.87	-75.10	-60.50	-181.49	2251.94	7717.73	-2.87	0.00	-0.00	-75.10
1	1	1	3	1.282705	-3.39	-77.70	-30.70	-153.33	1754.14	1657.76	-3.39	0.00	-0.00	-77.70
1	1	1	3	1.299191	-3.65	-79.79	-15.76	-126.35	906.47	1636.47	-3.65	0.00	-0.00	-79.79
1	1	1	3	1.315447	-3.65	-79.79	0.00	0.00	969.32	7772.81	-3.65	0.00	-0.00	-79.79
1	1	1	3	1.333327	-3.65	-79.79	0.00	0.00	0.00	0.00	-3.65	0.00	-0.00	-79.79
1	1	1	3	1.349536	-3.65	-79.79	0.00	0.00	0.00	0.00	-3.65	0.00	-0.00	-79.79
1	1	1	3	1.365956	-3.65	-79.79	0.00	0.00	0.00	0.00	-3.65	0.00	-0.00	-79.79
1	1	1	3	1.383410	-3.65	-79.79	0.00	0.00	0.00	0.00	-3.65	0.00	-0.00	-79.79
1	1	1	3	1.399520	-3.65	-79.79	0.00	0.00	0.00	0.00	-3.65	0.00	-0.00	-79.79
1	1	1	3	1.416023	-3.65	-79.79	0.00	0.00	0.00	0.00	-3.65	0.00	-0.00	-79.79
1	1	1	3	1.432402	-3.65	-79.79	0.00	0.00	0.00	0.00	-3.65	0.00	-0.00	-79.79
1	1	1	3	1.450086	-3.65	-79.79	0.00	0.00	0.00	0.00	-3.65	0.00	-0.00	-79.79
1	1	1	3	1.466461	-3.82	-81.18	-10.62	-84.86	-648.27	-5182.53	-3.82	0.00	-0.00	-81.18
1	1	1	3	1.482803	-3.82	-82.93	0.00	-107.09	649.61	-1360.11	-3.82	0.00	-0.00	-82.93
1	1	1	3	1.498930	-3.82	-86.83	0.00	-242.21	0.00	-8378.55	-3.82	0.00	-0.00	-86.83
1	1	1	3	1.515950	-3.56	-98.55	15.26	-688.65	896.75	-26230.48	-3.56	0.00	-0.00	-98.55
2	1	0	4	1.916829	0.00	0.00	0.00	0.00	0.00	0.00	0.00	0.00	0.00	-0.00
2	1	1	4	1.933780	0.00	0.00	0.00	0.00	0.00	0.00	0.00	0.00	0.00	-0.00
2	1	1	4	1.949850	0.00	0.00	0.00	0.00	0.00	0.00	0.00	0.00	0.00	-0.00
2	1	1	4	1.966015	0.00	0.00	0.00	0.00	0.00	0.00	0.00	0.00	0.00	-0.00
2	1	1	4	1.982614	0.00	0.00	0.00	0.00	0.00	0.00	0.00	0.00	0.00	-0.00
2	1	1	4	1.999112	0.00	0.00	0.00	0.00	0.00	0.00	0.00	0.00	0.00	-0.00
2	1	1	4	2.016599	0.00	0.00	0.00	0.00	0.00	0.00	0.00	0.00	0.00	-0.00
2	1	1	4	2.032582	0.00	0.00	0.00	0.00	0.00	0.00	0.00	0.00	0.00	-0.00
2	1	1	4	2.048780	0.00	0.00	0.00	0.00	0.00	0.00	0.00	0.00	0.00	-0.00
2	1	1	4	2.065606	0.00	0.00	0.00	0.00	0.00	0.00	0.00	0.00	0.00	-0.00
2	1	1	4	2.082563	0.00	0.00	0.00	0.00	0.00	0.00	0.00	0.00	0.00	-0.00
2	1	1	4	2.099201	0.00	0.00	0.00	0.00	0.00	0.00	0.00	0.00	0.00	-0.00
2	1	1	4	2.115431	0.00	0.00	0.00	0.00	0.00	0.00	0.00	0.00	0.00	-0.00
2	1	1	4	2.132771	0.00	0.00	0.00	0.00	0.00	0.00	0.00	0.00	0.00	-0.00
2	1	1	4	2.149329	0.00	0.00	0.00	0.00	0.00	0.00	0.00	0.00	0.00	-0.00
2	1	1	4	2.165772	0.00	0.00	0.00	0.00	0.00	0.00	0.00	0.00	0.00	-0.00
2	1	1	4	2.183120	0.00	0.00	0.00	0.00	0.00	0.00	0.00	0.00	0.00	-0.00
2	1	1	4	2.199082	0.00	0.00	0.00	0.00	0.00	0.00	0.00	0.00	0.00	-0.00
2	1	1	4	2.215526	0.00	0.00	0.00	0.00	0.00	0.00	0.00	0.00	0.00	-0.00
2	1	1	4	2.232973	-0.50	4.25	-28.66	243.60	-1642.69	13962.85	0.00	4.25	-0.50	0.00
2	1	1	4	2.248997	-1.02	5.29	-32.54	65.02	-242.36	-11144.01	0.00	5.29	-1.02	0.00
2	1	1	4	2.266170	-1.20	5.81	-10.12	30.37	1305.58	-2018.18	0.00	5.81	-1.20	0.00
2	1	1	4	2.282354	-1.20	5.81	0.00	0.00	625.45	-1876.35	0.00	5.81	-1.20	0.00
2	1	1	4	2.299843	-1.20	6.07	0.00	14.85	0.00	849.26	0.00	6.07	-1.20	0.00
2	1	1	4	2.332464	4.27	6.33	167.67	7.99	5140.07	-210.29	0.00	6.33	4.27	-0.00
2	1	1	4	2.349870	13.39	6.33	523.76	0.00	20458.15	-459.23	0.00	6.33	13.39	-0.00
2	1	1	4	2.366337	26.41	5.03	790.83	-79.05	16218.51	-4800.71	0.00	5.03	26.41	-0.00
2	1	1	4	2.382378	35.79	4.25	584.56	-48.76	-12858.78	1888.22	0.00	4.25	35.79	-0.00
2	1	1	4	2.398787	43.86	3.47	492.05	-47.61	-5637.62	70.33	0.00	3.47	43.86	-0.00
2	1	1	4	2.415473	49.42	3.47	333.01	0.00	-9530.94	2853.28	0.00	3.47	49.42	-0.00
2	1	1	4	2.433363	52.55	3.47	174.68	0.00	-8850.45	0.00	0.00	3.47	52.55	-0.00
2	1	1	4	2.448915	55.41	3.47	184.24	0.00	614.81	0.00	0.00	3.47	55.41	-0.00
2	1	1	4	2.466306	57.23	3.47	104.83	0.00	-4565.79	0.00	0.00	3.47	57.23	-0.00
2	1	1	4	2.482643	59.32	2.69	127.57	-47.82	1391.42	-2927.32	0.00	2.69	59.32	-0.00
2	1	1	4	2.499903	61.14	1.65	105.63	-60.37	-1270.66	-727.02	0.00	1.65	61.14	-0.00
2	1	1	4	2.516107	63.22	0.34	128.54	-80.33	1413.82	-1231.90	0.00	0.34	63.22	-0.00
2	1	1	4	2.532656	65.57	-0.70	141.69	-62.97	794.34	1049.43	0.00	-0.70	65.57	-0.00
2	1	1	4	2.549207	66.87	-1.48	78.65	-47.20	-3808.73	952.45	0.00	-1.48	66.87	-0.00
2	1	1	4	2.565713	69.48	-2.00	157.78	-31.59	4793.98	945.70	0.00	-2.00	69.48	-0.00
2	1	1	4	2.582096	71.82	-2.52	143.12	-31.77	-895.06	-10.93	0.00	-2.52	71.82	-0.00
2	1	1	4	2.599639	73.64	-2.52	103.93	0.00	-2234.04	1811.03	0.00	-2.52	73.64	-0.00
2	1	1	4	2.616073	73.64	-2.52	0.00	0.00	-6324.16	0.00	0.00	-2.52	73.64	-0.00
2	1	1	4	2.633419	73.64	-2.52	0.00	0.00	0.00	0.00	0.00	-2.52	73.64	-0.00
2	1	1	4	2.649671	73.64	-2.52	0.00	0.00	0.00	0.00	0.00	-2.52	73.64	-0.00
2	1	1	4	2.666306	73.64	-2.52	0.00	0.00	0.00	0.00	0.00	-2.52	73.64	-0.00
2	1	1	4	2.682687	73.64	-2.52	0.00	0.00	0.00	0.00	0.00	-2.52	73.64	-0.00
2	1	1	4	2.700042	73.64	-2.52	0.00	0.00	0.00	0.00	0.00	-2.52	73.64	-0.00
2	1	1	4	2.715914	73.64	-2.52	0.00	0.00	0.00	0.00	0.00	-2.52	73.64	-0.00
2	1	1	4	2.732278	73.64	-2.52	0.00	0.00	0.00	0.00	0.00	-2.52	73.64	-0.00
2	1	1	4	2.749591	73.64	-2.52	0.00	0.00	0.00	0.00	0.00	-2.52	73.64	-0.00
2	1	1	4	2.765535	73.64	-2.52	0.00	0.00	0.00	0.00	0.00	-2.52	73.64	-0.00
2	1	1	4	2.783105	75.21	-2.52	88.93	0.00	5061.77	0.00	0.00	-2.52	75.21	-0.00
2	1	1	4	2.799656	76.96	-2.52	105.73	0.00	1014.76	0.00	0.00	-2.52	76.96	-0.00
2	1	1	4	2.816178	81.90	-1.48	299.50	63.07	11727.93	3817.20	0.00	-1.48	81.90	-0.00
2	1	1	4	2.832377	87.63	-0.70	353.76	48.23	3350.00	-916.01	0.00	-0.70	87.63	-0.00
2	1	1	4	2.849931	92.84	-0.70	296.74	0.00	-3248.58	-2747.43	0.00	-0.70	92.84	-0.00
2	1	1	4	2.865847	98.31	-0.70	343.67	0.00	2949.31	0.00	0.00	-0.70	98.31	-0.00
3	1	0	1	3.315558	0.00	0.00	0.00	0.00	0.00	0.00	0.00	0.00	0.00	0.00
3	1	1	1	3.333054	0.00	0.00	0.00	0.00	0.00	0.00	0.00	0.00	0.00	0.00
3	1	1	1	3.349459	0.00	0.00	0.00	0.00	0.00	0.00	0.00	0.00	0.00	0.00
3	1	1	1	3.365437	0.00	0.00	0.00	0.00	0.00	0.00	0.00	0.00	0.00	0.00
3	1	1	1	3.382797	0.00	0.00	0.00	0.00	0.00	0.00	0.00	0.00	0.00	0.00
3	1	1	1	3.399994	0.00	0.00	0.00	0.00	0.00	0.00	0.00	0.00	0.00	0.00
3	1	1	1	3.415999	0.00	0.00	0.00	0.00	0.00	0.00	0.00	0.00	0.00	0.00
3	1	1	1	3.433133	0.00	0.00	0.00	0.00	0.00	0.00	0.00	0.00	0.00	0.00
3	1	1	1	3.449156	0.00	0.00	0.00	0.00	0.00	0.00	0.00	0.00	0.00	0.00
3	1	1	1	3.466725	0.00	0.00	0.00	0.00	0.00	0.00	0.00	0.00	0.00	0.00
3	1	1	1	3.483069	0.00	0.00	0.00	0.00	0.00	0.00	0.00	0.00	0.00	0.00
3	1	1	1	3.499575	0.00	0.00	0.00	0.00	0.00	0.00	0.00	0.00	0.00	0.00
3	1	1	1	3.515755	0.00	0.00	0.00	0.00	0.00	0.00	0.00	0.00	0.00	0.00
3	1	1	1	3.533383	0.00	0.00	0.00	0.00	0.00	0.00	0.00	0.00	0.00	0.00
3	1	1	1	3.550277	0.00	0.00	0.00	0.00	0.00	0.00	0.00	0.00	0.00	0.00
3	1	1	1	3.566713	0.00	0.00	0.00	0.00	0.00	0.00	0.00	0.00	0.00	0.00
3	1	1	1	3.583172	-0.25	8.00	-15.19	486.05	-922.84	29530.88	-0.25	0.00	0.00	8.00
3	1	1	1	3.599744	-0.77	22.07	-31.47	848.72	-982.22	21883.98	-0.77	0.00	0.00	22.07
3	1	1	1	3.616143	-1.03	31.18	-15.90	555.91	949.27	-17856.02	-1.03	0.00	0.00	31.18
3	1	1	1	3.632681	-1.03	42.90	0.00	708.66	961.43	9236.37	-1.03	0.00	0.00	42.90
3	1	1	1	3.650081	-1.03	52.28	0.00	538.90	0.00	-9756.01	-1.03	0.00	0.00	52.28
3	1	1	1	3.666429	-1.03	60.09	0.00	477.97	0.00	-3727.17	-1.03	0.00	0.00	60.09
3	1	1	1	3.682711	-0.77	62.96	16.01	175.98	983.55	-18547.80	-0.77	0.00	0.00	62.96
3	1	1	1	3.699650	-0.42	65.74	20.52	164.01	266.20	-706.11	-0.42	0.00	0.00	65.74
3	1	1	1	3.715885	-0.16	66.52	16.00	48.12	-278.60	-7138.46	-0.16	0.00	0.00	66.52
3	1	1	1	3.733512	-0.16	66.52	0.00	0.00	-907.74	-2730.06	-0.16	0.00	0.00	66.52
3	1	1	1	3.749977	-0.16	67.27	0.00	45.55	0.00	2766.31	-0.16	0.00	0.00	67.27
3	1	1	1	3.765943	-0.16	68.31	0.00	65.27	0.00	1234.90	-0.16	0.00	0.00	68.31
3	1	1	1	3.783357	-0.16	70.13	0.00	104.70	0.00	2264.24	-0.16	0.00	0.00	70.13
3	1	1	1	3.799400	-0.68	71.69	-32.44	97.39	-2022.37	-455.10	-0.68	0.00	0.00	71.69
3	1	1	1	3.816647	-1.21	73.52	-30.18	105.72	131.26	482.63	-1.21	0.00	0.00	73.52
3	1	1	1	3.833013	-1.21	74.56	0.00	63.67	1844.12	-2569.38	-1.21	0.00	0.00	74.56
3	1	1	1	3.849412	-1.47	75.08	-15.90	31.74	-969.49	-1946.92	-1.47	0.00	0.00	75.08
3	1	1	1	3.866850	-1.47	75.34	0.00	14.95	911.79	-962.64	-1.47	0.00	0.00	75.34
3	1	1	1	3.883115	-1.47	75.60	0.00	16.03	0.00	66.23	-1.47	0.00	0.00	75.60
3	1	1	1	3.899563	-1.47	76.12	0.00	31.65	0.00	949.38	-1.47	0.00	0.00	76.12
3	1	1	1	3.915939	-1.47	77.16	0.00	63.63	0.00	1953.11	-1.47	0.00	0.00	77.16
3	1	1	1	3.932963	-1.21	78.73	15.32	91.78	899.67	1653.66	-1.21	0.00	0.00	78.73
3	1	1	1	3.949178	-0.95	79.77	16.02	64.26	43.43	-1697.21	-0.95	0.00	0.00	79.77
3	1	1	1	3.966038	-0.95	81.85	0.00	123.61	-950.22	3520.01	-0.95	0.00	0.00	81.85
3	1	1	1	3.983243	-0.95	83.68	0.00	105.97	0.00	-1025.22	-0.95	0.00	0.00	83.68
3	1	1	1	4.000143	-0.68	85.50	15.43	107.88	912.91	113.29	-0.68	0.00	0.00	85.50
3	1	1	1	4.016578	-0.42	87.06	15.86	95.07	26.56	-779.60	-0.42	0.00	0.00	87.06
3	1	1	1	4.032625	-0.42	87.06	0.00	0.00	-988.68	-5924.68	-0.42	0.00	0.00	87.06
3	1	1	1	4.049391	-0.42	87.06	0.00	0.00	0.00	0.00	-0.42	0.00	0.00	87.06
3	1	1	1	4.066784	-0.42	87.06	0.00	0.00	0.00	0.00	-0.42	0.00	0.00	87.06
3	1	1	1	4.083082	-0.42	87.06	0.00	0.00	0.00	0.00	-0.42	0.00	0.00	87.06
3	1	1	1	4.099451	-0.42	87.06	0.00	0.00	0.00	0.00	-0.42	0.00	0.00	87.06
3	1	1	1	4.115822	-0.42	87.06	0.00	0.00	0.00	0.00	-0.42	0.00	0.00	87.06
3	1	1	1	4.132726	-0.42	87.06	0.00	0.00	0.00	0.00	-0.42	0.00	0.00	87.06
3	1	1	1	4.149876	-0.42	87.06	0.00	0.00	0.00	0.00	-0.42	0.00	0.00	87.06
3	1	1	1	4.165681	-0.42	87.06	0.00	0.00	0.00	0.00	-0.42	0.00	0.00	87.06
3	1	1	1	4.183244	0.10	88.10	29.64	59.33	1687.30	3377.77	0.10	0.00	0.00	88.10
3	1	1	1	4.199991	0.10	89.35	0.00	74.64	-1769.58	914.40	0.10	0.00	0.00	89.35
3	1	1	1	4.216354	0.10	91.44	0.00	127.30	0.00	3218.48	0.10	0.00	0.00	91.44
3	1	1	1	4.232367	0.62	93.52	32.57	130.14	2033.79	177.50	0.62	0.00	0.00	93.52
3	1	1	1	4.249661	0.88	95.60	15.02	120.50	-1014.58	-557.50	0.88	0.00	0.00	95.60
4	1	0	2	4.716585	0.00	0.00	0.00	0.00	0.00	0.00	0.00	0.00	-0.00	0.00
4	1	1	2	4.734388	0.00	0.00	0.00	0.00	0.00	0.00	0.00	0.00	-0.00	0.00
4	1	1	2	4.750428	0.00	0.00	0.00	0.00	0.00	0.00	0.00	0.00	-0.00	0.00
4	1	1	2	4.766797	0.00	0.00	0.00	0.00	0.00	0.00	0.00	0.00	-0.00	0.00
4	1	1	2	4.782612	0.00	0.00	0.00	0.00	0.00	0.00	0.00	0.00	-0.00	0.00
4	1	1	2	4.799291	0.00	0.00	0.00	0.00	0.00	0.00	0.00	0.00	-0.00	0.00
4	1	1	2	4.816961	0.00	0.00	0.00	0.00	0.00	0.00	0.00	0.00	-0.00	0.00
4	1	1	2	4.832855	0.00	0.00	0.00	0.00	0.00	0.00	0.00	0.00	-0.00	0.00
4	1	1	2	4.850084	0.00	0.00	0.00	0.00	0.00	0.00	0.00	0.00	-0.00	0.00
4	1	1	2	4.866886	0.00	0.00	0.00	0.00	0.00	0.00	0.00	0.00	-0.00	0.00
4	1	1	2	4.883059	0.00	0.00	0.00	0.00	0.00	0.00	0.00	0.00	-0.00	0.00
4	1	1	2	4.900047	0.00	0.00	0.00	0.00	0.00	0.00	0.00	0.00	-0.00	0.00
4	1	1	2	4.916528	0.00	0.00	0.00	0.00	0.00	0.00	0.00	0.00	-0.00	0.00
4	1	1	2	4.933063	0.00	0.00	0.00	0.00	0.00	0.00	0.00	0.00	-0.00	0.00
4	1	1	2	4.950263	0.00	0.00	0.00	0.00	0.00	0.00	0.00	0.00	-0.00	0.00
4	1	1	2	4.966702	0.00	0.00	0.00	0.00	0.00	0.00	0.00	0.00	-0.00	0.00
4	1	1	2	4.982332	-9.50	0.00	-607.79	0.00	-38884.96	0.00	0.00	-0.00	-9.50	0.00
4	1	1	2	4.999760	-24.35	-1.82	-851.90	-104.56	-14007.11	-5999.72	0.00	-1.82	-24.35	0.00
4	1	1	2	5.017022	-40.23	-3.12	-920.37	-75.47	-3966.16	1685.44	0.00	-3.13	-40.23	0.00
4	1	1	2	5.033307	-50.39	-3.65	-623.77	-31.96	18212.60	2671.43	0.00	-3.65	-50.39	0.00
4	1	1	2	5.049076	-56.38	-3.91	-379.88	-16.54	15466.68	978.31	0.00	-3.91	-56.38	0.00
4	1	1	2	5.066534	-62.11	-3.91	-328.25	0.00	2957.71	947.17	0.00	-3.91	-62.11	0.00
4	1	1	2	5.083649	-65.24	-3.91	-182.59	0.00	8510.63	0.00	0.00	-3.91	-65.24	0.00
4	1	1	2	5.099892	-69.06	-3.91	-235.20	0.00	-3239.16	0.00	0.00	-3.91	-69.06	0.00
4	1	1	2	5.115880	-72.18	-3.91	-195.46	0.00	2485.62	0.00	0.00	-3.91	-72.18	0.00
4	1	1	2	5.133355	-75.83	-3.91	-208.66	0.00	-755.45	0.00	0.00	-3.91	-75.83	0.00
4	1	1	2	5.149797	-79.48	-3.91	-221.78	0.00	-798.12	0.00	0.00	-3.91	-79.48	0.00
4	1	1	2	5.166434	-83.12	-3.65	-219.18	15.67	156.64	942.01	0.00	-3.65	-83.12	0.00
4	1	1	2	5.183780	-86.25	-3.39	-180.21	14.98	2246.35	-40.17	0.00	-3.39	-86.25	0.00
4	1	1	2	5.199903	-87.81	-3.12	-96.91	16.17	5166.59	74.24	0.00	-3.13	-87.81	0.00
4	1	1	2	5.216139	-89.63	-2.34	-112.29	48.12	-947.15	1967.42	0.00	-2.34	-89.63	0.00
4	1	1	2	5.233597	-90.42	-2.08	-44.75	14.94	3868.84	-1900.64	0.00	-2.08	-90.42	0.00
4	1	1	2	5.249393	-90.68	-1.30	-16.51	49.46	1788.02	2185.47	0.00	-1.30	-90.68	0.00
4	1	1	2	5.267121	-90.94	-1.04	-14.65	14.71	104.53	-1960.22	0.00	-1.04	-90.94	0.00
4	1	1	2	5.283451	-91.20	-0.78	-15.97	15.91	-80.45	73.41	0.00	-0.78	-91.20	0.00
4	1	1	2	5.300236	-91.20	-0.78	0.00	0.00	951.25	-947.68	0.00	-0.78	-91.20	0.00
4	1	1	2	5.316481	-91.37	-0.61	-10.70	10.70	-658.68	658.68	0.00	-0.61	-91.37	0.00
4	1	1	2	5.333198	-91.63	-0.61	-15.60	0.00	-292.94	-640.08	0.00	-0.61	-91.63	0.00
4	1	1	2	5.349325	-92.15	-0.61	-32.28	0.00	-1034.22	0.00	0.00	-0.61	-92.15	0.00
4	1	1	2	5.366178	-92.93	-0.61	-46.36	0.00	-835.49	0.00	0.00	-0.61	-92.93	0.00
4	1	1	2	5.382570	-93.46	-0.61	-31.81	0.00	887.18	0.00	0.00	-0.61	-93.46	0.00
4	1	1	2	5.399989	-93.98	-0.61	-29.88	0.00	111.04	0.00	0.00	-0.61	-93.98	0.00
4	1	1	2	5.416635	-94.50	-0.61	-31.33	0.00	-87.08	0.00	0.00	-0.61	-94.50	0.00
4	1	1	2	5.432813	-94.50	-0.61	0.00	0.00	1936.47	0.00	0.00	-0.61	-94.50	0.00
4	1	1	2	5.450517	-94.50	-0.61	0.00	0.00	0.00	0.00	0.00	-0.61	-94.50	0.00
4	1	1	2	5.466587	-94.50	-0.61	0.00	0.00	0.00	0.00	0.00	-0.61	-94.50	0.00
4	1	1	2	5.482977	-94.50	-0.61	0.00	0.00	0.00	0.00	0.00	-0.61	-94.50	0.00
4	1	1	2	5.500527	-94.50	-0.61	0.00	0.00	0.00	0.00	0.00	-0.61	-94.50	0.00
4	1	1	2	5.516916	-94.50	-0.61	0.00	0.00	0.00	0.00	0.00	-0.61	-94.50	0.00
4	1	1	2	5.533251	-94.50	-0.61	0.00	0.00	0.00	0.00	0.00	-0.61	-94.50	0.00
4	1	1	2	5.549808	-94.50	-0.61	0.00	0.00	0.00	0.00	0.00	-0.61	-94.50	0.00
4	1	1	2	5.566307	-94.50	-0.61	0.00	0.00	0.00	0.00	0.00	-0.61	-94.50	0.00
4	1	1	2	5.583671	-94.50	-0.61	0.00	0.00	0.00	0.00	0.00	-0.61	-94.50	0.00
4	1	1	2	5.600051	-94.50	-0.61	0.00	0.00	0.00	0.00	0.00	-0.61	-94.50	0.00
4	1	1	2	5.616683	-94.50	-0.61	0.00	0.00	0.00	0.00	0.00	-0.61	-94.50	0.00
4	1	1	2	5.632510	-94.50	-0.61	0.00	0.00	0.00	0.00	0.00	-0.61	-94.50	0.00
4	1	1	2	5.649945	-94.50	-0.61	0.00	0.00	0.00	0.00	0.00	-0.61	-94.50	0.00
4	1	1	2	5.665860	-94.50	-0.61	0.00	0.00	0.00	0.00	0.00	-0.61	-94.50	0.00
4	1	1	2	5.683765	-94.50	-0.61	0.00	0.00	0.00	0.00	0.00	-0.61	-94.50	0.00
4	1	1	2	5.700119	-94.50	-0.61	0.00	0.00	0.00	0.00	0.00	-0.61	-94.50	0.00
4	1	1	2	5.716795	-94.50	-0.61	0.00	0.00	0.00	0.00	0.00	-0.61	-94.50	0.00
4	1	1	2	5.733334	-94.50	-0.61	0.00	0.00	0.00	0.00	0.00	-0.61	-94.50	0.00
4	1	1	2	5.749933	-94.50	-0.61	0.00	0.00	0.00	0.00	0.00	-0.61	-94.50	0.00
4	1	1	2	5.766197	-94.50	-0.61	0.00	0.00	0.00	0.00	0.00	-0.61	-94.50	0.00
4	1	1	2	5.783093	-94.50	-0.61	0.00	0.00	0.00	0.00	0.00	-0.61	-94.50	0.00
4	1	1	2	5.800590	-94.50	-0.61	0.00	0.00	0.00	0.00	0.00	-0.61	-94.50	0.00
4	1	1	2	5.816597	-95.02	-0.61	-32.52	0.00	-2031.45	0.00	0.00	-0.61	-95.02	0.00
5	1	0	3	6.100606	0.00	0.00	0.00	0.00	0.00	0.00	0.00	0.00	-0.00	-0.00
5	1	1	3	6.116987	0.00	0.00	0.00	0.00	0.00	0.00	0.00	0.00	-0.00	-0.00
5	1	1	3	6.133826	0.00	0.00	0.00	0.00	0.00	0.00	0.00	0.00	-0.00	-0.00
5	1	1	3	6.150045	0.00	0.00	0.00	0.00	0.00	0.00	0.00	0.00	-0.00	-0.00
5	1	1	3	6.166464	0.00	0.00	0.00	0.00	0.00	0.00	0.00	0.00	-0.00	-0.00
5	1	1	3	6.183904	0.00	0.00	0.00	0.00	0.00	0.00	0.00	0.00	-0.00	-0.00
5	1	1	3	6.199766	0.00	0.00	0.00	0.00	0.00	0.00	0.00	0.00	-0.00	-0.00
5	1	1	3	6.217228	0.00	0.00	0.00	0.00	0.00	0.00	0.00	0.00	-0.00	-0.00
5	1	1	3	6.233856	0.00	0.00	0.00	0.00	0.00	0.00	0.00	0.00	-0.00	-0.00
5	1	1	3	6.250180	0.00	0.00	0.00	0.00	0.00	0.00	0.00	0.00	-0.00	-0.00
5	1	1	3	6.266780	0.00	0.00	0.00	0.00	0.00	0.00	0.00	0.00	-0.00	-0.00
5	1	1	3	6.283222	0.00	0.00	0.00	0.00	0.00	0.00	0.00	0.00	-0.00	-0.00
5	1	1	3	6.299747	0.00	0.00	0.00	0.00	0.00	0.00	0.00	0.00	-0.00	-0.00
5	1	1	3	6.317354	0.00	0.00	0.00	0.00	0.00	0.00	0.00	0.00	-0.00	-0.00
5	1	1	3	6.333712	0.00	0.00	0.00	0.00	0.00	0.00	0.00	0.00	-0.00	-0.00
5	1	1	3	6.350006	0.00	0.00	0.00	0.00	0.00	0.00	0.00	0.00	-0.00	-0.00
5	1	1	3	6.366651	0.00	0.00	0.00	0.00	0.00	0.00	0.00	0.00	-0.00	-0.00
5	1	1	3	6.383133	0.00	0.00	0.00	0.00	0.00	0.00	0.00	0.00	-0.00	-0.00
5	1	1	3	6.400673	0.00	0.00	0.00	0.00	0.00	0.00	0.00	0.00	-0.00	-0.00
5	1	1	3	6.417072	0.00	0.00	0.00	0.00	0.00	0.00	0.00	0.00	-0.00	-0.00
5	1	1	3	6.433138	0.00	0.00	0.00	0.00	0.00	0.00	0.00	0.00	-0.00	-0.00
5	1	1	3	6.449543	0.00	-0.25	0.00	-15.24	0.00	-928.99	0.00	0.00	-0.00	-0.25
5	1	1	3	6.467044	0.00	-1.00	0.00	-42.86	0.00	-1578.02	0.00	0.00	-0.00	-1.00
5	1	1	3	6.483090	-0.78	-6.73	-48.75	-357.05	-3037.78	-19579.79	-0.78	0.00	-0.00	-6.73
5	1	1	3	6.500144	-2.61	-15.85	-106.91	-534.57	-3410.88	-10409.62	-2.61	0.00	-0.00	-15.85
5	1	1	3	6.516485	-4.43	-28.87	-111.58	-796.92	-285.28	-16055.15	-4.43	0.00	-0.00	-28.87
5	1	1	3	6.533522	-4.43	-37.20	0.00	-489.21	6548.72	18060.98	-4.43	0.00	-0.00	-37.20
5	1	1	3	6.549625	-4.43	-43.19	0.00	-371.99	0.00	7278.94	-4.43	0.00	-0.00	-43.19
5	1	1	3	6.566916	-4.43	-43.19	0.00	0.00	0.00	21514.61	-4.43	0.00	-0.00	-43.19
5	1	1	3	6.583659	-4.43	-43.19	0.00	0.00	0.00	0.00	-4.43	0.00	-0.00	-43.19
5	1	1	3	6.599531	-4.43	-43.19	0.00	0.00	0.00	0.00	-4.43	0.00	-0.00	-43.19
5	1	1	3	6.617487	-4.43	-43.19	0.00	0.00	0.00	0.00	-4.43	0.00	-0.00	-43.19
5	1	1	3	6.633046	-4.43	-43.19	0.00	0.00	0.00	0.00	-4.43	0.00	-0.00	-43.19
5	1	1	3	6.650651	-4.43	-43.19	0.00	0.00	0.00	0.00	-4.43	0.00	-0.00	-43.19
5	1	1	3	6.666498	-4.43	-43.19	0.00	0.00	0.00	0.00	-4.43	0.00	-0.00	-43.19
5	1	1	3	6.682791	-4.43	-43.19	0.00	0.00	0.00	0.00	-4.43	0.00	-0.00	-43.19
5	1	1	3	6.700515	-4.43	-43.19	0.00	0.00	0.00	0.00	-4.43	0.00	-0.00	-43.19
5	1	1	3	6.716954	-3.65	-46.06	47.58	-174.29	2894.34	-10601.74	-3.65	0.00	-0.00	-46.06
5	1	1	3	6.733129	-4.40	-47.56	-46.37	-92.74	-5808.69	5041.88	-4.40	0.00	-0.00	-47.56
5	1	1	3	6.750833	-7.26	-51.99	-161.84	-250.09	-6522.01	-8887.83	-7.26	0.00	-0.00	-51.99
5	1	1	3	6.767066	-9.61	-57.98	-144.44	-369.07	1071.80	-7329.05	-9.61	0.00	-0.00	-57.98
5	1	1	3	6.783126	-12.99	-70.74	-210.82	-794.62	-4133.13	-26497.71	-12.99	0.00	-0.00	-70.74
5	1	1	3	6.800774	-13.51	-80.12	-29.49	-531.35	10274.71	14918.56	-13.51	0.00	-0.00	-80.12
5	1	1	3	6.817025	-13.51	-88.71	0.00	-528.88	1814.98	151.88	-13.51	0.00	-0.00	-88.71
5	1	1	3	6.833564	-12.99	-93.05	31.47	-262.46	1902.84	16108.66	-12.99	0.00	-0.00	-93.05
5	1	1	3	6.849439	-11.43	-96.70	98.42	-229.70	4217.48	2063.58	-11.43	0.00	-0.00	-96.70
6	1	0	1	7.501067	0.00	0.00	0.00	0.00	0.00	0.00	0.00	0.00	0.00	0.00
6	1	1	1	7.517921	0.00	0.00	0.00	0.00	0.00	0.00	0.00	0.00	0.00	0.00
6	1	1	1	7.533760	0.00	0.00	0.00	0.00	0.00	0.00	0.00	0.00	0.00	0.00
6	1	1	1	7.550323	0.00	0.00	0.00	0.00	0.00	0.00	0.00	0.00	0.00	0.00
6	1	1	1	7.566863	0.00	0.00	0.00	0.00	0.00	0.00	0.00	0.00	0.00	0.00
6	1	1	1	7.583062	0.00	0.00	0.00	0.00	0.00	0.00	0.00	0.00	0.00	0.00
6	1	1	1	7.600545	0.00	0.00	0.00	0.00	0.00	0.00	0.00	0.00	0.00	0.00
6	1	1	1	7.616713	0.00	0.00	0.00	0.00	0.00	0.00	0.00	0.00	0.00	0.00
6	1	1	1	7.633728	0.00	0.00	0.00	0.00	0.00	0.00	0.00	0.00	0.00	0.00
6	1	1	1	7.650482	0.00	0.00	0.00	0.00	0.00	0.00	0.00	0.00	0.00	0.00
6	1	1	1	7.666951	0.00	0.00	0.00	0.00	0.00	0.00	0.00	0.00	0.00	0.00
6	1	1	1	7.683624	0.00	0.00	0.00	0.00	0.00	0.00	0.00	0.00	0.00	0.00
6	1	1	1	7.699975	0.00	0.00	0.00	0.00	0.00	0.00	0.00	0.00	0.00	0.00
6	1	1	1	7.716396	0.00	0.00	0.00	0.00	0.00	0.00	0.00	0.00	0.00	0.00
6	1	1	1	7.733842	0.00	0.00	0.00	0.00	0.00	0.00	0.00	0.00	0.00	0.00
6	1	1	1	7.750358	0.00	0.00	0.00	0.00	0.00	0.00	0.00	0.00	0.00	0.00
6	1	1	1	7.767025	0.00	1.50	0.00	90.00	0.00	5399.76	-0.00	0.00	0.00	1.50
6	1	1	1	7.782935	-0.26	5.67	-16.39	261.97	-1030.09	10809.32	-0.26	0.00	0.00	5.67
6	1	1	1	7.800292	-0.52	11.66	-15.02	345.13	78.69	4791.26	-0.52	0.00	0.00	11.66
6	1	1	1	7.817530	-0.52	18.69	0.00	407.93	871.46	3642.88	-0.52	0.00	0.00	18.69
6	1	1	1	7.833967	-0.52	35.10	0.00	998.33	0.00	35919.95	-0.52	0.00	0.00	35.10
6	1	1	1	7.850780	0.00	52.81	31.02	1053.41	1844.81	3275.73	-0.00	0.00	0.00	52.81
6	1	1	1	7.866912	2.34	70.52	145.28	1097.87	7083.26	2756.03	2.34	0.00	0.00	70.52
6	1	1	1	7.883178	4.17	80.42	112.09	608.49	-2040.70	-30086.69	4.17	0.00	0.00	80.42
6	1	1	1	7.900670	5.73	91.10	89.33	610.49	-1301.44	114.56	5.73	0.00	0.00	91.10
6	1	1	1	7.916959	6.51	96.05	47.96	303.83	-2539.44	-18825.76	6.51	0.00	0.00	96.05
7	1	0	4	8.917721	0.00	0.00	0.00	0.00	0.00	0.00	0.00	0.00	0.00	-0.00
7	1	1	4	8.934353	0.00	0.00	0.00	0.00	0.00	0.00	0.00	0.00	0.00	-0.00
7	1	1	4	8.949986	0.00	0.00	0.00	0.00	0.00	0.00	0.00	0.00	0.00	-0.00
7	1	1	4	8.967571	0.00	0.00	0.00	0.00	0.00	0.00	0.00	0.00	0.00	-0.00
7	1	1	4	8.984105	0.00	0.00	0.00	0.00	0.00	0.00	0.00	0.00	0.00	-0.00
7	1	1	4	8.999987	0.00	0.00	0.00	0.00	0.00	0.00	0.00	0.00	0.00	-0.00
7	1	1	4	9.017694	0.00	0.00	0.00	0.00	0.00	0.00	0.00	0.00	0.00	-0.00
7	1	1	4	9.033598	0.00	0.00	0.00	0.00	0.00	0.00	0.00	0.00	0.00	-0.00
7	1	1	4	9.050134	0.00	0.00	0.00	0.00	0.00	0.00	0.00	0.00	0.00	-0.00
7	1	1	4	9.067589	0.00	0.00	0.00	0.00	0.00	0.00	0.00	0.00	0.00	-0.00
7	1	1	4	9.084042	0.00	0.00	0.00	0.00	0.00	0.00	0.00	0.00	0.00	-0.00
7	1	1	4	9.100314	0.00	0.00	0.00	0.00	0.00	0.00	0.00	0.00	0.00	-0.00
7	1	1	4	9.116645	0.00	0.00	0.00	0.00	0.00	0.00	0.00	0.00	0.00	-0.00
7	1	1	4	9.133898	0.00	0.00	0.00	0.00	0.00	0.00	0.00	0.00	0.00	-0.00
7	1	1	4	9.150335	0.00	0.00	0.00	0.00	0.00	0.00	0.00	0.00	0.00	-0.00
7	1	1	4	9.167665	0.00	0.00	0.00	0.00	0.00	0.00	0.00	0.00	0.00	-0.00
7	1	1	4	9.183387	0.00	0.00	0.00	0.00	0.00	0.00	0.00	0.00	0.00	-0.00
7	1	1	4	9.200718	0.50	0.00	28.85	0.00	1664.62	0.00	0.00	0.00	0.50	-0.00
7	1	1	4	9.217455	1.50	0.25	59.75	14.94	1846.03	892.43	0.00	0.25	1.50	-0.00
7	1	1	4	9.233979	1.50	0.25	0.00	0.00	-3615.75	-903.94	0.00	0.25	1.50	-0.00
7	1	1	4	9.267713	33.01	4.94	934.22	138.99	27694.00	4120.07	0.00	4.94	33.01	-0.00
7	1	1	4	9.283944	45.17	5.63	748.88	42.78	-11418.65	-5927.30	0.00	5.63	45.17	-0.00
7	1	1	4	9.299988	53.76	5.63	535.70	0.00	-13287.24	-2666.30	0.00	5.63	53.76	-0.00
7	1	1	4	9.317183	62.62	5.11	515.01	-30.27	-1203.64	-1760.47	0.00	5.11	62.62	-0.00
7	1	1	4	9.334366	68.35	3.81	333.49	-75.76	-10563.54	-2647.06	0.00	3.81	68.35	-0.00
7	1	1	4	9.350726	74.60	2.25	382.09	-95.57	2970.46	-1210.84	0.00	2.25	74.60	-0.00
7	1	1	4	9.367279	79.03	1.21	267.49	-62.95	-6923.12	1970.49	0.00	1.21	79.03	-0.00
7	1	1	4	9.384210	82.68	0.68	215.38	-30.74	-3077.62	1902.16	0.00	0.68	82.68	-0.00
7	1	1	4	9.400527	84.24	0.68	95.76	0.00	-7331.14	1884.19	0.00	0.68	84.24	-0.00
7	1	1	4	9.416810	84.24	0.68	0.00	0.00	-5880.99	0.00	0.00	0.68	84.24	-0.00
7	1	1	4	9.434601	84.24	0.68	0.00	0.00	0.00	0.00	0.00	0.68	84.24	-0.00
7	1	1	4	9.451110	84.24	0.68	0.00	0.00	0.00	0.00	0.00	0.68	84.24	-0.00
7	1	1	4	9.467554	84.24	0.68	0.00	0.00	0.00	0.00	0.00	0.68	84.24	-0.00
7	1	1	4	9.483950	84.24	0.68	0.00	0.00	0.00	0.00	0.00	0.68	84.24	-0.00
7	1	1	4	9.500539	84.24	0.68	0.00	0.00	0.00	0.00	0.00	0.68	84.24	-0.00
7	1	1	4	9.516903	84.24	0.68	0.00	0.00	0.00	0.00	0.00	0.68	84.24	-0.00
7	1	1	4	9.534497	84.24	0.68	0.00	0.00	0.00	0.00	0.00	0.68	84.24	-0.00
7	1	1	4	9.550931	84.24	0.68	0.00	0.00	0.00	0.00	0.00	0.68	84.24	-0.00
7	1	1	4	9.567254	84.24	0.68	0.00	0.00	0.00	0.00	0.00	0.68	84.24	-0.00
7	1	1	4	9.583465	84.24	0.68	0.00	0.00	0.00	0.00	0.00	0.68	84.24	-0.00
7	1	1	4	9.600997	84.24	0.68	0.00	0.00	0.00	0.00	0.00	0.68	84.24	-0.00
7	1	1	4	9.617465	84.24	0.68	0.00	0.00	0.00	0.00	0.00	0.68	84.24	-0.00
7	1	1	4	9.633985	84.24	0.68	0.00	0.00	0.00	0.00	0.00	0.68	84.24	-0.00
7	1	1	4	9.650631	84.24	0.68	0.00	0.00	0.00	0.00	0.00	0.68	84.24	-0.00
7	1	1	4	9.667169	84.24	0.68	0.00	0.00	0.00	0.00	0.00	0.68	84.24	-0.00
7	1	1	4	9.684612	84.24	0.68	0.00	0.00	0.00	0.00	0.00	0.68	84.24	-0.00
7	1	1	4	9.701109	85.24	0.68	60.62	0.00	3674.18	0.00	0.00	0.68	85.24	-0.00
7	1	1	4	9.717323	86.24	0.68	61.67	0.00	65.36	0.00	0.00	0.68	86.24	-0.00
7	1	1	4	9.733879	89.02	0.68	167.82	0.00	6411.44	0.00	0.00	0.68	89.02	-0.00
7	1	1	4	9.751214	94.75	0.68	330.56	0.00	9388.02	0.00	0.00	0.68	94.75	-0.00
7	1	1	4	9.766669	103.08	0.68	539.26	0.00	13504.32	0.00	0.00	0.68	103.08	-0.00
8	1	0	2	10.300730	0.00	0.00	0.00	0.00	0.00	0.00	0.00	0.00	-0.00	0.00
8	1	1	2	10.318782	0.00	0.00	0.00	0.00	0.00	0.00	0.00	0.00	-0.00	0.00
8	1	1	2	10.333429	0.00	0.00	0.00	0.00	0.00	0.00	0.00	0.00	-0.00	0.00
8	1	1	2	10.351138	0.00	0.00	0.00	0.00	0.00	0.00	0.00	0.00	-0.00	0.00
8	1	1	2	10.367193	0.00	0.00	0.00	0.00	0.00	0.00	0.00	0.00	-0.00	0.00
8	1	1	2	10.383748	0.00	0.00	0.00	0.00	0.00	0.00	0.00	0.00	-0.00	0.00
8	1	1	2	10.400359	0.00	0.00	0.00	0.00	0.00	0.00	0.00	0.00	-0.00	0.00
8	1	1	2	10.418061	0.00	0.00	0.00	0.00	0.00	0.00	0.00	0.00	-0.00	0.00
8	1	1	2	10.434041	0.00	0.00	0.00	0.00	0.00	0.00	0.00	0.00	-0.00	0.00
8	1	1	2	10.450043	0.00	0.00	0.00	0.00	0.00	0.00	0.00	0.00	-0.00	0.00
8	1	1	2	10.467494	0.00	0.00	0.00	0.00	0.00	0.00	0.00	0.00	-0.00	0.00
8	1	1	2	10.483905	0.00	0.00	0.00	0.00	0.00	0.00	0.00	0.00	-0.00	0.00
8	1	1	2	10.500579	0.00	0.00	0.00	0.00	0.00	0.00	0.00	0.00	-0.00	0.00
8	1	1	2	10.517558	0.00	0.00	0.00	0.00	0.00	0.00	0.00	0.00	-0.00	0.00
8	1	1	2	10.533907	0.00	0.00	0.00	0.00	0.00	0.00	0.00	0.00	-0.00	0.00
8	1	1	2	10.550340	0.00	0.00	0.00	0.00	0.00	0.00	0.00	0.00	-0.00	0.00
8	1	1	2	10.567663	0.00	0.00	0.00	0.00	0.00	0.00	0.00	0.00	-0.00	0.00
8	1	1	2	10.583632	0.00	0.00	0.00	0.00	0.00	0.00	0.00	0.00	-0.00	0.00
8	1	1	2	10.600159	0.00	0.00	0.00	0.00	0.00	0.00	0.00	0.00	-0.00	0.00
8	1	1	2	10.617492	0.00	0.00	0.00	0.00	0.00	0.00	0.00	0.00	-0.00	0.00
8	1	1	2	10.634136	-0.26	0.00	-15.67	0.00	-941.30	0.00	0.00	-0.00	-0.26	0.00
8	1	1	2	10.650328	-1.26	0.00	-61.76	0.00	-2846.30	0.00	0.00	-0.00	-1.26	0.00
8	1	1	2	10.667763	-3.08	0.00	-104.58	0.00	-2456.16	0.00	0.00	-0.00	-3.08	0.00
8	1	1	2	10.684183	-8.03	0.78	-301.42	47.64	-11987.90	2901.31	0.00	0.78	-8.03	0.00
8	1	1	2	10.701336	-19.23	1.30	-652.87	30.34	-20488.24	-1008.26	0.00	1.30	-19.23	0.00
8	1	1	2	10.717881	-37.46	1.30	-1102.01	0.00	-27147.33	-1834.04	0.00	1.30	-37.46	0.00
8	1	1	2	10.734059	-49.45	0.78	-740.56	-32.17	22342.94	-1988.82	0.00	0.78	-49.45	0.00
8	1	1	2	10.750215	-59.34	-1.04	-612.62	-112.85	7918.57	-4993.80	0.00	-1.04	-59.34	0.00
8	1	1	2	10.767704	-70.02	-3.65	-610.57	-148.92	117.43	-2061.90	0.00	-3.65	-70.02	0.00
8	1	1	2	10.783581	-79.14	-6.25	-574.20	-164.11	2290.60	-957.13	0.00	-6.25	-79.14	0.00
8	1	1	2	10.800609	-84.35	-7.55	-305.90	-76.45	15756.27	5148.16	0.00	-7.55	-84.35	0.00
8	1	1	2	10.816666	-89.30	-8.59	-308.23	-64.89	-144.88	719.54	0.00	-8.59	-89.30	0.00
8	1	1	2	10.833964	-91.38	-9.12	-120.47	-30.09	10854.12	2011.98	0.00	-9.12	-91.38	0.00
8	1	1	2	10.851025	-92.94	-9.64	-91.58	-30.57	1693.36	-27.89	0.00	-9.64	-92.94	0.00
8	1	1	2	10.866786	-94.24	-9.64	-82.59	0.00	570.60	1939.28	0.00	-9.64	-94.24	0.00
8	1	1	2	10.884530	-96.59	-9.64	-132.15	0.00	-2792.97	0.00	0.00	-9.64	-96.59	0.00
9	1	0	3	11.701364	0.00	0.00	0.00	0.00	0.00	0.00	0.00	0.00	-0.00	-0.00
9	1	1	3	11.717848	0.00	0.00	0.00	0.00	0.00	0.00	0.00	0.00	-0.00	-0.00
9	1	1	3	11.733918	0.00	0.00	0.00	0.00	0.00	0.00	0.00	0.00	-0.00	-0.00
9	1	1	3	11.751379	0.00	0.00	0.00	0.00	0.00	0.00	0.00	0.00	-0.00	-0.00
9	1	1	3	11.767738	0.00	0.00	0.00	0.00	0.00	0.00	0.00	0.00	-0.00	-0.00
9	1	1	3	11.784355	0.00	0.00	0.00	0.00	0.00	0.00	0.00	0.00	-0.00	-0.00
9	1	1	3	11.801188	0.00	0.00	0.00	0.00	0.00	0.00	0.00	0.00	-0.00	-0.00
9	1	1	3	11.818033	0.00	0.00	0.00	0.00	0.00	0.00	0.00	0.00	-0.00	-0.00
9	1	1	3	11.834557	0.00	0.00	0.00	0.00	0.00	0.00	0.00	0.00	-0.00	-0.00
9	1	1	3	11.850942	0.00	0.00	0.00	0.00	0.00	0.00	0.00	0.00	-0.00	-0.00
9	1	1	3	11.866912	0.00	0.00	0.00	0.00	0.00	0.00	0.00	0.00	-0.00	-0.00
9	1	1	3	11.884520	0.00	0.00	0.00	0.00	0.00	0.00	0.00	0.00	-0.00	-0.00
9	1	1	3	11.900503	0.00	0.00	0.00	0.00	0.00	0.00	0.00	0.00	-0.00	-0.00
9	1	1	3	11.917255	0.00	0.00	0.00	0.00	0.00	0.00	0.00	0.00	-0.00	-0.00
9	1	1	3	11.934805	0.00	0.00	0.00	0.00	0.00	0.00	0.00	0.00	-0.00	-0.00
9	1	1	3	11.951239	0.00	0.00	0.00	0.00	0.00	0.00	0.00	0.00	-0.00	-0.00
9	1	1	3	11.968112	0.00	0.00	0.00	0.00	0.00	0.00	0.00	0.00	-0.00	-0.00
9	1	1	3	11.984883	0.00	0.00	0.00	0.00	0.00	0.00	0.00	0.00	-0.00	-0.00
9	1	1	3	12.001077	0.00	0.00	0.00	0.00	0.00	0.00	0.00	0.00	-0.00	-0.00
9	1	1	3	12.017452	0.00	0.00	0.00	0.00	0.00	0.00	0.00	0.00	-0.00	-0.00
9	1	1	3	12.033644	0.00	0.00	0.00	0.00	0.00	0.00	0.00	0.00	-0.00	-0.00
9	1	1	3	12.050964	0.00	0.00	0.00	0.00	0.00	0.00	0.00	0.00	-0.00	-0.00
9	1	1	3	12.067018	0.00	0.00	0.00	0.00	0.00	0.00	0.00	0.00	-0.00	-0.00
9	1	1	3	12.084887	0.00	0.00	0.00	0.00	0.00	0.00	0.00	0.00	-0.00	-0.00
9	1	1	3	12.101511	0.00	0.00	0.00	0.00	0.00	0.00	0.00	0.00	-0.00	-0.00
9	1	1	3	12.117752	0.00	-1.30	0.00	-80.15	0.00	-4935.22	0.00	0.00	-0.00	-1.30
9	1	1	3	12.133917	0.00	-8.94	0.00	-472.67	0.00	-24282.01	0.00	0.00	-0.00	-8.94
9	1	1	3	12.150888	0.00	-36.03	0.00	-1596.08	0.00	-66196.08	0.00	0.00	-0.00	-36.03
9	1	1	3	12.168339	0.00	-67.28	0.00	-1791.01	0.00	-11170.42	0.00	0.00	-0.00	-67.28
9	1	1	3	12.184716	0.26	-79.00	15.86	-715.68	968.52	65660.94	0.26	0.00	-0.00	-79.00
9	1	1	3	12.201373	1.30	-89.68	62.56	-641.11	2803.42	4476.80	1.30	0.00	-0.00	-89.68
9	1	1	3	12.217695	1.82	-95.15	31.89	-335.11	-1878.89	18747.39	1.82	0.00	-0.00	-95.15
10	1	0	4	13.101208	0.00	0.00	0.00	0.00	0.00	0.00	0.00	0.00	0.00	-0.00
10	1	1	4	13.117786	0.00	0.00	0.00	0.00	0.00	0.00	0.00	0.00	0.00	-0.00
10	1	1	4	13.134550	0.00	0.00	0.00	0.00	0.00	0.00	0.00	0.00	0.00	-0.00
10	1	1	4	13.150662	0.00	0.00	0.00	0.00	0.00	0.00	0.00	0.00	0.00	-0.00
10	1	1	4	13.167082	0.00	0.00	0.00	0.00	0.00	0.00	0.00	0.00	0.00	-0.00
10	1	1	4	13.184158	0.00	0.00	0.00	0.00	0.00	0.00	0.00	0.00	0.00	-0.00
10	1	1	4	13.200798	0.00	0.00	0.00	0.00	0.00	0.00	0.00	0.00	0.00	-0.00
10	1	1	4	13.218192	0.00	0.00	0.00	0.00	0.00	0.00	0.00	0.00	0.00	-0.00
10	1	1	4	13.234563	0.00	0.00	0.00	0.00	0.00	0.00	0.00	0.00	0.00	-0.00
10	1	1	4	13.250789	0.00	0.00	0.00	0.00	0.00	0.00	0.00	0.00	0.00	-0.00
10	1	1	4	13.268132	0.00	0.00	0.00	0.00	0.00	0.00	0.00	0.00	0.00	-0.00
10	1	1	4	13.284623	0.00	0.00	0.00	0.00	0.00	0.00	0.00	0.00	0.00	-0.00
10	1	1	4	13.301300	0.00	0.00	0.00	0.00	0.00	0.00	0.00	0.00	0.00	-0.00
10	1	1	4	13.317307	0.00	0.00	0.00	0.00	0.00	0.00	0.00	0.00	0.00	-0.00
10	1	1	4	13.333933	0.00	0.00	0.00	0.00	0.00	0.00	0.00	0.00	0.00	-0.00
10	1	1	4	13.351616	0.00	0.00	0.00	0.00	0.00	0.00	0.00	0.00	0.00	-0.00
10	1	1	4	13.368228	0.00	0.00	0.00	0.00	0.00	0.00	0.00	0.00	0.00	-0.00
10	1	1	4	13.384716	0.00	0.00	0.00	0.00	0.00	0.00	0.00	0.00	0.00	-0.00
10	1	1	4	13.401279	0.00	0.00	0.00	0.00	0.00	0.00	0.00	0.00	0.00	-0.00
10	1	1	4	13.417823	0.00	0.00	0.00	0.00	0.00	0.00	0.00	0.00	0.00	-0.00
10	1	1	4	13.434561	-1.50	3.00	-89.61	179.23	-5353.85	10707.71	0.00	3.00	-1.50	0.00
10	1	1	4	13.451115	-1.75	3.50	-15.10	30.20	4501.23	-9002.47	0.00	3.50	-1.75	0.00
10	1	1	4	13.468494	-1.75	4.28	0.00	45.01	868.98	851.85	0.00	4.28	-1.75	0.00
10	1	1	4	13.485065	-1.75	4.63	0.00	20.92	0.00	-1453.65	0.00	4.63	-1.75	0.00
10	1	1	4	13.501556	-1.25	4.88	30.32	15.16	1838.39	-349.40	0.00	4.88	-1.25	0.00
10	1	1	4	13.517904	4.83	6.09	371.74	74.37	20885.37	3622.16	0.00	6.09	4.83	-0.00
10	1	1	4	13.534448	25.40	8.96	1243.74	173.19	52708.44	5973.14	0.00	8.96	25.40	-0.00
10	1	1	4	13.551271	52.49	10.78	1610.14	108.38	21780.32	-3852.60	0.00	10.78	52.49	-0.00
10	1	1	4	13.567932	84.79	11.04	1938.42	15.59	19702.61	-5569.10	0.00	11.04	84.79	-0.00
10	1	1	4	13.584521	104.58	11.04	1193.24	0.00	-44919.50	-939.81	0.00	11.04	104.58	-0.00
11	1	0	1	14.501472	0.00	0.00	0.00	0.00	0.00	0.00	0.00	0.00	0.00	0.00
11	1	1	1	14.518304	0.00	0.00	0.00	0.00	0.00	0.00	0.00	0.00	0.00	0.00
11	1	1	1	14.534373	0.00	0.00	0.00	0.00	0.00	0.00	0.00	0.00	0.00	0.00
11	1	1	1	14.551854	0.00	0.00	0.00	0.00	0.00	0.00	0.00	0.00	0.00	0.00
11	1	1	1	14.568284	0.00	0.00	0.00	0.00	0.00	0.00	0.00	0.00	0.00	0.00
11	1	1	1	14.584493	0.00	0.00	0.00	0.00	0.00	0.00	0.00	0.00	0.00	0.00
11	1	1	1	14.600462	0.00	0.00	0.00	0.00	0.00	0.00	0.00	0.00	0.00	0.00
11	1	1	1	14.617800	0.00	0.00	0.00	0.00	0.00	0.00	0.00	0.00	0.00	0.00
11	1	1	1	14.634587	0.00	0.00	0.00	0.00	0.00	0.00	0.00	0.00	0.00	0.00
11	1	1	1	14.651054	0.00	0.00	0.00	0.00	0.00	0.00	0.00	0.00	0.00	0.00
11	1	1	1	14.668574	0.00	0.00	0.00	0.00	0.00	0.00	0.00	0.00	0.00	0.00
11	1	1	1	14.684749	0.00	0.00	0.00	0.00	0.00	0.00	0.00	0.00	0.00	0.00
11	1	1	1	14.700668	0.00	0.00	0.00	0.00	0.00	0.00	0.00	0.00	0.00	0.00
11	1	1	1	14.717605	0.00	0.00	0.00	0.00	0.00	0.00	0.00	0.00	0.00	0.00
11	1	1	1	14.735217	0.00	0.00	0.00	0.00	0.00	0.00	0.00	0.00	0.00	0.00
11	1	1	1	14.751206	0.00	0.00	0.00	0.00	0.00	0.00	0.00	0.00	0.00	0.00
11	1	1	1	14.767594	0.00	0.00	0.00	0.00	0.00	0.00	0.00	0.00	0.00	0.00
11	1	1	1	14.785056	0.00	0.00	0.00	0.00	0.00	0.00	0.00	0.00	0.00	0.00
11	1	1	1	14.801707	0.00	0.00	0.00	0.00	0.00	0.00	0.00	0.00	0.00	0.00
11	1	1	1	14.818064	0.00	0.00	0.00	0.00	0.00	0.00	0.00	0.00	0.00	0.00
11	1	1	1	14.834616	0.00	0.00	0.00	0.00	0.00	0.00	0.00	0.00	0.00	0.00
11	1	1	1	14.851172	0.00	0.25	0.00	15.10	0.00	912.05	-0.00	0.00	0.00	0.25
11	1	1	1	14.867672	0.00	9.45	0.00	557.78	0.00	32890.40	-0.00	0.00	0.00	9.45
11	1	1	1	14.884988	2.34	33.16	135.35	1368.81	7816.64	46837.09	2.34	0.00	0.00	33.16
11	1	1	1	14.900928	7.81	64.67	343.15	1977.14	13035.98	38164.35	7.81	0.00	0.00	64.67
11	1	1	1	14.918208	14.06	94.10	361.74	1703.20	1076.21	-15853.01	14.06	0.00	0.00	94.10
12	1	0	2	15.901445	0.00	0.00	0.00	0.00	0.00	0.00	0.00	0.00	-0.00	0.00
12	1	1	2	15.918329	0.00	0.00	0.00	0.00	0.00	0.00	0.00	0.00	-0.00	0.00
12	1	1	2	15.934885	0.00	0.00	0.00	0.00	0.00	0.00	0.00	0.00	-0.00	0.00
12	1	1	2	15.951065	0.00	0.00	0.00	0.00	0.00	0.00	0.00	0.00	-0.00	0.00
12	1	1	2	15.968759	0.00	0.00	0.00	0.00	0.00	0.00	0.00	0.00	-0.00	0.00
12	1	1	2	15.985134	0.00	0.00	0.00	0.00	0.00	0.00	0.00	0.00	-0.00	0.00
12	1	1	2	16.001255	0.00	0.00	0.00	0.00	0.00	0.00	0.00	0.00	-0.00	0.00
12	1	1	2	16.018701	0.00	0.00	0.00	0.00	0.00	0.00	0.00	0.00	-0.00	0.00
12	1	1	2	16.034792	0.00	0.00	0.00	0.00	0.00	0.00	0.00	0.00	-0.00	0.00
12	1	1	2	16.051341	0.00	0.00	0.00	0.00	0.00	0.00	0.00	0.00	-0.00	0.00
12	1	1	2	16.068611	0.00	0.00	0.00	0.00	0.00	0.00	0.00	0.00	-0.00	0.00
12	1	1	2	16.085008	0.00	0.00	0.00	0.00	0.00	0.00	0.00	0.00	-0.00	0.00
12	1	1	2	16.101383	0.00	0.00	0.00	0.00	0.00	0.00	0.00	0.00	-0.00	0.00
12	1	1	2	16.117909	0.00	0.00	0.00	0.00	0.00	0.00	0.00	0.00	-0.00	0.00
12	1	1	2	16.135358	0.00	0.00	0.00	0.00	0.00	0.00	0.00	0.00	-0.00	0.00
12	1	1	2	16.151824	0.00	0.00	0.00	0.00	0.00	0.00	0.00	0.00	-0.00	0.00
12	1	1	2	16.167780	0.00	0.00	0.00	0.00	0.00	0.00	0.00	0.00	-0.00	0.00
12	1	1	2	16.184887	-3.39	1.56	-197.97	91.39	-11572.14	5342.27	0.00	1.56	-3.39	0.00
12	1	1	2	16.201778	-8.89	3.31	-325.63	103.61	-7558.04	723.28	0.00	3.31	-8.89	0.00
12	1	1	2	16.218545	-40.40	9.56	-1879.54	372.81	-92675.92	16055.24	0.00	9.56	-40.40	0.00
12	1	1	2	16.234921	-70.62	11.39	-1845.03	111.34	2107.77	-15966.97	0.00	11.39	-70.62	0.00
12	1	1	2	16.251227	-112.29	11.39	-2555.67	0.00	-43582.02	-6827.99	0.00	11.39	-112.29	0.00
13	1	0	1	17.301677	0.00	0.00	0.00	0.00	0.00	0.00	0.00	0.00	0.00	0.00
13	1	1	1	17.318623	0.00	0.00	0.00	0.00	0.00	0.00	0.00	0.00	0.00	0.00
13	1	1	1	17.335735	0.00	0.00	0.00	0.00	0.00	0.00	0.00	0.00	0.00	0.00
13	1	1	1	17.352047	0.00	0.00	0.00	0.00	0.00	0.00	0.00	0.00	0.00	0.00
13	1	1	1	17.368273	0.00	0.00	0.00	0.00	0.00	0.00	0.00	0.00	0.00	0.00
13	1	1	1	17.385525	0.00	0.00	0.00	0.00	0.00	0.00	0.00	0.00	0.00	0.00
13	1	1	1	17.401698	0.00	0.00	0.00	0.00	0.00	0.00	0.00	0.00	0.00	0.00
13	1	1	1	17.417948	0.00	0.00	0.00	0.00	0.00	0.00	0.00	0.00	0.00	0.00
13	1	1	1	17.435666	0.00	0.00	0.00	0.00	0.00	0.00	0.00	0.00	0.00	0.00
13	1	1	1	17.452213	0.00	0.00	0.00	0.00	0.00	0.00	0.00	0.00	0.00	0.00
13	1	1	1	17.468351	0.00	0.00	0.00	0.00	0.00	0.00	0.00	0.00	0.00	0.00
13	1	1	1	17.484566	0.00	0.00	0.00	0.00	0.00	0.00	0.00	0.00	0.00	0.00
13	1	1	1	17.501797	0.00	0.00	0.00	0.00	0.00	0.00	0.00	0.00	0.00	0.00
13	1	1	1	17.518115	0.00	0.00	0.00	0.00	0.00	0.00	0.00	0.00	0.00	0.00
13	1	1	1	17.535766	0.00	0.00	0.00	0.00	0.00	0.00	0.00	0.00	0.00	0.00
13	1	1	1	17.552317	0.00	0.00	0.00	0.00	0.00	0.00	0.00	0.00	0.00	0.00
13	1	1	1	17.568414	0.00	0.00	0.00	0.00	0.00	0.00	0.00	0.00	0.00	0.00
13	1	1	1	17.585856	0.00	0.00	0.00	0.00	0.00	0.00	0.00	0.00	0.00	0.00
13	1	1	1	17.601767	0.00	0.00	0.00	0.00	0.00	0.00	0.00	0.00	0.00	0.00
13	1	1	1	17.618367	0.00	0.00	0.00	0.00	0.00	0.00	0.00	0.00	0.00	0.00
13	1	1	1	17.634840	0.00	0.00	0.00	0.00	0.00	0.00	0.00	0.00	0.00	0.00
13	1	1	1	17.651460	0.00	0.00	0.00	0.00	0.00	0.00	0.00	0.00	0.00	0.00
13	1	1	1	17.668004	0.00	0.00	0.00	0.00	0.00	0.00	0.00	0.00	0.00	0.00
13	1	1	1	17.685422	0.00	0.00	0.00	0.00	0.00	0.00	0.00	0.00	0.00	0.00
13	1	1	1	17.701753	0.00	0.00	0.00	0.00	0.00	0.00	0.00	0.00	0.00	0.00
13	1	1	1	17.717919	-0.26	1.82	-16.13	112.78	-997.74	6976.71	-0.26	0.00	0.00	1.82
13	1	1	1	17.735787	-0.01	4.57	13.99	153.91	1685.72	2301.37	-0.01	0.00	0.00	4.57
13	1	1	1	17.752166	0.51	14.21	31.78	588.43	1086.04	26529.50	0.51	0.00	0.00	14.21
13	1	1	1	17.768623	1.55	34.27	63.32	1218.65	1916.51	38296.79	1.55	0.00	0.00	34.27
13	1	1	1	17.785121	2.33	67.34	47.35	2004.91	-967.70	47655.62	2.33	0.00	0.00	67.34
13	1	1	1	17.801435	2.85	101.46	31.97	2091.53	-943.15	5310.09	2.85	0.00	0.00	101.46
14	1	0	3	18.702127	0.00	0.00	0.00	0.00	0.00	0.00	0.00	0.00	-0.00	-0.00
14	1	1	3	18.718763	0.00	0.00	0.00	0.00	0.00	0.00	0.00	0.00	-0.00	-0.00
14	1	1	3	18.735646	0.00	0.00	0.00	0.00	0.00	0.00	0.00	0.00	-0.00	-0.00
14	1	1	3	18.752173	0.00	0.00	0.00	0.00	0.00	0.00	0.00	0.00	-0.00	-0.00
14	1	1	3	18.768030	0.00	0.00	0.00	0.00	0.00	0.00	0.00	0.00	-0.00	-0.00
14	1	1	3	18.785800	0.00	0.00	0.00	0.00	0.00	0.00	0.00	0.00	-0.00	-0.00
14	1	1	3	18.802107	0.00	0.00	0.00	0.00	0.00	0.00	0.00	0.00	-0.00	-0.00
14	1	1	3	18.818298	0.00	0.00	0.00	0.00	0.00	0.00	0.00	0.00	-0.00	-0.00
14	1	1	3	18.834831	0.00	0.00	0.00	0.00	0.00	0.00	0.00	0.00	-0.00	-0.00
14	1	1	3	18.852279	0.00	0.00	0.00	0.00	0.00	0.00	0.00	0.00	-0.00	-0.00
14	1	1	3	18.868497	0.00	0.00	0.00	0.00	0.00	0.00	0.00	0.00	-0.00	-0.00
14	1	1	3	18.884684	0.00	0.00	0.00	0.00	0.00	0.00	0.00	0.00	-0.00	-0.00
14	1	1	3	18.902105	0.00	0.00	0.00	0.00	0.00	0.00	0.00	0.00	-0.00	-0.00
14	1	1	3	18.918404	0.00	0.00	0.00	0.00	0.00	0.00	0.00	0.00	-0.00	-0.00
14	1	1	3	18.935007	0.00	0.00	0.00	0.00	0.00	0.00	0.00	0.00	-0.00	-0.00
14	1	1	3	18.952430	0.00	0.00	0.00	0.00	0.00	0.00	0.00	0.00	-0.00	-0.00
14	1	1	3	18.968809	0.00	0.00	0.00	0.00	0.00	0.00	0.00	0.00	-0.00	-0.00
14	1	1	3	18.985270	0.00	0.00	0.00	0.00	0.00	0.00	0.00	0.00	-0.00	-0.00
14	1	1	3	19.001524	0.00	0.00	0.00	0.00	0.00	0.00	0.00	0.00	-0.00	-0.00
14	1	1	3	19.019153	0.00	0.00	0.00	0.00	0.00	0.00	0.00	0.00	-0.00	-0.00
14	1	1	3	19.035421	0.00	0.00	0.00	0.00	0.00	0.00	0.00	0.00	-0.00	-0.00
14	1	1	3	19.051533	0.00	0.00	0.00	0.00	0.00	0.00	0.00	0.00	-0.00	-0.00
14	1	1	3	19.069032	0.00	0.00	0.00	0.00	0.00	0.00	0.00	0.00	-0.00	-0.00
14	1	1	3	19.085315	0.00	0.00	0.00	0.00	0.00	0.00	0.00	0.00	-0.00	-0.00
14	1	1	3	19.101894	0.00	0.00	0.00	0.00	0.00	0.00	0.00	0.00	-0.00	-0.00
14	1	1	3	19.117960	0.00	0.00	0.00	0.00	0.00	0.00	0.00	0.00	-0.00	-0.00
14	1	1	3	19.135698	0.00	0.00	0.00	0.00	0.00	0.00	0.00	0.00	-0.00	-0.00
14	1	1	3	19.152021	0.00	0.00	0.00	0.00	0.00	0.00	0.00	0.00	-0.00	-0.00
14	1	1	3	19.169191	0.00	0.00	0.00	0.00	0.00	0.00	0.00	0.00	-0.00	-0.00
14	1	1	3	19.185685	0.00	-1.25	0.00	-75.79	0.00	-4594.76	0.00	0.00	-0.00	-1.25
14	1	1	3	19.202326	-0.25	-4.00	-15.02	-165.25	-902.75	-5376.17	-0.25	0.00	-0.00	-4.00
14	1	1	3	19.218581	-1.55	-12.86	-80.15	-544.80	-4006.46	-23350.35	-1.55	0.00	-0.00	-12.86
14	1	1	3	19.235075	-2.33	-44.89	-47.36	-1942.20	1987.45	-84718.14	-2.33	0.00	-0.00	-44.89
14	1	1	3	19.251824	-2.33	-78.75	0.00	-2021.66	2827.97	-4744.33	-2.33	0.00	-0.00	-78.75
14	1	1	3	19.269258	-2.33	-101.41	0.00	-1299.77	0.00	41407.15	-2.33	0.00	-0.00	-101.41
15	1	0	2	20.102247	0.00	0.00	0.00	0.00	0.00	0.00	0.00	0.00	-0.00	0.00
15	1	1	2	20.119953	0.00	0.00	0.00	0.00	0.00	0.00	0.00	0.00	-0.00	0.00
15	1	1	2	20.135598	0.00	0.00	0.00	0.00	0.00	0.00	0.00	0.00	-0.00	0.00
15	1	1	2	20.151647	0.00	0.00	0.00	0.00	0.00	0.00	0.00	0.00	-0.00	0.00
15	1	1	2	20.169215	0.00	0.00	0.00	0.00	0.00	0.00	0.00	0.00	-0.00	0.00
15	1	1	2	20.185189	0.00	0.00	0.00	0.00	0.00	0.00	0.00	0.00	-0.00	0.00
15	1	1	2	20.202673	0.00	0.00	0.00	0.00	0.00	0.00	0.00	0.00	-0.00	0.00
15	1	1	2	20.218556	0.00	0.00	0.00	0.00	0.00	0.00	0.00	0.00	-0.00	0.00
15	1	1	2	20.235837	0.00	0.00	0.00	0.00	0.00	0.00	0.00	0.00	-0.00	0.00
15	1	1	2	20.251852	0.00	0.00	0.00	0.00	0.00	0.00	0.00	0.00	-0.00	0.00
15	1	1	2	20.269334	0.00	0.00	0.00	0.00	0.00	0.00	0.00	0.00	-0.00	0.00
15	1	1	2	20.285669	0.00	0.00	0.00	0.00	0.00	0.00	0.00	0.00	-0.00	0.00
15	1	1	2	20.302382	0.00	0.00	0.00	0.00	0.00	0.00	0.00	0.00	-0.00	0.00
15	1	1	2	20.318966	0.00	0.00	0.00	0.00	0.00	0.00	0.00	0.00	-0.00	0.00
15	1	1	2	20.335450	0.00	0.00	0.00	0.00	0.00	0.00	0.00	0.00	-0.00	0.00
15	1	1	2	20.352866	0.00	0.00	0.00	0.00	0.00	0.00	0.00	0.00	-0.00	0.00
15	1	1	2	20.369325	0.00	0.00	0.00	0.00	0.00	0.00	0.00	0.00	-0.00	0.00
15	1	1	2	20.385724	0.00	0.00	0.00	0.00	0.00	0.00	0.00	0.00	-0.00	0.00
15	1	1	2	20.402160	0.00	0.00	0.00	0.00	0.00	0.00	0.00	0.00	-0.00	0.00
15	1	1	2	20.418511	0.00	0.00	0.00	0.00	0.00	0.00	0.00	0.00	-0.00	0.00
15	1	1	2	20.435130	0.00	0.00	0.00	0.00	0.00	0.00	0.00	0.00	-0.00	0.00
15	1	1	2	20.452610	0.00	0.00	0.00	0.00	0.00	0.00	0.00	0.00	-0.00	0.00
15	1	1	2	20.469119	0.00	0.00	0.00	0.00	0.00	0.00	0.00	0.00	-0.00	0.00
15	1	1	2	20.485724	0.00	0.00	0.00	0.00	0.00	0.00	0.00	0.00	-0.00	0.00
15	1	1	2	20.502218	0.00	0.00	0.00	0.00	0.00	0.00	0.00	0.00	-0.00	0.00
15	1	1	2	20.519528	-0.25	-1.75	-14.44	-101.10	-834.36	-5840.55	-0.00	-1.75	-0.25	0.00
15	1	1	2	20.535907	-4.94	-1.75	-286.24	0.00	-16593.51	6172.23	0.00	-1.75	-4.94	0.00
15	1	1	2	20.551730	-12.23	-1.75	-460.93	0.00	-11040.47	0.00	0.00	-1.75	-12.23	0.00
15	1	1	2	20.568772	-22.13	-2.53	-580.77	-45.84	-7032.64	-2690.03	0.00	-2.53	-22.13	0.00
15	1	1	2	20.585171	-43.23	-7.48	-1286.46	-301.74	-43032.40	-15604.48	0.00	-7.48	-43.23	0.00
15	1	1	2	20.602300	-66.93	-13.21	-1383.75	-334.55	-5679.86	-1915.42	0.00	-13.21	-66.93	0.00
15	1	1	2	20.618541	-81.51	-16.60	-898.06	-208.46	29904.14	7763.31	0.00	-16.60	-81.51	0.00
15	1	1	2	20.635966	-92.19	-18.42	-612.86	-104.64	16367.97	5958.55	0.00	-18.42	-92.19	0.00
15	1	1	2	20.652278	-98.96	-18.94	-415.11	-31.91	12122.48	4458.49	0.00	-18.94	-98.96	0.00
16	1	0	4	21.502019	0.00	0.00	0.00	0.00	0.00	0.00	0.00	0.00	0.00	-0.00
16	1	1	4	21.519798	0.00	0.00	0.00	0.00	0.00	0.00	0.00	0.00	0.00	-0.00
16	1	1	4	21.535902	0.00	0.00	0.00	0.00	0.00	0.00	0.00	0.00	0.00	-0.00
16	1	1	4	21.552987	0.00	0.00	0.00	0.00	0.00	0.00	0.00	0.00	0.00	-0.00
16	1	1	4	21.569326	0.00	0.00	0.00	0.00	0.00	0.00	0.00	0.00	0.00	-0.00
16	1	1	4	21.585995	0.00	0.00	0.00	0.00	0.00	0.00	0.00	0.00	0.00	-0.00
16	1	1	4	21.602614	0.00	0.00	0.00	0.00	0.00	0.00	0.00	0.00	0.00	-0.00
16	1	1	4	21.619030	0.00	0.00	0.00	0.00	0.00	0.00	0.00	0.00	0.00	-0.00
16	1	1	4	21.636261	0.00	0.00	0.00	0.00	0.00	0.00	0.00	0.00	0.00	-0.00
16	1	1	4	21.652124	0.00	0.00	0.00	0.00	0.00	0.00	0.00	0.00	0.00	-0.00
16	1	1	4	21.669667	0.00	0.00	0.00	0.00	0.00	0.00	0.00	0.00	0.00	-0.00
16	1	1	4	21.686213	0.00	0.00	0.00	0.00	0.00	0.00	0.00	0.00	0.00	-0.00
16	1	1	4	21.702648	0.00	0.00	0.00	0.00	0.00	0.00	0.00	0.00	0.00	-0.00
16	1	1	4	21.718902	0.00	0.00	0.00	0.00	0.00	0.00	0.00	0.00	0.00	-0.00
16	1	1	4	21.735236	0.00	0.00	0.00	0.00	0.00	0.00	0.00	0.00	0.00	-0.00
16	1	1	4	21.752493	0.00	0.00	0.00	0.00	0.00	0.00	0.00	0.00	0.00	-0.00
16	1	1	4	21.769179	0.00	0.00	0.00	0.00	0.00	0.00	0.00	0.00	0.00	-0.00
16	1	1	4	21.785155	0.00	0.00	0.00	0.00	0.00	0.00	0.00	0.00	0.00	-0.00
16	1	1	4	21.801948	0.00	0.00	0.00	0.00	0.00	0.00	0.00	0.00	0.00	-0.00
16	1	1	4	21.819102	0.00	0.00	0.00	0.00	0.00	0.00	0.00	0.00	0.00	-0.00
16	1	1	4	21.835216	0.00	0.00	0.00	0.00	0.00	0.00	0.00	0.00	0.00	-0.00
16	1	1	4	21.852121	0.75	0.25	44.37	14.79	2624.59	874.86	0.00	0.25	0.75	-0.00
16	1	1	4	21.869557	2.25	0.75	86.03	28.68	2389.31	796.44	0.00	0.75	2.25	-0.00
16	1	1	4	21.885917	12.15	3.36	604.92	159.26	31716.68	7981.71	0.00	3.36	12.15	-0.00
16	1	1	4	21.902413	29.34	6.22	1042.11	173.64	26503.13	871.60	0.00	6.22	29.34	-0.00
16	1	1	4	21.918637	54.08	8.04	1525.17	112.38	29774.76	-3775.61	0.00	8.04	54.08	-0.00
16	1	1	4	21.936142	81.17	8.04	1547.34	0.00	1266.36	-6419.71	0.00	8.04	81.17	-0.00
16	1	1	4	21.952557	97.06	8.04	967.93	0.00	-35297.30	0.00	0.00	8.04	97.06	-0.00
