Trial	Type	Target/Home(1,0)	Target #	Time(s)	Xpos	Ypos	Xvel	Yvel	Xaccel	Yaccel	Xerror	Yerror	Xprojection	Yprojection
1	1	0	3	0.516905	0.00	0.00	0.00	0.00	0.00	0.00	0.00	0.00	-0.00	-0.00
1	1	1	3	0.532013	0.00	0.00	0.00	0.00	0.00	0.00	0.00	0.00	-0.00	-0.00
1	1	1	3	0.549307	0.00	0.00	0.00	0.00	0.00	0.00	0.00	0.00	-0.00	-0.00
1	1	1	3	0.565198	0.00	0.00	0.00	0.00	0.00	0.00	0.00	0.00	-0.00	-0.00
1	1	1	3	0.582616	0.00	0.00	0.00	0.00	0.00	0.00	0.00	0.00	-0.00	-0.00
1	1	1	3	0.598989	0.00	0.00	0.00	0.00	0.00	0.00	0.00	0.00	-0.00	-0.00
1	1	1	3	0.616266	0.00	0.00	0.00	0.00	0.00	0.00	0.00	0.00	-0.00	-0.00
1	1	1	3	0.632461	0.00	0.00	0.00	0.00	0.00	0.00	0.00	0.00	-0.00	-0.00
1	1	1	3	0.649582	0.00	0.00	0.00	0.00	0.00	0.00	0.00	0.00	-0.00	-0.00
1	1	1	3	0.665269	0.00	0.00	0.00	0.00	0.00	0.00	0.00	0.00	-0.00	-0.00
1	1	1	3	0.681747	0.00	0.00	0.00	0.00	0.00	0.00	0.00	0.00	-0.00	-0.00
1	1	1	3	0.698908	0.00	0.00	0.00	0.00	0.00	0.00	0.00	0.00	-0.00	-0.00
1	1	1	3	0.716268	0.00	0.00	0.00	0.00	0.00	0.00	0.00	0.00	-0.00	-0.00
1	1	1	3	0.732435	0.00	0.00	0.00	0.00	0.00	0.00	0.00	0.00	-0.00	-0.00
1	1	1	3	0.749168	0.00	0.00	0.00	0.00	0.00	0.00	0.00	0.00	-0.00	-0.00
1	1	1	3	0.764821	0.00	0.00	0.00	0.00	0.00	0.00	0.00	0.00	-0.00	-0.00
1	1	1	3	0.781874	0.00	0.00	0.00	0.00	0.00	0.00	0.00	0.00	-0.00	-0.00
1	1	1	3	0.798939	0.00	0.00	0.00	0.00	0.00	0.00	0.00	0.00	-0.00	-0.00
1	1	1	3	0.815967	0.00	0.00	0.00	0.00	0.00	0.00	0.00	0.00	-0.00	-0.00
1	1	1	3	0.831501	0.00	0.00	0.00	0.00	0.00	0.00	0.00	0.00	-0.00	-0.00
1	1	1	3	0.848765	0.00	0.00	0.00	0.00	0.00	0.00	0.00	0.00	-0.00	-0.00
1	1	1	3	0.865880	0.00	0.00	0.00	0.00	0.00	0.00	0.00	0.00	-0.00	-0.00
1	1	1	3	0.881676	0.00	0.00	0.00	0.00	0.00	0.00	0.00	0.00	-0.00	-0.00
1	1	1	3	0.898746	0.00	0.00	0.00	0.00	0.00	0.00	0.00	0.00	-0.00	-0.00
1	1	1	3	0.916073	0.00	0.00	0.00	0.00	0.00	0.00	0.00	0.00	-0.00	-0.00
1	1	1	3	0.932250	0.00	0.59	0.00	36.29	0.00	2243.57	-0.00	0.00	0.00	0.59
1	1	1	3	0.949363	0.00	0.00	0.00	-34.31	0.00	-4125.30	0.00	0.00	-0.00	-0.00
1	1	1	3	0.965776	0.00	0.00	0.00	0.00	0.00	2090.09	0.00	0.00	-0.00	-0.00
1	1	1	3	0.982707	0.00	0.00	0.00	0.00	0.00	0.00	0.00	0.00	-0.00	-0.00
1	1	1	3	0.998742	0.00	0.00	0.00	0.00	0.00	0.00	0.00	0.00	-0.00	-0.00
1	1	1	3	1.015938	0.00	0.00	0.00	0.00	0.00	0.00	0.00	0.00	-0.00	-0.00
1	1	1	3	1.031756	0.00	0.00	0.00	0.00	0.00	0.00	0.00	0.00	-0.00	-0.00
1	1	1	3	1.048696	0.00	0.00	0.00	0.00	0.00	0.00	0.00	0.00	-0.00	-0.00
1	1	1	3	1.065835	0.00	0.00	0.00	0.00	0.00	0.00	0.00	0.00	-0.00	-0.00
1	1	1	3	1.081977	0.00	-1.57	0.00	-96.99	0.00	-6008.26	0.00	0.00	-0.00	-1.57
1	1	1	3	1.098681	0.00	-7.44	0.00	-351.46	0.00	-15233.78	0.00	0.00	-0.00	-7.44
1	1	1	3	1.115753	0.00	-16.63	0.00	-538.77	0.00	-10972.55	0.00	0.00	-0.00	-16.63
1	1	1	3	1.131640	0.00	-38.16	0.00	-1354.91	0.00	-51369.47	0.00	0.00	-0.00	-38.16
1	1	1	3	1.149021	0.00	-56.36	0.00	-1047.14	0.00	17708.20	0.00	0.00	-0.00	-56.36
1	1	1	3	1.166363	-0.98	-88.84	-56.42	-1872.88	-3253.22	-47614.60	-0.98	0.00	-0.00	-88.84
1	1	1	3	1.182593	-3.32	-99.94	-144.58	-684.22	-5432.38	73239.94	-3.32	0.00	-0.00	-99.94
2	1	0	4	1.911704	0.00	0.00	0.00	0.00	0.00	0.00	0.00	0.00	0.00	-0.00
2	1	1	4	1.928150	0.00	0.00	0.00	0.00	0.00	0.00	0.00	0.00	0.00	-0.00
2	1	1	4	1.943623	0.00	0.00	0.00	0.00	0.00	0.00	0.00	0.00	0.00	-0.00
2	1	1	4	1.962444	0.00	0.00	0.00	0.00	0.00	0.00	0.00	0.00	0.00	-0.00
2	1	1	4	1.978406	0.00	0.00	0.00	0.00	0.00	0.00	0.00	0.00	0.00	-0.00
2	1	1	4	1.994143	0.00	0.00	0.00	0.00	0.00	0.00	0.00	0.00	0.00	-0.00
2	1	1	4	2.011119	0.00	0.00	0.00	0.00	0.00	0.00	0.00	0.00	0.00	-0.00
2	1	1	4	2.027195	0.00	0.00	0.00	0.00	0.00	0.00	0.00	0.00	0.00	-0.00
2	1	1	4	2.045882	0.00	0.00	0.00	0.00	0.00	0.00	0.00	0.00	0.00	-0.00
2	1	1	4	2.061173	0.00	0.00	0.00	0.00	0.00	0.00	0.00	0.00	0.00	-0.00
2	1	1	4	2.077940	0.00	0.00	0.00	0.00	0.00	0.00	0.00	0.00	0.00	-0.00
2	1	1	4	2.095424	0.00	0.00	0.00	0.00	0.00	0.00	0.00	0.00	0.00	-0.00
2	1	1	4	2.111652	0.00	0.00	0.00	0.00	0.00	0.00	0.00	0.00	0.00	-0.00
2	1	1	4	2.127051	0.00	0.00	0.00	0.00	0.00	0.00	0.00	0.00	0.00	-0.00
2	1	1	4	2.144278	0.00	0.00	0.00	0.00	0.00	0.00	0.00	0.00	0.00	-0.00
2	1	1	4	2.161296	0.00	0.00	0.00	0.00	0.00	0.00	0.00	0.00	0.00	-0.00
2	1	1	4	2.178040	0.00	0.00	0.00	0.00	0.00	0.00	0.00	0.00	0.00	-0.00
2	1	1	4	2.194801	0.00	0.00	0.00	0.00	0.00	0.00	0.00	0.00	0.00	-0.00
2	1	1	4	2.212066	0.00	0.00	0.00	0.00	0.00	0.00	0.00	0.00	0.00	-0.00
2	1	1	4	2.227982	0.00	0.00	0.00	0.00	0.00	0.00	0.00	0.00	0.00	-0.00
2	1	1	4	2.244942	0.00	0.00	0.00	0.00	0.00	0.00	0.00	0.00	0.00	-0.00
2	1	1	4	2.260992	0.00	0.00	0.00	0.00	0.00	0.00	0.00	0.00	0.00	-0.00
2	1	1	4	2.277713	0.00	-0.20	0.00	-11.70	0.00	-699.91	-0.00	-0.20	0.00	-0.00
2	1	1	4	2.295494	0.00	-6.07	0.00	-330.17	0.00	-17910.09	-0.00	-6.07	0.00	-0.00
2	1	1	4	2.311489	0.00	-14.29	0.00	-513.87	0.00	-11485.14	-0.00	-14.29	0.00	-0.00
2	1	1	4	2.328791	0.00	-38.94	0.00	-1425.08	0.00	-52663.50	-0.00	-38.94	0.00	-0.00
2	1	1	4	2.344456	0.00	-63.41	0.00	-1561.57	0.00	-8713.22	-0.00	-63.41	0.00	-0.00
2	1	1	4	2.362156	0.00	-84.34	0.00	-1183.01	0.00	21387.57	-0.00	-84.34	0.00	-0.00
2	1	1	4	2.377828	0.00	-100.00	0.00	-998.97	0.00	11743.51	-0.00	-100.00	0.00	-0.00
3	1	0	1	3.315418	0.00	0.00	0.00	0.00	0.00	0.00	0.00	0.00	0.00	0.00
3	1	1	1	3.333625	0.00	0.00	0.00	0.00	0.00	0.00	0.00	0.00	0.00	0.00
3	1	1	1	3.349568	0.00	0.00	0.00	0.00	0.00	0.00	0.00	0.00	0.00	0.00
3	1	1	1	3.365341	0.00	0.00	0.00	0.00	0.00	0.00	0.00	0.00	0.00	0.00
3	1	1	1	3.382915	0.00	0.00	0.00	0.00	0.00	0.00	0.00	0.00	0.00	0.00
3	1	1	1	3.399162	0.00	0.00	0.00	0.00	0.00	0.00	0.00	0.00	0.00	0.00
3	1	1	1	3.414895	0.00	0.00	0.00	0.00	0.00	0.00	0.00	0.00	0.00	0.00
3	1	1	1	3.432643	0.00	0.00	0.00	0.00	0.00	0.00	0.00	0.00	0.00	0.00
3	1	1	1	3.448643	0.00	0.00	0.00	0.00	0.00	0.00	0.00	0.00	0.00	0.00
3	1	1	1	3.465958	0.00	0.00	0.00	0.00	0.00	0.00	0.00	0.00	0.00	0.00
3	1	1	1	3.481875	0.00	0.00	0.00	0.00	0.00	0.00	0.00	0.00	0.00	0.00
3	1	1	1	3.499004	0.00	0.00	0.00	0.00	0.00	0.00	0.00	0.00	0.00	0.00
3	1	1	1	3.516312	0.00	0.00	0.00	0.00	0.00	0.00	0.00	0.00	0.00	0.00
3	1	1	1	3.532018	0.00	0.00	0.00	0.00	0.00	0.00	0.00	0.00	0.00	0.00
3	1	1	1	3.549684	0.00	0.00	0.00	0.00	0.00	0.00	0.00	0.00	0.00	0.00
3	1	1	1	3.565542	0.00	0.00	0.00	0.00	0.00	0.00	0.00	0.00	0.00	0.00
3	1	1	1	3.582081	0.00	0.00	0.00	0.00	0.00	0.00	0.00	0.00	0.00	0.00
3	1	1	1	3.599348	0.00	0.00	0.00	0.00	0.00	0.00	0.00	0.00	0.00	0.00
3	1	1	1	3.615556	0.00	0.00	0.00	0.00	0.00	0.00	0.00	0.00	0.00	0.00
3	1	1	1	3.632320	0.00	0.00	0.00	0.00	0.00	0.00	0.00	0.00	0.00	0.00
3	1	1	1	3.648726	0.00	0.00	0.00	0.00	0.00	0.00	0.00	0.00	0.00	0.00
3	1	1	1	3.665866	0.00	0.00	0.00	0.00	0.00	0.00	0.00	0.00	0.00	0.00
3	1	1	1	3.682070	0.00	0.00	0.00	0.00	0.00	0.00	0.00	0.00	0.00	0.00
3	1	1	1	3.699399	0.00	2.74	0.00	158.10	0.00	9123.52	-0.00	0.00	0.00	2.74
3	1	1	1	3.715404	0.00	8.41	0.00	354.59	0.00	12276.73	-0.00	0.00	0.00	8.41
3	1	1	1	3.733047	-1.17	23.85	-66.47	874.62	-3767.51	29475.11	-1.17	0.00	0.00	23.85
3	1	1	1	3.748832	-8.83	45.13	-485.34	1348.42	-26534.90	30014.05	-8.83	0.00	0.00	45.13
3	1	1	1	3.766348	-18.19	70.29	-534.01	1436.22	-2778.24	5012.82	-18.19	0.00	0.00	70.29
3	1	1	1	3.781978	-26.42	96.45	-526.91	1673.53	454.03	15182.80	-26.42	0.00	0.00	96.45
4	1	0	2	4.716237	0.00	0.00	0.00	0.00	0.00	0.00	0.00	0.00	-0.00	0.00
4	1	1	2	4.732765	0.00	0.00	0.00	0.00	0.00	0.00	0.00	0.00	-0.00	0.00
4	1	1	2	4.749819	0.00	0.00	0.00	0.00	0.00	0.00	0.00	0.00	-0.00	0.00
4	1	1	2	4.765793	0.00	0.00	0.00	0.00	0.00	0.00	0.00	0.00	-0.00	0.00
4	1	1	2	4.782257	0.00	0.00	0.00	0.00	0.00	0.00	0.00	0.00	-0.00	0.00
4	1	1	2	4.799483	0.00	0.00	0.00	0.00	0.00	0.00	0.00	0.00	-0.00	0.00
4	1	1	2	4.815660	0.00	0.00	0.00	0.00	0.00	0.00	0.00	0.00	-0.00	0.00
4	1	1	2	4.832993	0.00	0.00	0.00	0.00	0.00	0.00	0.00	0.00	-0.00	0.00
4	1	1	2	4.849249	0.00	0.00	0.00	0.00	0.00	0.00	0.00	0.00	-0.00	0.00
4	1	1	2	4.866225	0.00	0.00	0.00	0.00	0.00	0.00	0.00	0.00	-0.00	0.00
4	1	1	2	4.882376	0.00	0.00	0.00	0.00	0.00	0.00	0.00	0.00	-0.00	0.00
4	1	1	2	4.899706	0.00	0.00	0.00	0.00	0.00	0.00	0.00	0.00	-0.00	0.00
4	1	1	2	4.916089	0.00	0.00	0.00	0.00	0.00	0.00	0.00	0.00	-0.00	0.00
4	1	1	2	4.932187	0.00	0.00	0.00	0.00	0.00	0.00	0.00	0.00	-0.00	0.00
4	1	1	2	4.949549	0.00	0.00	0.00	0.00	0.00	0.00	0.00	0.00	-0.00	0.00
4	1	1	2	4.965155	0.00	0.00	0.00	0.00	0.00	0.00	0.00	0.00	-0.00	0.00
4	1	1	2	4.982861	0.00	3.91	0.00	221.05	0.00	12485.05	0.00	3.91	-0.00	0.00
4	1	1	2	4.998720	0.00	8.61	0.00	296.15	0.00	4735.06	0.00	8.61	-0.00	0.00
4	1	1	2	5.016038	0.00	22.70	0.00	813.62	0.00	29881.06	0.00	22.70	-0.00	0.00
4	1	1	2	5.032221	0.00	58.12	0.00	2188.71	0.00	84969.17	0.00	58.12	-0.00	0.00
4	1	1	2	5.049531	-2.74	83.71	-158.19	1478.44	-9139.06	-41033.13	0.00	83.71	-2.74	0.00
4	1	1	2	5.065510	-6.44	99.99	-231.94	1018.54	-4615.20	-28781.02	0.00	99.99	-6.44	0.00
5	1	0	3	6.115848	0.00	0.00	0.00	0.00	0.00	0.00	0.00	0.00	-0.00	-0.00
5	1	1	3	6.133476	0.00	0.00	0.00	0.00	0.00	0.00	0.00	0.00	-0.00	-0.00
5	1	1	3	6.149106	0.00	0.00	0.00	0.00	0.00	0.00	0.00	0.00	-0.00	-0.00
5	1	1	3	6.166459	0.00	0.78	0.00	45.11	0.00	2599.36	-0.00	0.00	0.00	0.78
5	1	1	3	6.182727	0.00	1.76	0.00	60.15	0.00	924.55	-0.00	0.00	0.00	1.76
5	1	1	3	6.199626	0.00	3.33	0.00	92.64	0.00	1922.56	-0.00	0.00	0.00	3.33
5	1	1	3	6.216386	0.00	11.55	0.00	490.43	0.00	23735.58	-0.00	0.00	0.00	11.55
5	1	1	3	6.232486	0.00	27.98	0.00	1021.02	0.00	32956.21	-0.00	0.00	0.00	27.98
5	1	1	3	6.249118	0.00	49.71	0.00	1305.98	0.00	17132.39	-0.00	0.00	0.00	49.71
5	1	1	3	6.266812	0.00	73.58	0.00	1349.36	0.00	2451.85	-0.00	0.00	0.00	73.58
5	1	1	3	6.282906	0.00	96.87	0.00	1446.96	0.00	6064.12	-0.00	0.00	0.00	96.87
6	1	0	1	7.516311	0.00	0.00	0.00	0.00	0.00	0.00	0.00	0.00	0.00	0.00
6	1	1	1	7.533650	0.00	0.00	0.00	0.00	0.00	0.00	0.00	0.00	0.00	0.00
6	1	1	1	7.549435	0.00	0.00	0.00	0.00	0.00	0.00	0.00	0.00	0.00	0.00
6	1	1	1	7.566812	0.00	0.00	0.00	0.00	0.00	0.00	0.00	0.00	0.00	0.00
6	1	1	1	7.582711	0.00	0.00	0.00	0.00	0.00	0.00	0.00	0.00	0.00	0.00
6	1	1	1	7.600238	0.00	0.00	0.00	0.00	0.00	0.00	0.00	0.00	0.00	0.00
6	1	1	1	7.616041	0.00	0.00	0.00	0.00	0.00	0.00	0.00	0.00	0.00	0.00
6	1	1	1	7.632526	0.00	0.00	0.00	0.00	0.00	0.00	0.00	0.00	0.00	0.00
6	1	1	1	7.649368	0.00	0.00	0.00	0.00	0.00	0.00	0.00	0.00	0.00	0.00
6	1	1	1	7.666324	0.00	0.00	0.00	0.00	0.00	0.00	0.00	0.00	0.00	0.00
6	1	1	1	7.682906	0.00	3.91	0.00	236.03	0.00	14234.44	-0.00	0.00	0.00	3.91
6	1	1	1	7.699783	0.00	17.22	0.00	788.47	0.00	32732.82	-0.00	0.00	0.00	17.22
6	1	1	1	7.716051	0.00	40.31	0.00	1419.49	0.00	38788.88	-0.00	0.00	0.00	40.31
6	1	1	1	7.733352	0.00	62.43	0.00	1278.14	0.00	-8169.40	-0.00	0.00	0.00	62.43
6	1	1	1	7.749345	0.00	86.11	0.00	1480.54	0.00	12654.87	-0.00	0.00	0.00	86.11
6	1	1	1	7.766278	1.96	100.18	115.55	830.98	6823.86	-38360.84	1.96	0.00	0.00	100.18
7	1	0	4	8.916129	0.00	0.00	0.00	0.00	0.00	0.00	0.00	0.00	0.00	-0.00
7	1	1	4	8.934217	0.00	0.00	0.00	0.00	0.00	0.00	0.00	0.00	0.00	-0.00
7	1	1	4	8.949687	0.00	0.00	0.00	0.00	0.00	0.00	0.00	0.00	0.00	-0.00
7	1	1	4	8.967026	0.00	0.00	0.00	0.00	0.00	0.00	0.00	0.00	0.00	-0.00
7	1	1	4	8.983495	0.00	0.00	0.00	0.00	0.00	0.00	0.00	0.00	0.00	-0.00
7	1	1	4	8.999749	0.00	0.00	0.00	0.00	0.00	0.00	0.00	0.00	0.00	-0.00
7	1	1	4	9.016639	0.00	0.00	0.00	0.00	0.00	0.00	0.00	0.00	0.00	-0.00
7	1	1	4	9.032360	0.00	0.00	0.00	0.00	0.00	0.00	0.00	0.00	0.00	-0.00
7	1	1	4	9.050007	0.00	0.00	0.00	0.00	0.00	0.00	0.00	0.00	0.00	-0.00
7	1	1	4	9.066051	0.00	0.00	0.00	0.00	0.00	0.00	0.00	0.00	0.00	-0.00
7	1	1	4	9.083357	0.00	0.00	0.00	0.00	0.00	0.00	0.00	0.00	0.00	-0.00
7	1	1	4	9.099608	0.00	0.00	0.00	0.00	0.00	0.00	0.00	0.00	0.00	-0.00
7	1	1	4	9.116898	0.00	0.00	0.00	0.00	0.00	0.00	0.00	0.00	0.00	-0.00
7	1	1	4	9.132565	0.00	0.00	0.00	0.00	0.00	0.00	0.00	0.00	0.00	-0.00
7	1	1	4	9.150203	0.00	0.00	0.00	0.00	0.00	0.00	0.00	0.00	0.00	-0.00
7	1	1	4	9.166409	0.00	0.00	0.00	0.00	0.00	0.00	0.00	0.00	0.00	-0.00
7	1	1	4	9.183549	0.00	0.00	0.00	0.00	0.00	0.00	0.00	0.00	0.00	-0.00
7	1	1	4	9.199495	0.00	0.00	0.00	0.00	0.00	0.00	0.00	0.00	0.00	-0.00
7	1	1	4	9.216379	0.00	0.00	0.00	0.00	0.00	0.00	0.00	0.00	0.00	-0.00
7	1	1	4	9.233948	0.20	0.00	11.14	0.00	633.97	0.00	0.00	0.00	0.20	-0.00
7	1	1	4	9.249652	8.61	0.00	535.85	0.00	33412.51	0.00	0.00	0.00	8.61	-0.00
7	1	1	4	9.266009	18.40	0.00	598.20	0.00	3812.32	0.00	0.00	0.00	18.40	-0.00
7	1	1	4	9.282998	40.51	0.00	1301.64	0.00	41405.89	0.00	0.00	0.00	40.51	-0.00
7	1	1	4	9.300427	61.06	0.00	1178.97	0.00	-7038.47	0.00	0.00	0.00	61.06	-0.00
7	1	1	4	9.316558	96.09	0.00	2171.49	0.00	61526.74	0.00	0.00	0.00	96.09	-0.00
8	1	0	2	10.317614	0.00	0.00	0.00	0.00	0.00	0.00	0.00	0.00	-0.00	0.00
8	1	1	2	10.334194	0.00	0.00	0.00	0.00	0.00	0.00	0.00	0.00	-0.00	0.00
8	1	1	2	10.350202	0.00	0.00	0.00	0.00	0.00	0.00	0.00	0.00	-0.00	0.00
8	1	1	2	10.367324	0.00	0.00	0.00	0.00	0.00	0.00	0.00	0.00	-0.00	0.00
8	1	1	2	10.383028	0.00	0.00	0.00	0.00	0.00	0.00	0.00	0.00	-0.00	0.00
8	1	1	2	10.400676	0.00	0.00	0.00	0.00	0.00	0.00	0.00	0.00	-0.00	0.00
8	1	1	2	10.416356	0.00	0.00	0.00	0.00	0.00	0.00	0.00	0.00	-0.00	0.00
8	1	1	2	10.433878	0.00	0.00	0.00	0.00	0.00	0.00	0.00	0.00	-0.00	0.00
8	1	1	2	10.450012	0.00	0.00	0.00	0.00	0.00	0.00	0.00	0.00	-0.00	0.00
8	1	1	2	10.467502	0.00	0.00	0.00	0.00	0.00	0.00	0.00	0.00	-0.00	0.00
8	1	1	2	10.483708	0.00	0.00	0.00	0.00	0.00	0.00	0.00	0.00	-0.00	0.00
8	1	1	2	10.499622	0.00	0.00	0.00	0.00	0.00	0.00	0.00	0.00	-0.00	0.00
8	1	1	2	10.517158	0.00	0.00	0.00	0.00	0.00	0.00	0.00	0.00	-0.00	0.00
8	1	1	2	10.533418	0.00	0.00	0.00	0.00	0.00	0.00	0.00	0.00	-0.00	0.00
8	1	1	2	10.550860	0.00	0.00	0.00	0.00	0.00	0.00	0.00	0.00	-0.00	0.00
8	1	1	2	10.566542	0.00	0.00	0.00	0.00	0.00	0.00	0.00	0.00	-0.00	0.00
8	1	1	2	10.583912	0.00	0.00	0.00	0.00	0.00	0.00	0.00	0.00	-0.00	0.00
8	1	1	2	10.599660	0.00	0.00	0.00	0.00	0.00	0.00	0.00	0.00	-0.00	0.00
8	1	1	2	10.616759	0.00	0.00	0.00	0.00	0.00	0.00	0.00	0.00	-0.00	0.00
8	1	1	2	10.633090	0.00	0.00	0.00	0.00	0.00	0.00	0.00	0.00	-0.00	0.00
8	1	1	2	10.650308	0.00	0.00	0.00	0.00	0.00	0.00	0.00	0.00	-0.00	0.00
8	1	1	2	10.667557	0.00	0.00	0.00	0.00	0.00	0.00	0.00	0.00	-0.00	0.00
8	1	1	2	10.683557	0.00	0.00	0.00	0.00	0.00	0.00	0.00	0.00	-0.00	0.00
8	1	1	2	10.700958	0.00	0.00	0.00	0.00	0.00	0.00	0.00	0.00	-0.00	0.00
8	1	1	2	10.716762	-7.63	0.00	-482.90	0.00	-30554.78	0.00	0.00	-0.00	-7.63	0.00
8	1	1	2	10.733282	-21.14	0.00	-817.39	0.00	-20247.47	0.00	0.00	-0.00	-21.14	0.00
8	1	1	2	10.750697	-50.68	-0.20	-1696.78	-11.24	-50496.58	-645.25	0.00	-0.20	-50.68	0.00
8	1	1	2	10.766977	-88.25	-0.98	-2307.64	-48.08	-37522.04	-2263.01	0.00	-0.98	-88.25	0.00
8	1	1	2	10.783157	-100.19	-0.98	-737.81	-0.00	97020.69	2971.36	0.00	-0.98	-100.19	0.00
9	1	0	3	11.717768	0.00	0.00	0.00	0.00	0.00	0.00	0.00	0.00	-0.00	-0.00
9	1	1	3	11.734440	0.00	0.00	0.00	0.00	0.00	0.00	0.00	0.00	-0.00	-0.00
9	1	1	3	11.750313	0.00	0.00	0.00	0.00	0.00	0.00	0.00	0.00	-0.00	-0.00
9	1	1	3	11.766682	0.00	0.00	0.00	0.00	0.00	0.00	0.00	0.00	-0.00	-0.00
9	1	1	3	11.783757	0.00	0.00	0.00	0.00	0.00	0.00	0.00	0.00	-0.00	-0.00
9	1	1	3	11.800171	0.00	0.00	0.00	0.00	0.00	0.00	0.00	0.00	-0.00	-0.00
9	1	1	3	11.817763	0.00	0.00	0.00	0.00	0.00	0.00	0.00	0.00	-0.00	-0.00
9	1	1	3	11.833457	0.00	0.00	0.00	0.00	0.00	0.00	0.00	0.00	-0.00	-0.00
9	1	1	3	11.850028	0.00	0.00	0.00	0.00	0.00	0.00	0.00	0.00	-0.00	-0.00
9	1	1	3	11.866938	0.00	0.00	0.00	0.00	0.00	0.00	0.00	0.00	-0.00	-0.00
9	1	1	3	11.884425	0.00	0.00	0.00	0.00	0.00	0.00	0.00	0.00	-0.00	-0.00
9	1	1	3	11.900170	0.00	0.00	0.00	0.00	0.00	0.00	0.00	0.00	-0.00	-0.00
9	1	1	3	11.916734	0.00	0.00	0.00	0.00	0.00	0.00	0.00	0.00	-0.00	-0.00
9	1	1	3	11.933452	0.00	0.00	0.00	0.00	0.00	0.00	0.00	0.00	-0.00	-0.00
9	1	1	3	11.949921	0.00	0.00	0.00	0.00	0.00	0.00	0.00	0.00	-0.00	-0.00
9	1	1	3	11.967042	0.00	0.00	0.00	0.00	0.00	0.00	0.00	0.00	-0.00	-0.00
9	1	1	3	11.983650	0.00	0.00	0.00	0.00	0.00	0.00	0.00	0.00	-0.00	-0.00
9	1	1	3	12.000722	0.00	0.00	0.00	0.00	0.00	0.00	0.00	0.00	-0.00	-0.00
9	1	1	3	12.016960	0.00	0.00	0.00	0.00	0.00	0.00	0.00	0.00	-0.00	-0.00
9	1	1	3	12.034094	0.00	0.00	0.00	0.00	0.00	0.00	0.00	0.00	-0.00	-0.00
9	1	1	3	12.049972	0.00	-0.39	0.00	-24.65	0.00	-1552.35	0.00	0.00	-0.00	-0.39
9	1	1	3	12.067753	0.00	-6.65	0.00	-352.19	0.00	-18421.09	0.00	0.00	-0.00	-6.65
9	1	1	3	12.083494	0.00	-20.94	0.00	-907.52	0.00	-35278.20	0.00	0.00	-0.00	-20.94
9	1	1	3	12.100990	0.00	-34.44	0.00	-771.81	0.00	7757.10	0.00	0.00	-0.00	-34.44
9	1	1	3	12.117167	0.00	-56.36	0.00	-1354.80	0.00	-36036.64	0.00	0.00	-0.00	-56.36
9	1	1	3	12.134312	0.00	-72.21	0.00	-924.55	0.00	25095.32	0.00	0.00	-0.00	-72.21
9	1	1	3	12.150312	0.00	-94.52	0.00	-1394.32	0.00	-29360.90	0.00	0.00	-0.00	-94.52
9	1	1	3	12.167545	0.00	-100.00	0.00	-317.97	0.00	62460.86	0.00	0.00	-0.00	-100.00
10	1	0	4	13.117514	0.00	0.00	0.00	0.00	0.00	0.00	0.00	0.00	0.00	-0.00
10	1	1	4	13.133733	0.00	0.00	0.00	0.00	0.00	0.00	0.00	0.00	0.00	-0.00
10	1	1	4	13.150539	0.00	0.00	0.00	0.00	0.00	0.00	0.00	0.00	0.00	-0.00
10	1	1	4	13.167475	0.00	0.00	0.00	0.00	0.00	0.00	0.00	0.00	0.00	-0.00
10	1	1	4	13.183518	0.00	0.00	0.00	0.00	0.00	0.00	0.00	0.00	0.00	-0.00
10	1	1	4	13.200400	0.00	0.00	0.00	0.00	0.00	0.00	0.00	0.00	0.00	-0.00
10	1	1	4	13.218076	0.00	0.00	0.00	0.00	0.00	0.00	0.00	0.00	0.00	-0.00
10	1	1	4	13.233982	0.00	0.00	0.00	0.00	0.00	0.00	0.00	0.00	0.00	-0.00
10	1	1	4	13.249680	0.00	0.00	0.00	0.00	0.00	0.00	0.00	0.00	0.00	-0.00
10	1	1	4	13.267372	0.00	0.00	0.00	0.00	0.00	0.00	0.00	0.00	0.00	-0.00
10	1	1	4	13.283497	0.00	0.00	0.00	0.00	0.00	0.00	0.00	0.00	0.00	-0.00
10	1	1	4	13.300455	0.00	0.00	0.00	0.00	0.00	0.00	0.00	0.00	0.00	-0.00
10	1	1	4	13.317107	0.00	0.00	0.00	0.00	0.00	0.00	0.00	0.00	0.00	-0.00
10	1	1	4	13.334513	0.00	0.00	0.00	0.00	0.00	0.00	0.00	0.00	0.00	-0.00
10	1	1	4	13.350544	0.00	0.00	0.00	0.00	0.00	0.00	0.00	0.00	0.00	-0.00
10	1	1	4	13.366997	0.00	0.00	0.00	0.00	0.00	0.00	0.00	0.00	0.00	-0.00
10	1	1	4	13.384410	0.00	0.00	0.00	0.00	0.00	0.00	0.00	0.00	0.00	-0.00
10	1	1	4	13.400549	0.00	0.00	0.00	0.00	0.00	0.00	0.00	0.00	0.00	-0.00
10	1	1	4	13.416828	0.00	0.00	0.00	0.00	0.00	0.00	0.00	0.00	0.00	-0.00
10	1	1	4	13.434148	0.00	0.00	0.00	0.00	0.00	0.00	0.00	0.00	0.00	-0.00
10	1	1	4	13.450386	0.00	0.00	0.00	0.00	0.00	0.00	0.00	0.00	0.00	-0.00
10	1	1	4	13.467683	0.39	0.00	22.63	0.00	1308.16	0.00	0.00	0.00	0.39	-0.00
10	1	1	4	13.484364	4.31	0.00	234.63	0.00	12709.10	0.00	0.00	0.00	4.31	-0.00
10	1	1	4	13.500893	11.55	0.00	438.07	0.00	12308.13	0.00	0.00	0.00	11.55	-0.00
10	1	1	4	13.516729	30.92	0.00	1223.42	0.00	49593.65	0.00	0.00	0.00	30.92	-0.00
10	1	1	4	13.534162	60.27	0.00	1683.85	0.00	26411.62	0.00	0.00	0.00	60.27	-0.00
10	1	1	4	13.550035	84.54	0.00	1528.69	0.00	-9774.28	0.00	0.00	0.00	84.54	-0.00
10	1	1	4	13.567835	100.00	-0.98	868.28	-54.97	-37102.61	-3088.20	0.00	-0.98	100.00	-0.00
11	1	0	1	14.517660	0.00	0.00	0.00	0.00	0.00	0.00	0.00	0.00	0.00	0.00
11	1	1	1	14.535210	0.00	0.00	0.00	0.00	0.00	0.00	0.00	0.00	0.00	0.00
11	1	1	1	14.550647	0.00	0.00	0.00	0.00	0.00	0.00	0.00	0.00	0.00	0.00
11	1	1	1	14.567916	0.00	0.00	0.00	0.00	0.00	0.00	0.00	0.00	0.00	0.00
11	1	1	1	14.583902	0.00	0.00	0.00	0.00	0.00	0.00	0.00	0.00	0.00	0.00
11	1	1	1	14.601281	0.00	0.00	0.00	0.00	0.00	0.00	0.00	0.00	0.00	0.00
11	1	1	1	14.617360	0.00	0.00	0.00	0.00	0.00	0.00	0.00	0.00	0.00	0.00
11	1	1	1	14.634776	0.00	0.00	0.00	0.00	0.00	0.00	0.00	0.00	0.00	0.00
11	1	1	1	14.650551	0.00	0.00	0.00	0.00	0.00	0.00	0.00	0.00	0.00	0.00
11	1	1	1	14.667293	0.00	0.00	0.00	0.00	0.00	0.00	0.00	0.00	0.00	0.00
11	1	1	1	14.684625	0.00	0.00	0.00	0.00	0.00	0.00	0.00	0.00	0.00	0.00
11	1	1	1	14.701124	0.00	0.00	0.00	0.00	0.00	0.00	0.00	0.00	0.00	0.00
11	1	1	1	14.717059	0.00	0.00	0.00	0.00	0.00	0.00	0.00	0.00	0.00	0.00
11	1	1	1	14.734245	0.00	0.00	0.00	0.00	0.00	0.00	0.00	0.00	0.00	0.00
11	1	1	1	14.751185	0.00	0.00	0.00	0.00	0.00	0.00	0.00	0.00	0.00	0.00
11	1	1	1	14.767791	0.00	0.00	0.00	0.00	0.00	0.00	0.00	0.00	0.00	0.00
11	1	1	1	14.783762	0.00	0.59	0.00	36.76	0.00	2301.58	-0.00	0.00	0.00	0.59
11	1	1	1	14.801335	0.00	8.02	0.00	423.18	0.00	21990.43	-0.00	0.00	0.00	8.02
11	1	1	1	14.817364	0.00	17.61	0.00	598.22	0.00	10919.74	-0.00	0.00	0.00	17.61
11	1	1	1	14.834638	-7.32	41.83	-424.05	1401.92	-24548.36	46527.04	-7.32	0.00	0.00	41.83
11	1	1	1	14.850289	-13.72	84.81	-408.34	2745.99	1003.30	85874.93	-13.72	0.00	0.00	84.81
11	1	1	1	14.867929	-18.09	98.55	-248.13	778.97	9082.86	-111512.91	-18.09	0.00	0.00	98.55
12	1	0	2	15.917391	0.00	0.00	0.00	0.00	0.00	0.00	0.00	0.00	-0.00	0.00
12	1	1	2	15.935114	0.00	0.00	0.00	0.00	0.00	0.00	0.00	0.00	-0.00	0.00
12	1	1	2	15.950667	0.00	0.00	0.00	0.00	0.00	0.00	0.00	0.00	-0.00	0.00
12	1	1	2	15.967637	0.00	0.00	0.00	0.00	0.00	0.00	0.00	0.00	-0.00	0.00
12	1	1	2	15.984104	0.00	0.00	0.00	0.00	0.00	0.00	0.00	0.00	-0.00	0.00
12	1	1	2	16.001073	0.00	0.00	0.00	0.00	0.00	0.00	0.00	0.00	-0.00	0.00
12	1	1	2	16.017603	0.00	0.00	0.00	0.00	0.00	0.00	0.00	0.00	-0.00	0.00
12	1	1	2	16.035017	0.00	0.00	0.00	0.00	0.00	0.00	0.00	0.00	-0.00	0.00
12	1	1	2	16.050683	0.00	0.00	0.00	0.00	0.00	0.00	0.00	0.00	-0.00	0.00
12	1	1	2	16.068370	0.00	0.00	0.00	0.00	0.00	0.00	0.00	0.00	-0.00	0.00
12	1	1	2	16.084329	0.00	0.00	0.00	0.00	0.00	0.00	0.00	0.00	-0.00	0.00
12	1	1	2	16.100452	0.00	0.00	0.00	0.00	0.00	0.00	0.00	0.00	-0.00	0.00
12	1	1	2	16.117994	0.00	0.00	0.00	0.00	0.00	0.00	0.00	0.00	-0.00	0.00
12	1	1	2	16.134132	0.00	0.00	0.00	0.00	0.00	0.00	0.00	0.00	-0.00	0.00
12	1	1	2	16.151937	0.00	0.00	0.00	0.00	0.00	0.00	0.00	0.00	-0.00	0.00
12	1	1	2	16.167985	0.00	0.00	0.00	0.00	0.00	0.00	0.00	0.00	-0.00	0.00
12	1	1	2	16.184056	0.00	0.00	0.00	0.00	0.00	0.00	0.00	0.00	-0.00	0.00
12	1	1	2	16.201151	0.00	0.00	0.00	0.00	0.00	0.00	0.00	0.00	-0.00	0.00
12	1	1	2	16.217956	0.00	0.00	0.00	0.00	0.00	0.00	0.00	0.00	-0.00	0.00
12	1	1	2	16.234940	0.00	0.00	0.00	0.00	0.00	0.00	0.00	0.00	-0.00	0.00
12	1	1	2	16.251327	0.00	0.00	0.00	0.00	0.00	0.00	0.00	0.00	-0.00	0.00
12	1	1	2	16.267197	0.00	0.00	0.00	0.00	0.00	0.00	0.00	0.00	-0.00	0.00
12	1	1	2	16.283892	0.00	0.00	0.00	0.00	0.00	0.00	0.00	0.00	-0.00	0.00
12	1	1	2	16.300854	0.00	0.00	0.00	0.00	0.00	0.00	0.00	0.00	-0.00	0.00
12	1	1	2	16.317652	0.00	0.00	0.00	0.00	0.00	0.00	0.00	0.00	-0.00	0.00
12	1	1	2	16.334957	-3.72	0.00	-214.86	0.00	-12415.90	0.00	0.00	-0.00	-3.72	0.00
12	1	1	2	16.351003	-10.76	0.00	-439.06	0.00	-13972.98	0.00	0.00	-0.00	-10.76	0.00
12	1	1	2	16.367265	-23.29	0.00	-770.16	0.00	-20360.11	0.00	0.00	-0.00	-23.29	0.00
12	1	1	2	16.384559	-45.79	0.00	-1301.31	0.00	-30713.18	0.00	0.00	-0.00	-45.79	0.00
12	1	1	2	16.400779	-67.12	-0.00	-1315.04	-0.00	-846.27	-0.00	0.00	-0.00	-67.12	0.00
12	1	1	2	16.418207	-89.04	-0.00	-1257.66	0.00	3292.70	0.00	0.00	-0.00	-89.04	0.00
12	1	1	2	16.434315	-100.20	-0.00	-692.49	0.00	35086.30	0.00	0.00	-0.00	-100.20	0.00
13	1	0	1	17.301906	0.00	0.00	0.00	0.00	0.00	0.00	0.00	0.00	0.00	0.00
13	1	1	1	17.317594	0.00	0.00	0.00	0.00	0.00	0.00	0.00	0.00	0.00	0.00
13	1	1	1	17.333907	0.00	0.00	0.00	0.00	0.00	0.00	0.00	0.00	0.00	0.00
13	1	1	1	17.351337	0.00	0.00	0.00	0.00	0.00	0.00	0.00	0.00	0.00	0.00
13	1	1	1	17.367869	0.00	0.00	0.00	0.00	0.00	0.00	0.00	0.00	0.00	0.00
13	1	1	1	17.385026	0.00	0.00	0.00	0.00	0.00	0.00	0.00	0.00	0.00	0.00
13	1	1	1	17.401151	0.00	0.00	0.00	0.00	0.00	0.00	0.00	0.00	0.00	0.00
13	1	1	1	17.418235	0.00	0.00	0.00	0.00	0.00	0.00	0.00	0.00	0.00	0.00
13	1	1	1	17.434048	0.00	0.00	0.00	0.00	0.00	0.00	0.00	0.00	0.00	0.00
13	1	1	1	17.451989	0.00	0.00	0.00	0.00	0.00	0.00	0.00	0.00	0.00	0.00
13	1	1	1	17.467718	0.00	0.00	0.00	0.00	0.00	0.00	0.00	0.00	0.00	0.00
13	1	1	1	17.484210	0.00	0.00	0.00	0.00	0.00	0.00	0.00	0.00	0.00	0.00
13	1	1	1	17.501817	0.00	0.00	0.00	0.00	0.00	0.00	0.00	0.00	0.00	0.00
13	1	1	1	17.517471	0.00	0.00	0.00	0.00	0.00	0.00	0.00	0.00	0.00	0.00
13	1	1	1	17.535145	0.00	0.00	0.00	0.00	0.00	0.00	0.00	0.00	0.00	0.00
13	1	1	1	17.551500	0.00	0.00	0.00	0.00	0.00	0.00	0.00	0.00	0.00	0.00
13	1	1	1	17.567786	0.00	0.00	0.00	0.00	0.00	0.00	0.00	0.00	0.00	0.00
13	1	1	1	17.584995	0.00	0.00	0.00	0.00	0.00	0.00	0.00	0.00	0.00	0.00
13	1	1	1	17.600743	0.00	0.00	0.00	0.00	0.00	0.00	0.00	0.00	0.00	0.00
13	1	1	1	17.618425	0.00	0.00	0.00	0.00	0.00	0.00	0.00	0.00	0.00	0.00
13	1	1	1	17.634338	0.00	0.00	0.00	0.00	0.00	0.00	0.00	0.00	0.00	0.00
13	1	1	1	17.651725	0.00	0.00	0.00	0.00	0.00	0.00	0.00	0.00	0.00	0.00
13	1	1	1	17.667411	0.00	0.00	0.00	0.00	0.00	0.00	0.00	0.00	0.00	0.00
13	1	1	1	17.684154	0.00	0.00	0.00	0.00	0.00	0.00	0.00	0.00	0.00	0.00
13	1	1	1	17.701691	0.00	0.00	0.00	0.00	0.00	0.00	0.00	0.00	0.00	0.00
13	1	1	1	17.717523	0.00	0.00	0.00	0.00	0.00	0.00	0.00	0.00	0.00	0.00
13	1	1	1	17.734602	0.00	0.00	0.00	0.00	0.00	0.00	0.00	0.00	0.00	0.00
13	1	1	1	17.751052	0.00	0.00	0.00	0.00	0.00	0.00	0.00	0.00	0.00	0.00
13	1	1	1	17.768196	0.00	0.00	0.00	0.00	0.00	0.00	0.00	0.00	0.00	0.00
13	1	1	1	17.784266	0.00	0.00	0.00	0.00	0.00	0.00	0.00	0.00	0.00	0.00
13	1	1	1	17.801663	0.00	0.00	0.00	0.00	0.00	0.00	0.00	0.00	0.00	0.00
13	1	1	1	17.817244	0.00	3.33	0.00	213.52	0.00	13703.74	-0.00	0.00	0.00	3.33
13	1	1	1	17.834733	0.00	12.13	0.00	503.53	0.00	16582.62	-0.00	0.00	0.00	12.13
13	1	1	1	17.851768	2.53	21.77	148.34	565.80	8708.09	3655.53	2.53	0.00	0.00	21.77
13	1	1	1	17.868242	5.43	40.34	176.24	1127.13	1693.02	34072.41	5.43	0.00	0.00	40.34
13	1	1	1	17.884028	6.42	61.70	62.89	1353.18	-7180.29	14319.29	6.42	0.00	0.00	61.70
13	1	1	1	17.901710	5.08	87.52	-76.00	1460.42	-7854.82	6065.58	5.08	0.00	0.00	87.52
13	1	1	1	17.917750	3.72	100.13	-85.03	785.68	-562.99	-42064.53	3.72	0.00	0.00	100.13
14	1	0	3	18.718322	0.00	0.00	0.00	0.00	0.00	0.00	0.00	0.00	-0.00	-0.00
14	1	1	3	18.734502	0.00	0.00	0.00	0.00	0.00	0.00	0.00	0.00	-0.00	-0.00
14	1	1	3	18.751493	0.00	0.00	0.00	0.00	0.00	0.00	0.00	0.00	-0.00	-0.00
14	1	1	3	18.767660	0.00	0.00	0.00	0.00	0.00	0.00	0.00	0.00	-0.00	-0.00
14	1	1	3	18.784956	0.00	0.00	0.00	0.00	0.00	0.00	0.00	0.00	-0.00	-0.00
14	1	1	3	18.801066	0.00	0.00	0.00	0.00	0.00	0.00	0.00	0.00	-0.00	-0.00
14	1	1	3	18.818521	0.00	0.00	0.00	0.00	0.00	0.00	0.00	0.00	-0.00	-0.00
14	1	1	3	18.834713	0.00	0.00	0.00	0.00	0.00	0.00	0.00	0.00	-0.00	-0.00
14	1	1	3	18.850462	0.00	0.00	0.00	0.00	0.00	0.00	0.00	0.00	-0.00	-0.00
14	1	1	3	18.868361	0.00	0.00	0.00	0.00	0.00	0.00	0.00	0.00	-0.00	-0.00
14	1	1	3	18.884393	0.00	0.00	0.00	0.00	0.00	0.00	0.00	0.00	-0.00	-0.00
14	1	1	3	18.901764	0.00	0.00	0.00	0.00	0.00	0.00	0.00	0.00	-0.00	-0.00
14	1	1	3	18.917670	0.00	0.00	0.00	0.00	0.00	0.00	0.00	0.00	-0.00	-0.00
14	1	1	3	18.934970	0.00	0.00	0.00	0.00	0.00	0.00	0.00	0.00	-0.00	-0.00
14	1	1	3	18.951418	0.00	0.00	0.00	0.00	0.00	0.00	0.00	0.00	-0.00	-0.00
14	1	1	3	18.968518	0.00	0.00	0.00	0.00	0.00	0.00	0.00	0.00	-0.00	-0.00
14	1	1	3	18.984658	0.00	0.00	0.00	0.00	0.00	0.00	0.00	0.00	-0.00	-0.00
14	1	1	3	19.001517	0.00	0.00	0.00	0.00	0.00	0.00	0.00	0.00	-0.00	-0.00
14	1	1	3	19.017340	0.00	0.00	0.00	0.00	0.00	0.00	0.00	0.00	-0.00	-0.00
14	1	1	3	19.034960	0.00	0.00	0.00	0.00	0.00	0.00	0.00	0.00	-0.00	-0.00
14	1	1	3	19.051149	0.00	-7.05	0.00	-435.19	0.00	-26883.37	0.00	0.00	-0.00	-7.05
14	1	1	3	19.068365	0.00	-18.40	0.00	-659.29	0.00	-13016.45	0.00	0.00	-0.00	-18.40
14	1	1	3	19.083876	0.00	-29.35	0.00	-706.53	0.00	-3045.86	0.00	0.00	-0.00	-29.35
14	1	1	3	19.101644	-1.37	-49.10	-77.07	-1111.33	-4337.46	-22782.82	-1.37	0.00	-0.00	-49.10
14	1	1	3	19.117609	-3.52	-64.09	-134.53	-938.97	-3599.29	10796.05	-3.52	0.00	-0.00	-64.09
14	1	1	3	19.134451	-4.88	-88.71	-81.21	-1461.79	3165.98	-31042.81	-4.88	0.00	-0.00	-88.71
14	1	1	3	19.151458	-7.22	-99.74	-137.41	-648.44	-3304.21	47825.10	-7.22	0.00	-0.00	-99.74
15	1	0	2	20.101398	0.00	0.00	0.00	0.00	0.00	0.00	0.00	0.00	-0.00	0.00
15	1	1	2	20.119270	0.00	0.00	0.00	0.00	0.00	0.00	0.00	0.00	-0.00	0.00
15	1	1	2	20.135111	0.00	0.00	0.00	0.00	0.00	0.00	0.00	0.00	-0.00	0.00
15	1	1	2	20.151015	0.00	0.00	0.00	0.00	0.00	0.00	0.00	0.00	-0.00	0.00
15	1	1	2	20.167656	0.00	0.00	0.00	0.00	0.00	0.00	0.00	0.00	-0.00	0.00
15	1	1	2	20.184722	0.00	0.00	0.00	0.00	0.00	0.00	0.00	0.00	-0.00	0.00
15	1	1	2	20.201669	0.00	0.00	0.00	0.00	0.00	0.00	0.00	0.00	-0.00	0.00
15	1	1	2	20.217508	0.00	0.00	0.00	0.00	0.00	0.00	0.00	0.00	-0.00	0.00
15	1	1	2	20.234834	0.00	0.00	0.00	0.00	0.00	0.00	0.00	0.00	-0.00	0.00
15	1	1	2	20.251251	0.00	0.00	0.00	0.00	0.00	0.00	0.00	0.00	-0.00	0.00
15	1	1	2	20.268590	0.00	0.00	0.00	0.00	0.00	0.00	0.00	0.00	-0.00	0.00
15	1	1	2	20.284856	0.00	0.00	0.00	0.00	0.00	0.00	0.00	0.00	-0.00	0.00
15	1	1	2	20.301786	0.00	0.00	0.00	0.00	0.00	0.00	0.00	0.00	-0.00	0.00
15	1	1	2	20.318121	0.00	0.00	0.00	0.00	0.00	0.00	0.00	0.00	-0.00	0.00
15	1	1	2	20.335284	0.00	0.00	0.00	0.00	0.00	0.00	0.00	0.00	-0.00	0.00
15	1	1	2	20.350970	0.00	0.00	0.00	0.00	0.00	0.00	0.00	0.00	-0.00	0.00
15	1	1	2	20.368715	0.00	0.00	0.00	0.00	0.00	0.00	0.00	0.00	-0.00	0.00
15	1	1	2	20.384469	0.00	0.00	0.00	0.00	0.00	0.00	0.00	0.00	-0.00	0.00
15	1	1	2	20.401885	0.00	0.00	0.00	0.00	0.00	0.00	0.00	0.00	-0.00	0.00
15	1	1	2	20.417843	0.00	0.00	0.00	0.00	0.00	0.00	0.00	0.00	-0.00	0.00
15	1	1	2	20.435264	0.00	0.00	0.00	0.00	0.00	0.00	0.00	0.00	-0.00	0.00
15	1	1	2	20.451373	0.00	0.00	0.00	0.00	0.00	0.00	0.00	0.00	-0.00	0.00
15	1	1	2	20.468794	0.00	0.00	0.00	0.00	0.00	0.00	0.00	0.00	-0.00	0.00
15	1	1	2	20.484591	-2.54	0.00	-161.05	0.00	-10194.67	0.00	0.00	-0.00	-2.54	0.00
15	1	1	2	20.502073	-12.33	0.00	-559.72	0.00	-22805.32	0.00	0.00	-0.00	-12.33	0.00
15	1	1	2	20.518068	-33.66	0.00	-1333.54	0.00	-48377.25	0.00	0.00	-0.00	-33.66	0.00
15	1	1	2	20.535159	-61.45	-0.00	-1625.94	-0.00	-17108.91	-0.00	0.00	-0.00	-61.45	0.00
15	1	1	2	20.551329	-89.82	-0.00	-1754.82	0.00	-7970.24	0.00	0.00	-0.00	-89.82	0.00
15	1	1	2	20.568578	-100.20	-0.20	-601.30	-11.35	66876.30	-657.77	0.00	-0.20	-100.20	0.00
16	1	0	4	21.501874	0.00	0.00	0.00	0.00	0.00	0.00	0.00	0.00	0.00	-0.00
16	1	1	4	21.519671	0.00	0.00	0.00	0.00	0.00	0.00	0.00	0.00	0.00	-0.00
16	1	1	4	21.535240	0.00	0.00	0.00	0.00	0.00	0.00	0.00	0.00	0.00	-0.00
16	1	1	4	21.551470	0.00	0.00	0.00	0.00	0.00	0.00	0.00	0.00	0.00	-0.00
16	1	1	4	21.568553	0.00	0.00	0.00	0.00	0.00	0.00	0.00	0.00	0.00	-0.00
16	1	1	4	21.584866	0.00	0.00	0.00	0.00	0.00	0.00	0.00	0.00	0.00	-0.00
16	1	1	4	21.602099	0.00	0.00	0.00	0.00	0.00	0.00	0.00	0.00	0.00	-0.00
16	1	1	4	21.618533	0.00	0.00	0.00	0.00	0.00	0.00	0.00	0.00	0.00	-0.00
16	1	1	4	21.635706	0.00	0.00	0.00	0.00	0.00	0.00	0.00	0.00	0.00	-0.00
16	1	1	4	21.651783	0.00	0.00	0.00	0.00	0.00	0.00	0.00	0.00	0.00	-0.00
16	1	1	4	21.669098	0.00	0.00	0.00	0.00	0.00	0.00	0.00	0.00	0.00	-0.00
16	1	1	4	21.685049	0.00	0.00	0.00	0.00	0.00	0.00	0.00	0.00	0.00	-0.00
16	1	1	4	21.702245	0.00	0.00	0.00	0.00	0.00	0.00	0.00	0.00	0.00	-0.00
16	1	1	4	21.718450	0.00	0.00	0.00	0.00	0.00	0.00	0.00	0.00	0.00	-0.00
16	1	1	4	21.735325	0.00	0.00	0.00	0.00	0.00	0.00	0.00	0.00	0.00	-0.00
16	1	1	4	21.751615	0.00	0.00	0.00	0.00	0.00	0.00	0.00	0.00	0.00	-0.00
16	1	1	4	21.768692	0.00	0.00	0.00	0.00	0.00	0.00	0.00	0.00	0.00	-0.00
16	1	1	4	21.785058	4.31	0.00	263.07	0.00	16074.09	0.00	0.00	0.00	4.31	-0.00
16	1	1	4	21.802095	22.70	0.00	1079.72	0.00	47933.66	0.00	0.00	0.00	22.70	-0.00
16	1	1	4	21.818226	44.42	0.00	1346.61	0.00	16545.39	0.00	0.00	0.00	44.42	-0.00
16	1	1	4	21.835686	86.69	0.00	2420.93	0.00	61529.16	0.00	0.00	0.00	86.69	-0.00
16	1	1	4	21.851360	100.00	-0.98	848.67	-62.42	-100306.95	-3982.39	0.00	-0.98	100.00	-0.00
