Trial	Type	Target/Home(1,0)	Target #	Time(s)	Xpos	Ypos	Xvel	Yvel	Xaccel	Yaccel	Xerror	Yerror	Xprojection	Yprojection
1	1	0	3	0.515282	0.00	0.00	0.00	0.00	0.00	0.00	0.00	0.00	-0.00	-0.00
1	1	1	3	0.531774	0.00	0.00	0.00	0.00	0.00	0.00	0.00	0.00	-0.00	-0.00
1	1	1	3	0.547595	0.00	0.00	0.00	0.00	0.00	0.00	0.00	0.00	-0.00	-0.00
1	1	1	3	0.565421	0.00	0.00	0.00	0.00	0.00	0.00	0.00	0.00	-0.00	-0.00
1	1	1	3	0.581782	0.00	0.00	0.00	0.00	0.00	0.00	0.00	0.00	-0.00	-0.00
1	1	1	3	0.597783	0.00	0.00	0.00	0.00	0.00	0.00	0.00	0.00	-0.00	-0.00
1	1	1	3	0.614416	0.00	0.00	0.00	0.00	0.00	0.00	0.00	0.00	-0.00	-0.00
1	1	1	3	0.631566	0.00	0.00	0.00	0.00	0.00	0.00	0.00	0.00	-0.00	-0.00
1	1	1	3	0.647477	0.00	0.00	0.00	0.00	0.00	0.00	0.00	0.00	-0.00	-0.00
1	1	1	3	0.664546	0.00	0.00	0.00	0.00	0.00	0.00	0.00	0.00	-0.00	-0.00
1	1	1	3	0.681641	0.00	0.00	0.00	0.00	0.00	0.00	0.00	0.00	-0.00	-0.00
1	1	1	3	0.697630	0.00	0.00	0.00	0.00	0.00	0.00	0.00	0.00	-0.00	-0.00
1	1	1	3	0.714734	0.00	0.00	0.00	0.00	0.00	0.00	0.00	0.00	-0.00	-0.00
1	1	1	3	0.730803	0.00	0.00	0.00	0.00	0.00	0.00	0.00	0.00	-0.00	-0.00
1	1	1	3	0.747878	0.00	0.00	0.00	0.00	0.00	0.00	0.00	0.00	-0.00	-0.00
1	1	1	3	0.765131	0.00	0.00	0.00	0.00	0.00	0.00	0.00	0.00	-0.00	-0.00
1	1	1	3	0.781193	0.00	0.00	0.00	0.00	0.00	0.00	0.00	0.00	-0.00	-0.00
1	1	1	3	0.798287	0.00	0.00	0.00	0.00	0.00	0.00	0.00	0.00	-0.00	-0.00
1	1	1	3	0.814177	0.00	0.00	0.00	0.00	0.00	0.00	0.00	0.00	-0.00	-0.00
1	1	1	3	0.831742	0.00	0.00	0.00	0.00	0.00	0.00	0.00	0.00	-0.00	-0.00
1	1	1	3	0.847992	0.00	0.00	0.00	0.00	0.00	0.00	0.00	0.00	-0.00	-0.00
1	1	1	3	0.865215	0.00	0.00	0.00	0.00	0.00	0.00	0.00	0.00	-0.00	-0.00
1	1	1	3	0.881411	0.00	0.00	0.00	0.00	0.00	0.00	0.00	0.00	-0.00	-0.00
1	1	1	3	0.897461	0.00	0.00	0.00	0.00	0.00	0.00	0.00	0.00	-0.00	-0.00
1	1	1	3	0.914907	0.00	0.00	0.00	0.00	0.00	0.00	0.00	0.00	-0.00	-0.00
1	1	1	3	0.931088	0.00	0.00	0.00	0.00	0.00	0.00	0.00	0.00	-0.00	-0.00
1	1	1	3	0.948605	0.00	0.00	0.00	0.00	0.00	0.00	0.00	0.00	-0.00	-0.00
1	1	1	3	0.964874	0.00	0.00	0.00	0.00	0.00	0.00	0.00	0.00	-0.00	-0.00
1	1	1	3	0.980985	0.00	0.00	0.00	0.00	0.00	0.00	0.00	0.00	-0.00	-0.00
1	1	1	3	0.998490	0.00	0.00	0.00	0.00	0.00	0.00	0.00	0.00	-0.00	-0.00
1	1	1	3	1.015016	0.00	0.00	0.00	0.00	0.00	0.00	0.00	0.00	-0.00	-0.00
1	1	1	3	1.031034	0.00	0.00	0.00	0.00	0.00	0.00	0.00	0.00	-0.00	-0.00
1	1	1	3	1.048653	0.00	0.00	0.00	0.00	0.00	0.00	0.00	0.00	-0.00	-0.00
1	1	1	3	1.064593	0.00	0.00	0.00	0.00	0.00	0.00	0.00	0.00	-0.00	-0.00
1	1	1	3	1.081085	0.00	0.00	0.00	0.00	0.00	0.00	0.00	0.00	-0.00	-0.00
1	1	1	3	1.098341	0.00	0.00	0.00	0.00	0.00	0.00	0.00	0.00	-0.00	-0.00
1	1	1	3	1.114393	0.00	0.00	0.00	0.00	0.00	0.00	0.00	0.00	-0.00	-0.00
1	1	1	3	1.131763	0.00	0.00	0.00	0.00	0.00	0.00	0.00	0.00	-0.00	-0.00
1	1	1	3	1.147929	0.00	0.00	0.00	0.00	0.00	0.00	0.00	0.00	-0.00	-0.00
1	1	1	3	1.164590	0.00	0.00	0.00	0.00	0.00	0.00	0.00	0.00	-0.00	-0.00
1	1	1	3	1.180919	0.00	0.00	0.00	0.00	0.00	0.00	0.00	0.00	-0.00	-0.00
1	1	1	3	1.198438	0.00	0.00	0.00	0.00	0.00	0.00	0.00	0.00	-0.00	-0.00
1	1	1	3	1.214505	0.00	0.00	0.00	0.00	0.00	0.00	0.00	0.00	-0.00	-0.00
1	1	1	3	1.230893	0.00	0.00	0.00	0.00	0.00	0.00	0.00	0.00	-0.00	-0.00
1	1	1	3	1.248068	0.00	0.00	0.00	0.00	0.00	0.00	0.00	0.00	-0.00	-0.00
1	1	1	3	1.264289	0.00	0.00	0.00	0.00	0.00	0.00	0.00	0.00	-0.00	-0.00
1	1	1	3	1.281366	0.00	-1.57	0.00	-91.67	0.00	-5367.95	0.00	0.00	-0.00	-1.57
1	1	1	3	1.297687	0.00	-6.65	0.00	-311.76	0.00	-13485.80	0.00	0.00	-0.00	-6.65
1	1	1	3	1.315047	0.00	-14.29	0.00	-439.64	0.00	-7365.85	0.00	0.00	-0.00	-14.29
1	1	1	3	1.331060	0.00	-21.53	0.00	-452.16	0.00	-782.09	0.00	0.00	-0.00	-21.53
1	1	1	3	1.348250	0.00	-31.70	0.00	-591.98	0.00	-8133.74	0.00	0.00	-0.00	-31.70
1	1	1	3	1.364288	1.56	-41.46	97.55	-608.26	6082.15	-1014.88	1.56	0.00	-0.00	-41.46
1	1	1	3	1.381435	3.71	-48.78	124.98	-427.20	1600.09	10558.86	3.71	0.00	-0.00	-48.78
1	1	1	3	1.397900	4.68	-60.09	59.21	-686.83	-3994.38	-15768.13	4.68	0.00	-0.00	-60.09
1	1	1	3	1.415301	6.43	-67.60	100.37	-431.55	2365.03	14670.68	6.43	0.00	-0.00	-67.60
1	1	1	3	1.430999	9.89	-74.89	220.77	-464.17	7670.09	-2077.76	9.89	0.00	-0.00	-74.89
1	1	1	3	1.448145	11.83	-87.86	112.92	-756.39	-6289.91	-17042.37	11.83	0.00	-0.00	-87.86
1	1	1	3	1.464246	14.89	-95.92	190.03	-500.54	4789.11	15890.68	14.89	0.00	-0.00	-95.92
2	1	0	4	1.914527	0.00	0.00	0.00	0.00	0.00	0.00	0.00	0.00	0.00	-0.00
2	1	1	4	1.931938	0.00	0.00	0.00	0.00	0.00	0.00	0.00	0.00	0.00	-0.00
2	1	1	4	1.947763	0.00	0.00	0.00	0.00	0.00	0.00	0.00	0.00	0.00	-0.00
2	1	1	4	1.965313	0.00	0.00	0.00	0.00	0.00	0.00	0.00	0.00	0.00	-0.00
2	1	1	4	1.981589	0.00	0.00	0.00	0.00	0.00	0.00	0.00	0.00	0.00	-0.00
2	1	1	4	1.997513	0.00	0.00	0.00	0.00	0.00	0.00	0.00	0.00	0.00	-0.00
2	1	1	4	2.014755	0.00	0.00	0.00	0.00	0.00	0.00	0.00	0.00	0.00	-0.00
2	1	1	4	2.032002	0.00	0.00	0.00	0.00	0.00	0.00	0.00	0.00	0.00	-0.00
2	1	1	4	2.047763	0.00	0.00	0.00	0.00	0.00	0.00	0.00	0.00	0.00	-0.00
2	1	1	4	2.064188	0.00	0.00	0.00	0.00	0.00	0.00	0.00	0.00	0.00	-0.00
2	1	1	4	2.081354	0.00	0.00	0.00	0.00	0.00	0.00	0.00	0.00	0.00	-0.00
2	1	1	4	2.098406	0.00	0.00	0.00	0.00	0.00	0.00	0.00	0.00	0.00	-0.00
2	1	1	4	2.114327	0.00	0.00	0.00	0.00	0.00	0.00	0.00	0.00	0.00	-0.00
2	1	1	4	2.131049	0.00	0.00	0.00	0.00	0.00	0.00	0.00	0.00	0.00	-0.00
2	1	1	4	2.148514	0.00	0.00	0.00	0.00	0.00	0.00	0.00	0.00	0.00	-0.00
2	1	1	4	2.164629	0.00	0.00	0.00	0.00	0.00	0.00	0.00	0.00	0.00	-0.00
2	1	1	4	2.181975	0.00	0.00	0.00	0.00	0.00	0.00	0.00	0.00	0.00	-0.00
2	1	1	4	2.197687	0.00	0.00	0.00	0.00	0.00	0.00	0.00	0.00	0.00	-0.00
2	1	1	4	2.214876	0.00	0.00	0.00	0.00	0.00	0.00	0.00	0.00	0.00	-0.00
2	1	1	4	2.230744	0.00	0.00	0.00	0.00	0.00	0.00	0.00	0.00	0.00	-0.00
2	1	1	4	2.248516	0.00	0.00	0.00	0.00	0.00	0.00	0.00	0.00	0.00	-0.00
2	1	1	4	2.264794	0.00	0.00	0.00	0.00	0.00	0.00	0.00	0.00	0.00	-0.00
2	1	1	4	2.282005	0.00	0.00	0.00	0.00	0.00	0.00	0.00	0.00	0.00	-0.00
2	1	1	4	2.298202	0.00	0.00	0.00	0.00	0.00	0.00	0.00	0.00	0.00	-0.00
2	1	1	4	2.314386	0.39	0.00	24.18	0.00	1494.36	0.00	0.00	0.00	0.39	-0.00
2	1	1	4	2.331769	3.33	0.00	168.86	0.00	8322.99	0.00	0.00	0.00	3.33	-0.00
2	1	1	4	2.347900	11.94	0.00	533.79	0.00	22622.38	0.00	0.00	0.00	11.94	-0.00
2	1	1	4	2.365215	22.11	0.00	587.73	0.00	3115.45	0.00	0.00	0.00	22.11	-0.00
2	1	1	4	2.381702	29.55	0.00	451.03	0.00	-8290.92	0.00	0.00	0.00	29.55	-0.00
2	1	1	4	2.397844	43.05	0.00	836.54	0.00	23882.94	0.00	0.00	0.00	43.05	-0.00
2	1	1	4	2.414956	57.93	0.00	869.10	0.00	1902.91	0.00	0.00	0.00	57.93	-0.00
2	1	1	4	2.430706	68.10	0.00	646.10	0.00	-14158.78	0.00	0.00	0.00	68.10	-0.00
2	1	1	4	2.448385	77.50	0.00	531.34	0.00	-6491.33	0.00	0.00	0.00	77.50	-0.00
2	1	1	4	2.464524	92.76	0.00	945.80	0.00	25680.42	0.00	0.00	0.00	92.76	-0.00
2	1	1	4	2.481446	100.00	-0.39	427.83	-23.13	-30608.32	-1366.69	0.00	-0.39	100.00	-0.00
3	1	0	1	3.314569	0.00	0.00	0.00	0.00	0.00	0.00	0.00	0.00	0.00	0.00
3	1	1	1	3.332209	0.00	0.00	0.00	0.00	0.00	0.00	0.00	0.00	0.00	0.00
3	1	1	1	3.348017	0.00	0.00	0.00	0.00	0.00	0.00	0.00	0.00	0.00	0.00
3	1	1	1	3.365679	0.00	0.00	0.00	0.00	0.00	0.00	0.00	0.00	0.00	0.00
3	1	1	1	3.382001	0.00	0.00	0.00	0.00	0.00	0.00	0.00	0.00	0.00	0.00
3	1	1	1	3.398392	0.00	0.00	0.00	0.00	0.00	0.00	0.00	0.00	0.00	0.00
3	1	1	1	3.414709	0.00	0.00	0.00	0.00	0.00	0.00	0.00	0.00	0.00	0.00
3	1	1	1	3.431858	0.00	0.00	0.00	0.00	0.00	0.00	0.00	0.00	0.00	0.00
3	1	1	1	3.449134	0.00	0.00	0.00	0.00	0.00	0.00	0.00	0.00	0.00	0.00
3	1	1	1	3.465176	0.00	0.00	0.00	0.00	0.00	0.00	0.00	0.00	0.00	0.00
3	1	1	1	3.481952	0.00	0.00	0.00	0.00	0.00	0.00	0.00	0.00	0.00	0.00
3	1	1	1	3.497970	0.00	0.00	0.00	0.00	0.00	0.00	0.00	0.00	0.00	0.00
3	1	1	1	3.515295	0.00	0.00	0.00	0.00	0.00	0.00	0.00	0.00	0.00	0.00
3	1	1	1	3.531430	0.00	0.00	0.00	0.00	0.00	0.00	0.00	0.00	0.00	0.00
3	1	1	1	3.548373	0.00	0.00	0.00	0.00	0.00	0.00	0.00	0.00	0.00	0.00
3	1	1	1	3.564882	0.00	0.00	0.00	0.00	0.00	0.00	0.00	0.00	0.00	0.00
3	1	1	1	3.582247	0.00	0.00	0.00	0.00	0.00	0.00	0.00	0.00	0.00	0.00
3	1	1	1	3.598547	0.00	0.00	0.00	0.00	0.00	0.00	0.00	0.00	0.00	0.00
3	1	1	1	3.614676	0.00	0.00	0.00	0.00	0.00	0.00	0.00	0.00	0.00	0.00
3	1	1	1	3.632371	0.00	0.00	0.00	0.00	0.00	0.00	0.00	0.00	0.00	0.00
3	1	1	1	3.647947	0.00	0.00	0.00	0.00	0.00	0.00	0.00	0.00	0.00	0.00
3	1	1	1	3.665529	0.00	0.00	0.00	0.00	0.00	0.00	0.00	0.00	0.00	0.00
3	1	1	1	3.681761	0.00	0.00	0.00	0.00	0.00	0.00	0.00	0.00	0.00	0.00
3	1	1	1	3.698056	0.00	0.00	0.00	0.00	0.00	0.00	0.00	0.00	0.00	0.00
3	1	1	1	3.715473	0.00	0.00	0.00	0.00	0.00	0.00	0.00	0.00	0.00	0.00
3	1	1	1	3.731705	0.00	0.00	0.00	0.00	0.00	0.00	0.00	0.00	0.00	0.00
3	1	1	1	3.748944	0.00	0.00	0.00	0.00	0.00	0.00	0.00	0.00	0.00	0.00
3	1	1	1	3.764646	0.00	0.00	0.00	0.00	0.00	0.00	0.00	0.00	0.00	0.00
3	1	1	1	3.782213	0.00	0.00	0.00	0.00	0.00	0.00	0.00	0.00	0.00	0.00
3	1	1	1	3.798403	0.00	0.78	0.00	48.35	0.00	2986.56	-0.00	0.00	0.00	0.78
3	1	1	1	3.815854	0.00	0.00	0.00	-44.85	0.00	-5340.85	0.00	0.00	0.00	0.00
3	1	1	1	3.832169	0.00	0.00	0.00	0.00	0.00	2749.29	0.00	0.00	0.00	0.00
3	1	1	1	3.848386	0.00	0.78	0.00	48.27	0.00	2976.60	-0.00	0.00	0.00	0.78
3	1	1	1	3.864571	0.00	0.98	0.00	12.09	0.00	-2235.39	-0.00	0.00	0.00	0.98
3	1	1	1	3.881655	0.00	4.11	0.00	183.28	0.00	10020.24	-0.00	0.00	0.00	4.11
3	1	1	1	3.898687	0.00	9.78	0.00	333.19	0.00	8801.47	-0.00	0.00	0.00	9.78
3	1	1	1	3.914405	0.00	14.87	0.00	323.72	0.00	-602.46	-0.00	0.00	0.00	14.87
3	1	1	1	3.931247	0.00	22.70	0.00	464.78	0.00	8375.22	-0.00	0.00	0.00	22.70
3	1	1	1	3.948133	0.00	27.79	0.00	301.32	0.00	-9680.18	-0.00	0.00	0.00	27.79
3	1	1	1	3.965668	0.00	34.44	0.00	379.45	0.00	4455.87	-0.00	0.00	0.00	34.44
3	1	1	1	3.981858	0.00	40.12	0.00	350.53	0.00	-1786.05	-0.00	0.00	0.00	40.12
3	1	1	1	3.999078	0.00	45.60	0.00	318.19	0.00	-1877.95	-0.00	0.00	0.00	45.60
3	1	1	1	4.014815	0.00	50.10	0.00	286.01	0.00	-2045.11	-0.00	0.00	0.00	50.10
3	1	1	1	4.032511	0.00	54.79	0.00	265.41	0.00	-1164.10	-0.00	0.00	0.00	54.79
3	1	1	1	4.048738	0.00	58.90	0.00	253.26	0.00	-748.57	-0.00	0.00	0.00	58.90
3	1	1	1	4.064933	0.00	66.34	0.00	459.18	0.00	12714.46	-0.00	0.00	0.00	66.34
3	1	1	1	4.081881	0.00	72.21	0.00	346.40	0.00	-6654.22	-0.00	0.00	0.00	72.21
3	1	1	1	4.098165	0.78	77.10	48.07	300.19	2951.72	-2837.65	0.78	0.00	0.00	77.10
3	1	1	1	4.115422	0.98	81.79	11.34	272.06	-2128.36	-1630.21	0.98	0.00	0.00	81.79
3	1	1	1	4.131642	2.15	84.90	72.35	191.72	3761.42	-4953.16	2.15	0.00	0.00	84.90
3	1	1	1	4.148238	3.13	87.62	58.88	163.36	-811.59	-1708.33	3.13	0.00	0.00	87.62
3	1	1	1	4.165469	3.72	90.73	34.01	180.55	-1443.60	997.12	3.72	0.00	0.00	90.73
3	1	1	1	4.181331	3.91	92.48	12.31	110.62	-1367.64	-4408.49	3.91	0.00	0.00	92.48
3	1	1	1	4.199094	3.91	93.07	0.00	33.08	-693.05	-4365.09	3.91	0.00	0.00	93.07
3	1	1	1	4.215681	4.11	93.45	11.77	23.11	709.31	-600.96	4.11	0.00	0.00	93.45
3	1	1	1	4.231668	3.91	94.24	-12.20	49.53	-1499.39	1652.33	3.91	0.00	0.00	94.24
3	1	1	1	4.248594	4.11	95.02	11.53	45.80	1402.40	-220.34	4.11	0.00	0.00	95.02
4	1	0	2	4.715313	0.00	41.68	0.00	8.84	0.00	1.87	0.00	41.68	-0.00	0.00
4	1	1	2	4.731854	0.00	37.57	0.00	-248.46	0.00	-15555.42	0.00	37.57	-0.00	0.00
4	1	1	2	4.748865	0.00	32.88	0.00	-276.09	0.00	-1624.72	0.00	32.88	-0.00	0.00
4	1	1	2	4.765079	0.00	27.98	0.00	-301.73	0.00	-1581.31	0.00	27.98	-0.00	0.00
4	1	1	2	4.781494	0.00	26.22	0.00	-107.29	0.00	11845.10	0.00	26.22	-0.00	0.00
4	1	1	2	4.798839	0.00	26.42	0.00	11.28	0.00	6836.57	0.00	26.42	-0.00	0.00
4	1	1	2	4.814733	0.00	25.83	0.00	-36.94	0.00	-3033.67	0.00	25.83	-0.00	0.00
4	1	1	2	4.831895	0.00	25.44	0.00	-22.81	0.00	823.34	0.00	25.44	-0.00	0.00
4	1	1	2	4.848743	0.00	25.05	0.00	-23.23	0.00	-25.14	0.00	25.05	-0.00	0.00
4	1	1	2	4.864687	0.00	23.87	0.00	-73.64	0.00	-3161.68	0.00	23.87	-0.00	0.00
4	1	1	2	4.881756	0.00	21.14	0.00	-160.51	0.00	-5089.50	0.00	21.14	-0.00	0.00
4	1	1	2	4.899082	0.00	19.37	0.00	-101.65	0.00	3397.16	0.00	19.37	-0.00	0.00
4	1	1	2	4.914947	0.00	17.03	0.00	-148.02	0.00	-2922.72	0.00	17.03	-0.00	0.00
4	1	1	2	4.931425	0.00	15.46	0.00	-95.01	0.00	3217.14	0.00	15.46	-0.00	0.00
4	1	1	2	4.948790	0.00	13.70	0.00	-101.43	0.00	-369.64	0.00	13.70	-0.00	0.00
4	1	1	2	4.965161	-0.59	12.90	-35.82	-48.63	-2188.27	3225.12	0.00	12.90	-0.59	0.00
4	1	1	2	4.981252	-1.36	12.25	-48.16	-40.34	-766.78	514.94	0.00	12.25	-1.36	0.00
4	1	1	2	4.997768	-1.74	12.01	-23.10	-14.90	1517.56	1540.32	0.00	12.01	-1.74	0.00
4	1	1	2	5.015280	-1.74	12.01	0.00	0.00	1319.03	851.02	0.00	12.01	-1.74	0.00
4	1	1	2	5.031490	-1.74	12.01	0.00	0.00	0.00	0.00	0.00	12.01	-1.74	0.00
4	1	1	2	5.048811	-1.74	12.01	0.00	0.00	0.00	0.00	0.00	12.01	-1.74	0.00
4	1	1	2	5.064263	-1.74	12.01	0.00	0.00	0.00	0.00	0.00	12.01	-1.74	0.00
4	1	1	2	5.081297	-1.93	12.18	-11.14	9.93	-654.04	582.82	0.00	12.18	-1.93	0.00
4	1	1	2	5.098891	-1.74	12.01	10.79	-9.61	1246.24	-1110.54	0.00	12.01	-1.74	0.00
4	1	1	2	5.115225	-1.74	12.01	0.00	0.00	-660.35	588.45	0.00	12.01	-1.74	0.00
4	1	1	2	5.131492	-1.74	12.01	0.00	0.00	0.00	0.00	0.00	12.01	-1.74	0.00
4	1	1	2	5.148856	-1.74	11.41	0.11	-34.17	6.21	-1967.66	0.00	11.41	-1.74	0.00
4	1	1	2	5.165167	-1.92	9.40	-10.81	-123.76	-669.36	-5492.92	0.00	9.40	-1.92	0.00
4	1	1	2	5.181947	-1.91	8.40	0.54	-59.53	676.67	3827.63	0.00	8.40	-1.91	0.00
4	1	1	2	5.198757	-1.72	7.64	11.30	-45.18	639.88	853.45	0.00	7.64	-1.72	0.00
4	1	1	2	5.215620	-1.34	6.12	22.54	-90.10	666.49	-2663.72	0.00	6.12	-1.34	0.00
4	1	1	2	5.231635	0.00	3.13	83.56	-186.47	3809.96	-6017.54	0.00	3.13	-0.00	0.00
4	1	1	2	5.249056	0.00	0.00	0.00	-179.74	-4796.57	386.65	0.00	0.00	-0.00	0.00
4	1	1	2	5.265406	0.00	0.00	0.00	0.00	0.00	10992.56	0.00	0.00	-0.00	0.00
4	1	1	2	5.281202	0.00	0.00	0.00	0.00	0.00	0.00	0.00	0.00	-0.00	0.00
4	1	1	2	5.298877	0.00	0.00	0.00	0.00	0.00	0.00	0.00	0.00	-0.00	0.00
4	1	1	2	5.315212	0.00	0.00	0.00	0.00	0.00	0.00	0.00	0.00	-0.00	0.00
4	1	1	2	5.331947	0.00	0.00	0.00	0.00	0.00	0.00	0.00	0.00	-0.00	0.00
4	1	1	2	5.347833	0.00	0.00	0.00	0.00	0.00	0.00	0.00	0.00	-0.00	0.00
4	1	1	2	5.365496	-0.78	0.00	-44.32	0.00	-2508.98	0.00	0.00	-0.00	-0.78	0.00
4	1	1	2	5.381220	-3.72	0.00	-186.69	0.00	-9054.65	0.00	0.00	-0.00	-3.72	0.00
4	1	1	2	5.398615	-10.96	0.00	-416.25	0.00	-13197.20	0.00	0.00	-0.00	-10.96	0.00
4	1	1	2	5.414515	-20.55	0.00	-603.08	0.00	-11750.26	0.00	0.00	-0.00	-20.55	0.00
4	1	1	2	5.432271	-31.31	0.00	-606.17	0.00	-173.78	0.00	0.00	-0.00	-31.31	0.00
4	1	1	2	5.448361	-39.33	0.00	-498.65	0.00	6681.98	0.00	0.00	-0.00	-39.33	0.00
4	1	1	2	5.465692	-50.68	0.00	-654.92	0.00	-9016.81	0.00	0.00	-0.00	-50.68	0.00
4	1	1	2	5.481856	-57.34	0.00	-411.63	0.00	15051.29	0.00	0.00	-0.00	-57.34	0.00
4	1	1	2	5.499235	-66.14	-0.00	-506.71	-0.00	-5470.96	-0.00	0.00	-0.00	-66.14	0.00
4	1	1	2	5.514970	-73.39	-0.00	-460.17	0.00	2958.27	0.00	0.00	-0.00	-73.39	0.00
4	1	1	2	5.532364	-82.19	-0.00	-506.27	0.00	-2650.71	0.00	0.00	-0.00	-82.19	0.00
4	1	1	2	5.548217	-88.26	-0.00	-382.69	0.00	7795.80	0.00	0.00	-0.00	-88.26	0.00
4	1	1	2	5.565837	-94.91	-0.00	-377.62	0.00	287.96	0.00	0.00	-0.00	-94.91	0.00
4	1	1	2	5.581663	-98.63	-0.00	-234.93	0.00	9015.55	0.00	0.00	-0.00	-98.63	0.00
5	1	0	3	6.115871	0.00	0.00	0.00	0.00	0.00	0.00	0.00	0.00	-0.00	-0.00
5	1	1	3	6.132023	0.00	0.00	0.00	0.00	0.00	0.00	0.00	0.00	-0.00	-0.00
5	1	1	3	6.149014	0.00	0.00	0.00	0.00	0.00	0.00	0.00	0.00	-0.00	-0.00
5	1	1	3	6.165256	0.00	0.00	0.00	0.00	0.00	0.00	0.00	0.00	-0.00	-0.00
5	1	1	3	6.182515	0.00	0.00	0.00	0.00	0.00	0.00	0.00	0.00	-0.00	-0.00
5	1	1	3	6.198745	0.00	0.00	0.00	0.00	0.00	0.00	0.00	0.00	-0.00	-0.00
5	1	1	3	6.214994	0.00	0.00	0.00	0.00	0.00	0.00	0.00	0.00	-0.00	-0.00
5	1	1	3	6.232199	0.00	0.00	0.00	0.00	0.00	0.00	0.00	0.00	-0.00	-0.00
5	1	1	3	6.247859	0.00	0.00	0.00	0.00	0.00	0.00	0.00	0.00	-0.00	-0.00
5	1	1	3	6.265599	0.00	0.00	0.00	0.00	0.00	0.00	0.00	0.00	-0.00	-0.00
5	1	1	3	6.282032	0.00	0.00	0.00	0.00	0.00	0.00	0.00	0.00	-0.00	-0.00
5	1	1	3	6.299275	0.00	0.00	0.00	0.00	0.00	0.00	0.00	0.00	-0.00	-0.00
5	1	1	3	6.315320	0.00	0.00	0.00	0.00	0.00	0.00	0.00	0.00	-0.00	-0.00
5	1	1	3	6.331719	0.00	0.00	0.00	0.00	0.00	0.00	0.00	0.00	-0.00	-0.00
5	1	1	3	6.348915	0.00	0.00	0.00	0.00	0.00	0.00	0.00	0.00	-0.00	-0.00
5	1	1	3	6.365510	0.00	0.00	0.00	0.00	0.00	0.00	0.00	0.00	-0.00	-0.00
5	1	1	3	6.381139	0.00	0.00	0.00	0.00	0.00	0.00	0.00	0.00	-0.00	-0.00
5	1	1	3	6.398764	0.00	0.00	0.00	0.00	0.00	0.00	0.00	0.00	-0.00	-0.00
5	1	1	3	6.414939	0.00	0.00	0.00	0.00	0.00	0.00	0.00	0.00	-0.00	-0.00
5	1	1	3	6.431542	0.00	0.00	0.00	0.00	0.00	0.00	0.00	0.00	-0.00	-0.00
5	1	1	3	6.448727	0.00	0.00	0.00	0.00	0.00	0.00	0.00	0.00	-0.00	-0.00
5	1	1	3	6.464765	0.00	0.00	0.00	0.00	0.00	0.00	0.00	0.00	-0.00	-0.00
5	1	1	3	6.482500	0.00	0.00	0.00	0.00	0.00	0.00	0.00	0.00	-0.00	-0.00
5	1	1	3	6.498242	0.00	0.00	0.00	0.00	0.00	0.00	0.00	0.00	-0.00	-0.00
5	1	1	3	6.515950	0.00	0.00	0.00	0.00	0.00	0.00	0.00	0.00	-0.00	-0.00
5	1	1	3	6.531684	0.00	0.00	0.00	0.00	0.00	0.00	0.00	0.00	-0.00	-0.00
5	1	1	3	6.548748	0.00	0.00	0.00	0.00	0.00	0.00	0.00	0.00	-0.00	-0.00
5	1	1	3	6.565323	0.00	0.00	0.00	0.00	0.00	0.00	0.00	0.00	-0.00	-0.00
5	1	1	3	6.582526	0.00	0.00	0.00	0.00	0.00	0.00	0.00	0.00	-0.00	-0.00
5	1	1	3	6.598125	0.00	0.00	0.00	0.00	0.00	0.00	0.00	0.00	-0.00	-0.00
5	1	1	3	6.615831	0.00	0.00	0.00	0.00	0.00	0.00	0.00	0.00	-0.00	-0.00
5	1	1	3	6.631529	0.00	0.00	0.00	0.00	0.00	0.00	0.00	0.00	-0.00	-0.00
5	1	1	3	6.649010	0.00	0.00	0.00	0.00	0.00	0.00	0.00	0.00	-0.00	-0.00
5	1	1	3	6.665775	0.00	0.00	0.00	0.00	0.00	0.00	0.00	0.00	-0.00	-0.00
5	1	1	3	6.682449	0.00	0.00	0.00	0.00	0.00	0.00	0.00	0.00	-0.00	-0.00
5	1	1	3	6.698194	0.00	0.00	0.00	0.00	0.00	0.00	0.00	0.00	-0.00	-0.00
5	1	1	3	6.715820	0.00	0.00	0.00	0.00	0.00	0.00	0.00	0.00	-0.00	-0.00
5	1	1	3	6.731880	0.00	0.00	0.00	0.00	0.00	0.00	0.00	0.00	-0.00	-0.00
5	1	1	3	6.749188	0.00	0.00	0.00	0.00	0.00	0.00	0.00	0.00	-0.00	-0.00
5	1	1	3	6.765114	0.00	0.00	0.00	0.00	0.00	0.00	0.00	0.00	-0.00	-0.00
5	1	1	3	6.782501	0.00	0.00	0.00	0.00	0.00	0.00	0.00	0.00	-0.00	-0.00
5	1	1	3	6.798874	0.00	0.00	0.00	0.00	0.00	0.00	0.00	0.00	-0.00	-0.00
5	1	1	3	6.816044	0.00	0.00	0.00	0.00	0.00	0.00	0.00	0.00	-0.00	-0.00
5	1	1	3	6.832124	0.00	0.00	0.00	0.00	0.00	0.00	0.00	0.00	-0.00	-0.00
5	1	1	3	6.848424	0.00	0.00	0.00	0.00	0.00	0.00	0.00	0.00	-0.00	-0.00
5	1	1	3	6.865829	0.00	0.00	0.00	0.00	0.00	0.00	0.00	0.00	-0.00	-0.00
5	1	1	3	6.881526	0.00	0.00	0.00	0.00	0.00	0.00	0.00	0.00	-0.00	-0.00
5	1	1	3	6.898698	0.00	0.00	0.00	0.00	0.00	0.00	0.00	0.00	-0.00	-0.00
5	1	1	3	6.916066	0.00	0.00	0.00	0.00	0.00	0.00	0.00	0.00	-0.00	-0.00
5	1	1	3	6.932311	0.00	0.00	0.00	0.00	0.00	0.00	0.00	0.00	-0.00	-0.00
5	1	1	3	6.948142	0.00	0.00	0.00	0.00	0.00	0.00	0.00	0.00	-0.00	-0.00
5	1	1	3	6.965120	0.00	0.00	0.00	0.00	0.00	0.00	0.00	0.00	-0.00	-0.00
5	1	1	3	6.982071	0.00	0.00	0.00	0.00	0.00	0.00	0.00	0.00	-0.00	-0.00
5	1	1	3	6.999237	0.00	0.00	0.00	0.00	0.00	0.00	0.00	0.00	-0.00	-0.00
5	1	1	3	7.015382	0.00	0.00	0.00	0.00	0.00	0.00	0.00	0.00	-0.00	-0.00
5	1	1	3	7.031815	0.00	0.00	0.00	0.00	0.00	0.00	0.00	0.00	-0.00	-0.00
5	1	1	3	7.048952	0.00	0.00	0.00	0.00	0.00	0.00	0.00	0.00	-0.00	-0.00
5	1	1	3	7.064827	0.00	0.00	0.00	0.00	0.00	0.00	0.00	0.00	-0.00	-0.00
5	1	1	3	7.082360	0.00	0.00	0.00	0.00	0.00	0.00	0.00	0.00	-0.00	-0.00
5	1	1	3	7.098361	0.00	0.00	0.00	0.00	0.00	0.00	0.00	0.00	-0.00	-0.00
5	1	1	3	7.115917	0.00	0.00	0.00	0.00	0.00	0.00	0.00	0.00	-0.00	-0.00
5	1	1	3	7.132120	0.00	0.00	0.00	0.00	0.00	0.00	0.00	0.00	-0.00	-0.00
5	1	1	3	7.150157	0.00	0.00	0.00	0.00	0.00	0.00	0.00	0.00	-0.00	-0.00
5	1	1	3	7.164756	0.00	0.00	0.00	0.00	0.00	0.00	0.00	0.00	-0.00	-0.00
5	1	1	3	7.182378	0.00	0.00	0.00	0.00	0.00	0.00	0.00	0.00	-0.00	-0.00
5	1	1	3	7.198185	0.00	0.00	0.00	0.00	0.00	0.00	0.00	0.00	-0.00	-0.00
5	1	1	3	7.215831	0.00	0.00	0.00	0.00	0.00	0.00	0.00	0.00	-0.00	-0.00
5	1	1	3	7.231880	0.00	0.00	0.00	0.00	0.00	0.00	0.00	0.00	-0.00	-0.00
5	1	1	3	7.248958	0.00	0.00	0.00	0.00	0.00	0.00	0.00	0.00	-0.00	-0.00
5	1	1	3	7.265256	0.00	0.00	0.00	0.00	0.00	0.00	0.00	0.00	-0.00	-0.00
5	1	1	3	7.282553	0.00	0.00	0.00	0.00	0.00	0.00	0.00	0.00	-0.00	-0.00
5	1	1	3	7.298520	0.00	0.00	0.00	0.00	0.00	0.00	0.00	0.00	-0.00	-0.00
6	1	0	1	7.515410	0.00	0.00	0.00	0.00	0.00	0.00	0.00	0.00	0.00	0.00
6	1	1	1	7.533140	0.00	0.00	0.00	0.00	0.00	0.00	0.00	0.00	0.00	0.00
6	1	1	1	7.548590	0.00	0.00	0.00	0.00	0.00	0.00	0.00	0.00	0.00	0.00
6	1	1	1	7.565578	0.00	0.00	0.00	0.00	0.00	0.00	0.00	0.00	0.00	0.00
6	1	1	1	7.582259	0.00	0.00	0.00	0.00	0.00	0.00	0.00	0.00	0.00	0.00
6	1	1	1	7.599652	0.00	0.00	0.00	0.00	0.00	0.00	0.00	0.00	0.00	0.00
6	1	1	1	7.615815	0.00	0.00	0.00	0.00	0.00	0.00	0.00	0.00	0.00	0.00
6	1	1	1	7.632362	0.00	0.00	0.00	0.00	0.00	0.00	0.00	0.00	0.00	0.00
6	1	1	1	7.648380	0.00	0.00	0.00	0.00	0.00	0.00	0.00	0.00	0.00	0.00
6	1	1	1	7.665912	0.00	0.00	0.00	0.00	0.00	0.00	0.00	0.00	0.00	0.00
6	1	1	1	7.681787	0.00	0.00	0.00	0.00	0.00	0.00	0.00	0.00	0.00	0.00
6	1	1	1	7.698696	0.00	0.00	0.00	0.00	0.00	0.00	0.00	0.00	0.00	0.00
6	1	1	1	7.716262	0.00	0.00	0.00	0.00	0.00	0.00	0.00	0.00	0.00	0.00
6	1	1	1	7.731798	0.00	0.00	0.00	0.00	0.00	0.00	0.00	0.00	0.00	0.00
6	1	1	1	7.749321	0.00	0.00	0.00	0.00	0.00	0.00	0.00	0.00	0.00	0.00
6	1	1	1	7.765860	0.00	0.00	0.00	0.00	0.00	0.00	0.00	0.00	0.00	0.00
6	1	1	1	7.782138	0.00	0.00	0.00	0.00	0.00	0.00	0.00	0.00	0.00	0.00
6	1	1	1	7.799387	0.00	0.00	0.00	0.00	0.00	0.00	0.00	0.00	0.00	0.00
6	1	1	1	7.815606	0.00	0.00	0.00	0.00	0.00	0.00	0.00	0.00	0.00	0.00
6	1	1	1	7.831458	0.00	0.00	0.00	0.00	0.00	0.00	0.00	0.00	0.00	0.00
6	1	1	1	7.848509	0.00	0.00	0.00	0.00	0.00	0.00	0.00	0.00	0.00	0.00
6	1	1	1	7.866030	0.00	0.00	0.00	0.00	0.00	0.00	0.00	0.00	0.00	0.00
6	1	1	1	7.881997	0.00	0.00	0.00	0.00	0.00	0.00	0.00	0.00	0.00	0.00
6	1	1	1	7.899647	0.00	0.00	0.00	0.00	0.00	0.00	0.00	0.00	0.00	0.00
6	1	1	1	7.915870	0.00	0.00	0.00	0.00	0.00	0.00	0.00	0.00	0.00	0.00
6	1	1	1	7.931725	0.00	0.00	0.00	0.00	0.00	0.00	0.00	0.00	0.00	0.00
6	1	1	1	7.948770	0.00	0.00	0.00	0.00	0.00	0.00	0.00	0.00	0.00	0.00
6	1	1	1	7.966195	0.00	0.00	0.00	0.00	0.00	0.00	0.00	0.00	0.00	0.00
6	1	1	1	7.982333	0.00	0.00	0.00	0.00	0.00	0.00	0.00	0.00	0.00	0.00
6	1	1	1	7.999602	0.00	0.00	0.00	0.00	0.00	0.00	0.00	0.00	0.00	0.00
6	1	1	1	8.015849	0.00	0.00	0.00	0.00	0.00	0.00	0.00	0.00	0.00	0.00
6	1	1	1	8.031513	0.00	0.00	0.00	0.00	0.00	0.00	0.00	0.00	0.00	0.00
6	1	1	1	8.048579	0.00	0.00	0.00	0.00	0.00	0.00	0.00	0.00	0.00	0.00
6	1	1	1	8.065879	0.00	0.00	0.00	0.00	0.00	0.00	0.00	0.00	0.00	0.00
6	1	1	1	8.081870	0.00	0.00	0.00	0.00	0.00	0.00	0.00	0.00	0.00	0.00
6	1	1	1	8.099070	0.00	0.00	0.00	0.00	0.00	0.00	0.00	0.00	0.00	0.00
6	1	1	1	8.116325	0.00	0.00	0.00	0.00	0.00	0.00	0.00	0.00	0.00	0.00
6	1	1	1	8.132058	0.00	0.00	0.00	0.00	0.00	0.00	0.00	0.00	0.00	0.00
6	1	1	1	8.149602	0.00	0.00	0.00	0.00	0.00	0.00	0.00	0.00	0.00	0.00
6	1	1	1	8.165827	0.00	0.00	0.00	0.00	0.00	0.00	0.00	0.00	0.00	0.00
6	1	1	1	8.181894	0.00	0.00	0.00	0.00	0.00	0.00	0.00	0.00	0.00	0.00
6	1	1	1	8.199694	0.00	0.00	0.00	0.00	0.00	0.00	0.00	0.00	0.00	0.00
6	1	1	1	8.216071	0.00	0.00	0.00	0.00	0.00	0.00	0.00	0.00	0.00	0.00
6	1	1	1	8.232338	0.00	0.00	0.00	0.00	0.00	0.00	0.00	0.00	0.00	0.00
6	1	1	1	8.249474	0.00	0.00	0.00	0.00	0.00	0.00	0.00	0.00	0.00	0.00
6	1	1	1	8.265567	0.00	0.00	0.00	0.00	0.00	0.00	0.00	0.00	0.00	0.00
6	1	1	1	8.282412	0.00	0.00	0.00	0.00	0.00	0.00	0.00	0.00	0.00	0.00
6	1	1	1	8.298916	0.00	0.00	0.00	0.00	0.00	0.00	0.00	0.00	0.00	0.00
6	1	1	1	8.316123	0.00	0.00	0.00	0.00	0.00	0.00	0.00	0.00	0.00	0.00
6	1	1	1	8.332239	0.00	0.00	0.00	0.00	0.00	0.00	0.00	0.00	0.00	0.00
6	1	1	1	8.349258	0.00	0.00	0.00	0.00	0.00	0.00	0.00	0.00	0.00	0.00
6	1	1	1	8.365836	0.00	0.00	0.00	0.00	0.00	0.00	0.00	0.00	0.00	0.00
6	1	1	1	8.383031	0.00	0.00	0.00	0.00	0.00	0.00	0.00	0.00	0.00	0.00
6	1	1	1	8.399298	0.00	0.00	0.00	0.00	0.00	0.00	0.00	0.00	0.00	0.00
6	1	1	1	8.415351	0.00	0.00	0.00	0.00	0.00	0.00	0.00	0.00	0.00	0.00
6	1	1	1	8.433121	0.00	0.00	0.00	0.00	0.00	0.00	0.00	0.00	0.00	0.00
6	1	1	1	8.449015	0.00	0.00	0.00	0.00	0.00	0.00	0.00	0.00	0.00	0.00
6	1	1	1	8.466257	0.00	0.00	0.00	0.00	0.00	0.00	0.00	0.00	0.00	0.00
6	1	1	1	8.482508	0.00	0.00	0.00	0.00	0.00	0.00	0.00	0.00	0.00	0.00
6	1	1	1	8.498817	0.00	0.00	0.00	0.00	0.00	0.00	0.00	0.00	0.00	0.00
6	1	1	1	8.516163	0.00	0.00	0.00	0.00	0.00	0.00	0.00	0.00	0.00	0.00
6	1	1	1	8.532264	0.00	0.00	0.00	0.00	0.00	0.00	0.00	0.00	0.00	0.00
6	1	1	1	8.549383	0.00	0.00	0.00	0.00	0.00	0.00	0.00	0.00	0.00	0.00
6	1	1	1	8.565157	0.00	0.00	0.00	0.00	0.00	0.00	0.00	0.00	0.00	0.00
6	1	1	1	8.582876	0.00	0.00	0.00	0.00	0.00	0.00	0.00	0.00	0.00	0.00
6	1	1	1	8.599150	0.00	0.00	0.00	0.00	0.00	0.00	0.00	0.00	0.00	0.00
6	1	1	1	8.616290	0.00	0.00	0.00	0.00	0.00	0.00	0.00	0.00	0.00	0.00
6	1	1	1	8.632195	0.00	0.00	0.00	0.00	0.00	0.00	0.00	0.00	0.00	0.00
6	1	1	1	8.648486	0.00	0.00	0.00	0.00	0.00	0.00	0.00	0.00	0.00	0.00
6	1	1	1	8.666039	0.00	0.00	0.00	0.00	0.00	0.00	0.00	0.00	0.00	0.00
6	1	1	1	8.681904	0.00	0.00	0.00	0.00	0.00	0.00	0.00	0.00	0.00	0.00
6	1	1	1	8.699010	0.00	0.00	0.00	0.00	0.00	0.00	0.00	0.00	0.00	0.00
7	1	0	4	8.916337	0.00	0.00	0.00	0.00	0.00	0.00	0.00	0.00	0.00	-0.00
7	1	1	4	8.933024	0.00	0.00	0.00	0.00	0.00	0.00	0.00	0.00	0.00	-0.00
7	1	1	4	8.948820	0.00	0.00	0.00	0.00	0.00	0.00	0.00	0.00	0.00	-0.00
7	1	1	4	8.965867	0.00	0.00	0.00	0.00	0.00	0.00	0.00	0.00	0.00	-0.00
7	1	1	4	8.982409	0.00	0.00	0.00	0.00	0.00	0.00	0.00	0.00	0.00	-0.00
7	1	1	4	8.999926	0.00	0.00	0.00	0.00	0.00	0.00	0.00	0.00	0.00	-0.00
7	1	1	4	9.015655	0.00	0.00	0.00	0.00	0.00	0.00	0.00	0.00	0.00	-0.00
7	1	1	4	9.031761	0.00	0.00	0.00	0.00	0.00	0.00	0.00	0.00	0.00	-0.00
7	1	1	4	9.048532	0.00	0.00	0.00	0.00	0.00	0.00	0.00	0.00	0.00	-0.00
7	1	1	4	9.066246	0.00	0.00	0.00	0.00	0.00	0.00	0.00	0.00	0.00	-0.00
7	1	1	4	9.082569	0.00	0.00	0.00	0.00	0.00	0.00	0.00	0.00	0.00	-0.00
7	1	1	4	9.098629	0.00	0.00	0.00	0.00	0.00	0.00	0.00	0.00	0.00	-0.00
7	1	1	4	9.115962	0.00	0.00	0.00	0.00	0.00	0.00	0.00	0.00	0.00	-0.00
7	1	1	4	9.132196	0.00	0.00	0.00	0.00	0.00	0.00	0.00	0.00	0.00	-0.00
7	1	1	4	9.149357	0.00	0.00	0.00	0.00	0.00	0.00	0.00	0.00	0.00	-0.00
7	1	1	4	9.165403	0.00	0.00	0.00	0.00	0.00	0.00	0.00	0.00	0.00	-0.00
7	1	1	4	9.182515	0.00	0.00	0.00	0.00	0.00	0.00	0.00	0.00	0.00	-0.00
7	1	1	4	9.199050	0.00	0.00	0.00	0.00	0.00	0.00	0.00	0.00	0.00	-0.00
7	1	1	4	9.216567	0.00	0.00	0.00	0.00	0.00	0.00	0.00	0.00	0.00	-0.00
7	1	1	4	9.232316	0.00	0.00	0.00	0.00	0.00	0.00	0.00	0.00	0.00	-0.00
7	1	1	4	9.249837	0.00	0.00	0.00	0.00	0.00	0.00	0.00	0.00	0.00	-0.00
7	1	1	4	9.266055	0.00	0.00	0.00	0.00	0.00	0.00	0.00	0.00	0.00	-0.00
7	1	1	4	9.281937	0.00	0.00	0.00	0.00	0.00	0.00	0.00	0.00	0.00	-0.00
7	1	1	4	9.299431	0.00	0.00	0.00	0.00	0.00	0.00	0.00	0.00	0.00	-0.00
7	1	1	4	9.315631	0.00	0.00	0.00	0.00	0.00	0.00	0.00	0.00	0.00	-0.00
7	1	1	4	9.332958	0.00	0.00	0.00	0.00	0.00	0.00	0.00	0.00	0.00	-0.00
7	1	1	4	9.349365	0.00	0.00	0.00	0.00	0.00	0.00	0.00	0.00	0.00	-0.00
7	1	1	4	9.365249	0.00	0.00	0.00	0.00	0.00	0.00	0.00	0.00	0.00	-0.00
7	1	1	4	9.382847	0.00	0.00	0.00	0.00	0.00	0.00	0.00	0.00	0.00	-0.00
7	1	1	4	9.399079	0.00	0.00	0.00	0.00	0.00	0.00	0.00	0.00	0.00	-0.00
7	1	1	4	9.416319	0.00	0.00	0.00	0.00	0.00	0.00	0.00	0.00	0.00	-0.00
7	1	1	4	9.432647	0.00	0.00	0.00	0.00	0.00	0.00	0.00	0.00	0.00	-0.00
7	1	1	4	9.450031	0.00	0.00	0.00	0.00	0.00	0.00	0.00	0.00	0.00	-0.00
7	1	1	4	9.466051	0.00	0.00	0.00	0.00	0.00	0.00	0.00	0.00	0.00	-0.00
7	1	1	4	9.482226	0.00	0.00	0.00	0.00	0.00	0.00	0.00	0.00	0.00	-0.00
7	1	1	4	9.499458	0.00	0.00	0.00	0.00	0.00	0.00	0.00	0.00	0.00	-0.00
7	1	1	4	9.515518	0.00	0.00	0.00	0.00	0.00	0.00	0.00	0.00	0.00	-0.00
7	1	1	4	9.533060	0.00	0.00	0.00	0.00	0.00	0.00	0.00	0.00	0.00	-0.00
7	1	1	4	9.549428	0.00	0.00	0.00	0.00	0.00	0.00	0.00	0.00	0.00	-0.00
7	1	1	4	9.565165	0.00	0.00	0.00	0.00	0.00	0.00	0.00	0.00	0.00	-0.00
7	1	1	4	9.582528	0.00	0.00	0.00	0.00	0.00	0.00	0.00	0.00	0.00	-0.00
7	1	1	4	9.598312	0.00	0.00	0.00	0.00	0.00	0.00	0.00	0.00	0.00	-0.00
7	1	1	4	9.615899	0.00	0.00	0.00	0.00	0.00	0.00	0.00	0.00	0.00	-0.00
7	1	1	4	9.632062	0.00	0.00	0.00	0.00	0.00	0.00	0.00	0.00	0.00	-0.00
7	1	1	4	9.648833	0.00	0.00	0.00	0.00	0.00	0.00	0.00	0.00	0.00	-0.00
7	1	1	4	9.666294	0.00	0.00	0.00	0.00	0.00	0.00	0.00	0.00	0.00	-0.00
7	1	1	4	9.682365	0.00	0.00	0.00	0.00	0.00	0.00	0.00	0.00	0.00	-0.00
7	1	1	4	9.699308	0.00	0.00	0.00	0.00	0.00	0.00	0.00	0.00	0.00	-0.00
7	1	1	4	9.715225	0.00	0.00	0.00	0.00	0.00	0.00	0.00	0.00	0.00	-0.00
7	1	1	4	9.732121	0.00	0.00	0.00	0.00	0.00	0.00	0.00	0.00	0.00	-0.00
7	1	1	4	9.749503	0.00	0.00	0.00	0.00	0.00	0.00	0.00	0.00	0.00	-0.00
7	1	1	4	9.765700	0.00	0.00	0.00	0.00	0.00	0.00	0.00	0.00	0.00	-0.00
7	1	1	4	9.783037	0.00	0.00	0.00	0.00	0.00	0.00	0.00	0.00	0.00	-0.00
7	1	1	4	9.799063	0.00	0.00	0.00	0.00	0.00	0.00	0.00	0.00	0.00	-0.00
7	1	1	4	9.816449	0.00	0.00	0.00	0.00	0.00	0.00	0.00	0.00	0.00	-0.00
7	1	1	4	9.832316	0.00	0.00	0.00	0.00	0.00	0.00	0.00	0.00	0.00	-0.00
7	1	1	4	9.848740	0.00	0.00	0.00	0.00	0.00	0.00	0.00	0.00	0.00	-0.00
7	1	1	4	9.865970	0.00	0.00	0.00	0.00	0.00	0.00	0.00	0.00	0.00	-0.00
7	1	1	4	9.882208	0.00	0.00	0.00	0.00	0.00	0.00	0.00	0.00	0.00	-0.00
7	1	1	4	9.899485	0.00	0.00	0.00	0.00	0.00	0.00	0.00	0.00	0.00	-0.00
7	1	1	4	9.915099	0.00	0.00	0.00	0.00	0.00	0.00	0.00	0.00	0.00	-0.00
7	1	1	4	9.932836	0.00	0.00	0.00	0.00	0.00	0.00	0.00	0.00	0.00	-0.00
7	1	1	4	9.949057	0.00	0.00	0.00	0.00	0.00	0.00	0.00	0.00	0.00	-0.00
7	1	1	4	9.966437	0.00	0.00	0.00	0.00	0.00	0.00	0.00	0.00	0.00	-0.00
7	1	1	4	9.982727	0.00	0.00	0.00	0.00	0.00	0.00	0.00	0.00	0.00	-0.00
7	1	1	4	9.999981	0.00	0.00	0.00	0.00	0.00	0.00	0.00	0.00	0.00	-0.00
7	1	1	4	10.015653	0.00	0.00	0.00	0.00	0.00	0.00	0.00	0.00	0.00	-0.00
7	1	1	4	10.031809	0.00	0.00	0.00	0.00	0.00	0.00	0.00	0.00	0.00	-0.00
7	1	1	4	10.049549	0.00	0.00	0.00	0.00	0.00	0.00	0.00	0.00	0.00	-0.00
7	1	1	4	10.065613	0.00	0.00	0.00	0.00	0.00	0.00	0.00	0.00	0.00	-0.00
7	1	1	4	10.082960	0.00	0.00	0.00	0.00	0.00	0.00	0.00	0.00	0.00	-0.00
7	1	1	4	10.099228	0.00	0.00	0.00	0.00	0.00	0.00	0.00	0.00	0.00	-0.00
8	1	0	2	10.316258	0.00	0.00	0.00	0.00	0.00	0.00	0.00	0.00	-0.00	0.00
8	1	1	2	10.332791	0.00	0.00	0.00	0.00	0.00	0.00	0.00	0.00	-0.00	0.00
8	1	1	2	10.349688	0.00	0.00	0.00	0.00	0.00	0.00	0.00	0.00	-0.00	0.00
8	1	1	2	10.365607	0.00	0.00	0.00	0.00	0.00	0.00	0.00	0.00	-0.00	0.00
8	1	1	2	10.382684	0.00	0.00	0.00	0.00	0.00	0.00	0.00	0.00	-0.00	0.00
8	1	1	2	10.399654	0.00	0.00	0.00	0.00	0.00	0.00	0.00	0.00	-0.00	0.00
8	1	1	2	10.416367	0.00	0.00	0.00	0.00	0.00	0.00	0.00	0.00	-0.00	0.00
8	1	1	2	10.432183	0.00	0.00	0.00	0.00	0.00	0.00	0.00	0.00	-0.00	0.00
8	1	1	2	10.449521	0.00	0.00	0.00	0.00	0.00	0.00	0.00	0.00	-0.00	0.00
8	1	1	2	10.465447	0.00	0.00	0.00	0.00	0.00	0.00	0.00	0.00	-0.00	0.00
8	1	1	2	10.482895	0.00	0.00	0.00	0.00	0.00	0.00	0.00	0.00	-0.00	0.00
8	1	1	2	10.498462	0.00	0.00	0.00	0.00	0.00	0.00	0.00	0.00	-0.00	0.00
8	1	1	2	10.516135	0.00	0.00	0.00	0.00	0.00	0.00	0.00	0.00	-0.00	0.00
8	1	1	2	10.532273	0.00	0.00	0.00	0.00	0.00	0.00	0.00	0.00	-0.00	0.00
8	1	1	2	10.549369	0.00	0.00	0.00	0.00	0.00	0.00	0.00	0.00	-0.00	0.00
8	1	1	2	10.565314	0.00	0.00	0.00	0.00	0.00	0.00	0.00	0.00	-0.00	0.00
8	1	1	2	10.582415	0.00	0.00	0.00	0.00	0.00	0.00	0.00	0.00	-0.00	0.00
8	1	1	2	10.598987	0.00	0.00	0.00	0.00	0.00	0.00	0.00	0.00	-0.00	0.00
8	1	1	2	10.616088	0.00	0.00	0.00	0.00	0.00	0.00	0.00	0.00	-0.00	0.00
8	1	1	2	10.633437	0.00	0.00	0.00	0.00	0.00	0.00	0.00	0.00	-0.00	0.00
8	1	1	2	10.649712	0.00	0.00	0.00	0.00	0.00	0.00	0.00	0.00	-0.00	0.00
8	1	1	2	10.665766	0.00	0.00	0.00	0.00	0.00	0.00	0.00	0.00	-0.00	0.00
8	1	1	2	10.683147	0.00	0.00	0.00	0.00	0.00	0.00	0.00	0.00	-0.00	0.00
8	1	1	2	10.699594	0.00	0.00	0.00	0.00	0.00	0.00	0.00	0.00	-0.00	0.00
8	1	1	2	10.715778	0.00	0.00	0.00	0.00	0.00	0.00	0.00	0.00	-0.00	0.00
8	1	1	2	10.733072	0.00	0.00	0.00	0.00	0.00	0.00	0.00	0.00	-0.00	0.00
8	1	1	2	10.749303	0.00	0.00	0.00	0.00	0.00	0.00	0.00	0.00	-0.00	0.00
8	1	1	2	10.766454	0.00	0.00	0.00	0.00	0.00	0.00	0.00	0.00	-0.00	0.00
8	1	1	2	10.782654	0.00	0.00	0.00	0.00	0.00	0.00	0.00	0.00	-0.00	0.00
8	1	1	2	10.800083	0.00	0.00	0.00	0.00	0.00	0.00	0.00	0.00	-0.00	0.00
8	1	1	2	10.816400	0.00	0.00	0.00	0.00	0.00	0.00	0.00	0.00	-0.00	0.00
8	1	1	2	10.832136	0.00	0.00	0.00	0.00	0.00	0.00	0.00	0.00	-0.00	0.00
8	1	1	2	10.849794	0.00	0.00	0.00	0.00	0.00	0.00	0.00	0.00	-0.00	0.00
8	1	1	2	10.865475	0.00	0.00	0.00	0.00	0.00	0.00	0.00	0.00	-0.00	0.00
8	1	1	2	10.883081	0.00	0.00	0.00	0.00	0.00	0.00	0.00	0.00	-0.00	0.00
8	1	1	2	10.899033	0.00	0.00	0.00	0.00	0.00	0.00	0.00	0.00	-0.00	0.00
8	1	1	2	10.916115	0.00	0.00	0.00	0.00	0.00	0.00	0.00	0.00	-0.00	0.00
8	1	1	2	10.933000	0.00	0.00	0.00	0.00	0.00	0.00	0.00	0.00	-0.00	0.00
8	1	1	2	10.948843	0.00	0.00	0.00	0.00	0.00	0.00	0.00	0.00	-0.00	0.00
8	1	1	2	10.966007	0.00	0.00	0.00	0.00	0.00	0.00	0.00	0.00	-0.00	0.00
8	1	1	2	10.983291	0.00	0.00	0.00	0.00	0.00	0.00	0.00	0.00	-0.00	0.00
8	1	1	2	10.999533	0.00	0.00	0.00	0.00	0.00	0.00	0.00	0.00	-0.00	0.00
8	1	1	2	11.016667	0.00	0.00	0.00	0.00	0.00	0.00	0.00	0.00	-0.00	0.00
8	1	1	2	11.032946	0.00	0.00	0.00	0.00	0.00	0.00	0.00	0.00	-0.00	0.00
8	1	1	2	11.048957	0.00	0.00	0.00	0.00	0.00	0.00	0.00	0.00	-0.00	0.00
8	1	1	2	11.066533	0.00	0.00	0.00	0.00	0.00	0.00	0.00	0.00	-0.00	0.00
8	1	1	2	11.082768	0.00	0.00	0.00	0.00	0.00	0.00	0.00	0.00	-0.00	0.00
8	1	1	2	11.098902	0.00	0.00	0.00	0.00	0.00	0.00	0.00	0.00	-0.00	0.00
8	1	1	2	11.116324	0.00	0.00	0.00	0.00	0.00	0.00	0.00	0.00	-0.00	0.00
8	1	1	2	11.132403	0.00	0.00	0.00	0.00	0.00	0.00	0.00	0.00	-0.00	0.00
8	1	1	2	11.149789	0.00	0.00	0.00	0.00	0.00	0.00	0.00	0.00	-0.00	0.00
8	1	1	2	11.165689	0.00	0.00	0.00	0.00	0.00	0.00	0.00	0.00	-0.00	0.00
8	1	1	2	11.182747	0.00	0.00	0.00	0.00	0.00	0.00	0.00	0.00	-0.00	0.00
8	1	1	2	11.198677	0.00	0.00	0.00	0.00	0.00	0.00	0.00	0.00	-0.00	0.00
8	1	1	2	11.216553	0.00	0.00	0.00	0.00	0.00	0.00	0.00	0.00	-0.00	0.00
8	1	1	2	11.232289	0.00	0.00	0.00	0.00	0.00	0.00	0.00	0.00	-0.00	0.00
8	1	1	2	11.249772	0.00	0.00	0.00	0.00	0.00	0.00	0.00	0.00	-0.00	0.00
8	1	1	2	11.266227	0.00	0.00	0.00	0.00	0.00	0.00	0.00	0.00	-0.00	0.00
8	1	1	2	11.282415	0.00	0.00	0.00	0.00	0.00	0.00	0.00	0.00	-0.00	0.00
8	1	1	2	11.299229	0.00	0.00	0.00	0.00	0.00	0.00	0.00	0.00	-0.00	0.00
8	1	1	2	11.316151	0.00	0.00	0.00	0.00	0.00	0.00	0.00	0.00	-0.00	0.00
8	1	1	2	11.332038	0.00	0.00	0.00	0.00	0.00	0.00	0.00	0.00	-0.00	0.00
8	1	1	2	11.349360	0.00	0.00	0.00	0.00	0.00	0.00	0.00	0.00	-0.00	0.00
8	1	1	2	11.366435	0.00	0.00	0.00	0.00	0.00	0.00	0.00	0.00	-0.00	0.00
8	1	1	2	11.382357	0.00	0.00	0.00	0.00	0.00	0.00	0.00	0.00	-0.00	0.00
8	1	1	2	11.399608	0.00	0.00	0.00	0.00	0.00	0.00	0.00	0.00	-0.00	0.00
8	1	1	2	11.415954	0.00	0.00	0.00	0.00	0.00	0.00	0.00	0.00	-0.00	0.00
8	1	1	2	11.433283	0.00	0.00	0.00	0.00	0.00	0.00	0.00	0.00	-0.00	0.00
8	1	1	2	11.449481	0.00	0.00	0.00	0.00	0.00	0.00	0.00	0.00	-0.00	0.00
8	1	1	2	11.466795	0.00	0.00	0.00	0.00	0.00	0.00	0.00	0.00	-0.00	0.00
8	1	1	2	11.482982	0.00	0.00	0.00	0.00	0.00	0.00	0.00	0.00	-0.00	0.00
8	1	1	2	11.499229	0.00	0.00	0.00	0.00	0.00	0.00	0.00	0.00	-0.00	0.00
9	1	0	3	11.716368	0.00	0.00	0.00	0.00	0.00	0.00	0.00	0.00	-0.00	-0.00
9	1	1	3	11.733937	0.00	0.00	0.00	0.00	0.00	0.00	0.00	0.00	-0.00	-0.00
9	1	1	3	11.749388	0.00	0.00	0.00	0.00	0.00	0.00	0.00	0.00	-0.00	-0.00
9	1	1	3	11.766863	0.00	0.00	0.00	0.00	0.00	0.00	0.00	0.00	-0.00	-0.00
9	1	1	3	11.782534	0.00	0.00	0.00	0.00	0.00	0.00	0.00	0.00	-0.00	-0.00
9	1	1	3	11.800028	0.00	0.00	0.00	0.00	0.00	0.00	0.00	0.00	-0.00	-0.00
9	1	1	3	11.816206	0.00	0.00	0.00	0.00	0.00	0.00	0.00	0.00	-0.00	-0.00
9	1	1	3	11.832853	0.00	0.00	0.00	0.00	0.00	0.00	0.00	0.00	-0.00	-0.00
9	1	1	3	11.849731	0.00	0.00	0.00	0.00	0.00	0.00	0.00	0.00	-0.00	-0.00
9	1	1	3	11.865813	0.00	0.00	0.00	0.00	0.00	0.00	0.00	0.00	-0.00	-0.00
9	1	1	3	11.883126	0.00	0.00	0.00	0.00	0.00	0.00	0.00	0.00	-0.00	-0.00
9	1	1	3	11.899990	0.00	0.00	0.00	0.00	0.00	0.00	0.00	0.00	-0.00	-0.00
9	1	1	3	11.915831	0.00	0.00	0.00	0.00	0.00	0.00	0.00	0.00	-0.00	-0.00
9	1	1	3	11.932665	0.00	0.00	0.00	0.00	0.00	0.00	0.00	0.00	-0.00	-0.00
9	1	1	3	11.949595	0.00	0.00	0.00	0.00	0.00	0.00	0.00	0.00	-0.00	-0.00
9	1	1	3	11.966057	0.00	0.00	0.00	0.00	0.00	0.00	0.00	0.00	-0.00	-0.00
9	1	1	3	11.983048	0.00	0.00	0.00	0.00	0.00	0.00	0.00	0.00	-0.00	-0.00
9	1	1	3	11.999460	0.00	0.00	0.00	0.00	0.00	0.00	0.00	0.00	-0.00	-0.00
9	1	1	3	12.016556	0.00	0.00	0.00	0.00	0.00	0.00	0.00	0.00	-0.00	-0.00
9	1	1	3	12.032401	0.00	0.00	0.00	0.00	0.00	0.00	0.00	0.00	-0.00	-0.00
9	1	1	3	12.050082	0.00	0.00	0.00	0.00	0.00	0.00	0.00	0.00	-0.00	-0.00
9	1	1	3	12.066711	0.00	0.00	0.00	0.00	0.00	0.00	0.00	0.00	-0.00	-0.00
9	1	1	3	12.082756	0.00	0.00	0.00	0.00	0.00	0.00	0.00	0.00	-0.00	-0.00
9	1	1	3	12.100382	0.00	0.00	0.00	0.00	0.00	0.00	0.00	0.00	-0.00	-0.00
9	1	1	3	12.116086	0.00	0.00	0.00	0.00	0.00	0.00	0.00	0.00	-0.00	-0.00
9	1	1	3	12.132583	0.00	0.00	0.00	0.00	0.00	0.00	0.00	0.00	-0.00	-0.00
9	1	1	3	12.149893	0.00	0.00	0.00	0.00	0.00	0.00	0.00	0.00	-0.00	-0.00
9	1	1	3	12.166059	0.00	0.00	0.00	0.00	0.00	0.00	0.00	0.00	-0.00	-0.00
9	1	1	3	12.183235	0.00	0.00	0.00	0.00	0.00	0.00	0.00	0.00	-0.00	-0.00
9	1	1	3	12.199370	0.00	0.00	0.00	0.00	0.00	0.00	0.00	0.00	-0.00	-0.00
9	1	1	3	12.216793	0.00	0.00	0.00	0.00	0.00	0.00	0.00	0.00	-0.00	-0.00
9	1	1	3	12.232986	0.00	0.00	0.00	0.00	0.00	0.00	0.00	0.00	-0.00	-0.00
9	1	1	3	12.249384	0.00	0.00	0.00	0.00	0.00	0.00	0.00	0.00	-0.00	-0.00
9	1	1	3	12.266427	0.00	0.00	0.00	0.00	0.00	0.00	0.00	0.00	-0.00	-0.00
9	1	1	3	12.282500	0.00	0.00	0.00	0.00	0.00	0.00	0.00	0.00	-0.00	-0.00
9	1	1	3	12.299588	0.00	0.00	0.00	0.00	0.00	0.00	0.00	0.00	-0.00	-0.00
9	1	1	3	12.315566	0.00	0.00	0.00	0.00	0.00	0.00	0.00	0.00	-0.00	-0.00
9	1	1	3	12.332790	0.00	0.00	0.00	0.00	0.00	0.00	0.00	0.00	-0.00	-0.00
9	1	1	3	12.350178	0.00	0.00	0.00	0.00	0.00	0.00	0.00	0.00	-0.00	-0.00
9	1	1	3	12.366326	0.00	0.00	0.00	0.00	0.00	0.00	0.00	0.00	-0.00	-0.00
9	1	1	3	12.383692	0.00	0.00	0.00	0.00	0.00	0.00	0.00	0.00	-0.00	-0.00
9	1	1	3	12.400036	0.00	0.00	0.00	0.00	0.00	0.00	0.00	0.00	-0.00	-0.00
9	1	1	3	12.416098	0.00	0.00	0.00	0.00	0.00	0.00	0.00	0.00	-0.00	-0.00
9	1	1	3	12.433300	0.00	0.00	0.00	0.00	0.00	0.00	0.00	0.00	-0.00	-0.00
9	1	1	3	12.449648	0.00	0.00	0.00	0.00	0.00	0.00	0.00	0.00	-0.00	-0.00
9	1	1	3	12.465770	0.00	0.00	0.00	0.00	0.00	0.00	0.00	0.00	-0.00	-0.00
9	1	1	3	12.483098	0.00	0.00	0.00	0.00	0.00	0.00	0.00	0.00	-0.00	-0.00
9	1	1	3	12.499227	0.00	0.00	0.00	0.00	0.00	0.00	0.00	0.00	-0.00	-0.00
9	1	1	3	12.516560	0.00	0.00	0.00	0.00	0.00	0.00	0.00	0.00	-0.00	-0.00
9	1	1	3	12.532554	0.00	0.00	0.00	0.00	0.00	0.00	0.00	0.00	-0.00	-0.00
9	1	1	3	12.549912	0.00	0.00	0.00	0.00	0.00	0.00	0.00	0.00	-0.00	-0.00
9	1	1	3	12.566054	0.00	0.00	0.00	0.00	0.00	0.00	0.00	0.00	-0.00	-0.00
9	1	1	3	12.583202	0.00	0.00	0.00	0.00	0.00	0.00	0.00	0.00	-0.00	-0.00
9	1	1	3	12.598889	0.00	0.00	0.00	0.00	0.00	0.00	0.00	0.00	-0.00	-0.00
9	1	1	3	12.616746	0.00	0.00	0.00	0.00	0.00	0.00	0.00	0.00	-0.00	-0.00
9	1	1	3	12.632484	0.00	0.00	0.00	0.00	0.00	0.00	0.00	0.00	-0.00	-0.00
9	1	1	3	12.649475	0.00	0.00	0.00	0.00	0.00	0.00	0.00	0.00	-0.00	-0.00
9	1	1	3	12.666008	0.00	0.00	0.00	0.00	0.00	0.00	0.00	0.00	-0.00	-0.00
9	1	1	3	12.683054	0.00	0.00	0.00	0.00	0.00	0.00	0.00	0.00	-0.00	-0.00
9	1	1	3	12.699344	0.00	0.00	0.00	0.00	0.00	0.00	0.00	0.00	-0.00	-0.00
9	1	1	3	12.716776	0.00	0.00	0.00	0.00	0.00	0.00	0.00	0.00	-0.00	-0.00
9	1	1	3	12.733324	0.00	0.00	0.00	0.00	0.00	0.00	0.00	0.00	-0.00	-0.00
9	1	1	3	12.750372	0.00	0.00	0.00	0.00	0.00	0.00	0.00	0.00	-0.00	-0.00
9	1	1	3	12.766581	0.00	0.00	0.00	0.00	0.00	0.00	0.00	0.00	-0.00	-0.00
9	1	1	3	12.782026	0.00	0.00	0.00	0.00	0.00	0.00	0.00	0.00	-0.00	-0.00
9	1	1	3	12.799663	0.00	0.00	0.00	0.00	0.00	0.00	0.00	0.00	-0.00	-0.00
9	1	1	3	12.816645	0.00	0.00	0.00	0.00	0.00	0.00	0.00	0.00	-0.00	-0.00
9	1	1	3	12.832551	0.00	0.00	0.00	0.00	0.00	0.00	0.00	0.00	-0.00	-0.00
9	1	1	3	12.849552	0.00	0.00	0.00	0.00	0.00	0.00	0.00	0.00	-0.00	-0.00
9	1	1	3	12.865766	0.00	0.00	0.00	0.00	0.00	0.00	0.00	0.00	-0.00	-0.00
9	1	1	3	12.882750	0.00	0.00	0.00	0.00	0.00	0.00	0.00	0.00	-0.00	-0.00
9	1	1	3	12.899983	0.00	0.00	0.00	0.00	0.00	0.00	0.00	0.00	-0.00	-0.00
10	1	0	4	13.116755	0.00	0.00	0.00	0.00	0.00	0.00	0.00	0.00	0.00	-0.00
10	1	1	4	13.133570	0.00	0.00	0.00	0.00	0.00	0.00	0.00	0.00	0.00	-0.00
10	1	1	4	13.149004	0.00	0.00	0.00	0.00	0.00	0.00	0.00	0.00	0.00	-0.00
10	1	1	4	13.165866	0.00	0.00	0.00	0.00	0.00	0.00	0.00	0.00	0.00	-0.00
10	1	1	4	13.183340	0.00	0.00	0.00	0.00	0.00	0.00	0.00	0.00	0.00	-0.00
10	1	1	4	13.199532	0.00	0.00	0.00	0.00	0.00	0.00	0.00	0.00	0.00	-0.00
10	1	1	4	13.216635	0.00	0.00	0.00	0.00	0.00	0.00	0.00	0.00	0.00	-0.00
10	1	1	4	13.232860	0.00	0.00	0.00	0.00	0.00	0.00	0.00	0.00	0.00	-0.00
10	1	1	4	13.250139	0.00	0.00	0.00	0.00	0.00	0.00	0.00	0.00	0.00	-0.00
10	1	1	4	13.265892	0.00	0.00	0.00	0.00	0.00	0.00	0.00	0.00	0.00	-0.00
10	1	1	4	13.283460	0.00	0.00	0.00	0.00	0.00	0.00	0.00	0.00	0.00	-0.00
10	1	1	4	13.299245	0.00	0.00	0.00	0.00	0.00	0.00	0.00	0.00	0.00	-0.00
10	1	1	4	13.316234	0.00	0.00	0.00	0.00	0.00	0.00	0.00	0.00	0.00	-0.00
10	1	1	4	13.332657	0.00	0.00	0.00	0.00	0.00	0.00	0.00	0.00	0.00	-0.00
10	1	1	4	13.349885	0.00	0.00	0.00	0.00	0.00	0.00	0.00	0.00	0.00	-0.00
10	1	1	4	13.365569	0.00	0.00	0.00	0.00	0.00	0.00	0.00	0.00	0.00	-0.00
10	1	1	4	13.383161	0.00	0.00	0.00	0.00	0.00	0.00	0.00	0.00	0.00	-0.00
10	1	1	4	13.400664	0.00	0.00	0.00	0.00	0.00	0.00	0.00	0.00	0.00	-0.00
10	1	1	4	13.417055	0.00	0.00	0.00	0.00	0.00	0.00	0.00	0.00	0.00	-0.00
10	1	1	4	13.433071	0.00	0.00	0.00	0.00	0.00	0.00	0.00	0.00	0.00	-0.00
10	1	1	4	13.449401	0.00	0.00	0.00	0.00	0.00	0.00	0.00	0.00	0.00	-0.00
10	1	1	4	13.466580	0.00	0.00	0.00	0.00	0.00	0.00	0.00	0.00	0.00	-0.00
10	1	1	4	13.483847	0.00	0.00	0.00	0.00	0.00	0.00	0.00	0.00	0.00	-0.00
10	1	1	4	13.500008	0.00	0.00	0.00	0.00	0.00	0.00	0.00	0.00	0.00	-0.00
10	1	1	4	13.516076	0.00	0.00	0.00	0.00	0.00	0.00	0.00	0.00	0.00	-0.00
10	1	1	4	13.533929	0.00	0.00	0.00	0.00	0.00	0.00	0.00	0.00	0.00	-0.00
10	1	1	4	13.549947	0.00	0.00	0.00	0.00	0.00	0.00	0.00	0.00	0.00	-0.00
10	1	1	4	13.565849	0.00	0.00	0.00	0.00	0.00	0.00	0.00	0.00	0.00	-0.00
10	1	1	4	13.583265	0.00	0.00	0.00	0.00	0.00	0.00	0.00	0.00	0.00	-0.00
10	1	1	4	13.599632	0.00	0.00	0.00	0.00	0.00	0.00	0.00	0.00	0.00	-0.00
10	1	1	4	13.616826	0.00	0.00	0.00	0.00	0.00	0.00	0.00	0.00	0.00	-0.00
10	1	1	4	13.632535	0.00	0.00	0.00	0.00	0.00	0.00	0.00	0.00	0.00	-0.00
10	1	1	4	13.650060	0.00	0.00	0.00	0.00	0.00	0.00	0.00	0.00	0.00	-0.00
10	1	1	4	13.665579	0.00	0.00	0.00	0.00	0.00	0.00	0.00	0.00	0.00	-0.00
10	1	1	4	13.682582	0.00	0.00	0.00	0.00	0.00	0.00	0.00	0.00	0.00	-0.00
10	1	1	4	13.700036	0.00	0.00	0.00	0.00	0.00	0.00	0.00	0.00	0.00	-0.00
10	1	1	4	13.717188	0.00	0.00	0.00	0.00	0.00	0.00	0.00	0.00	0.00	-0.00
10	1	1	4	13.732987	0.00	0.00	0.00	0.00	0.00	0.00	0.00	0.00	0.00	-0.00
10	1	1	4	13.749191	0.00	0.00	0.00	0.00	0.00	0.00	0.00	0.00	0.00	-0.00
10	1	1	4	13.766709	0.00	0.00	0.00	0.00	0.00	0.00	0.00	0.00	0.00	-0.00
10	1	1	4	13.782912	0.00	0.00	0.00	0.00	0.00	0.00	0.00	0.00	0.00	-0.00
10	1	1	4	13.800300	0.00	0.00	0.00	0.00	0.00	0.00	0.00	0.00	0.00	-0.00
10	1	1	4	13.816008	0.00	0.00	0.00	0.00	0.00	0.00	0.00	0.00	0.00	-0.00
10	1	1	4	13.833719	0.00	0.00	0.00	0.00	0.00	0.00	0.00	0.00	0.00	-0.00
10	1	1	4	13.849882	0.00	0.00	0.00	0.00	0.00	0.00	0.00	0.00	0.00	-0.00
10	1	1	4	13.866310	0.00	0.00	0.00	0.00	0.00	0.00	0.00	0.00	0.00	-0.00
10	1	1	4	13.883585	0.00	0.00	0.00	0.00	0.00	0.00	0.00	0.00	0.00	-0.00
10	1	1	4	13.900044	0.00	0.00	0.00	0.00	0.00	0.00	0.00	0.00	0.00	-0.00
10	1	1	4	13.916285	0.00	0.00	0.00	0.00	0.00	0.00	0.00	0.00	0.00	-0.00
10	1	1	4	13.933718	0.00	0.00	0.00	0.00	0.00	0.00	0.00	0.00	0.00	-0.00
10	1	1	4	13.949645	0.00	0.00	0.00	0.00	0.00	0.00	0.00	0.00	0.00	-0.00
10	1	1	4	13.966811	0.00	0.00	0.00	0.00	0.00	0.00	0.00	0.00	0.00	-0.00
10	1	1	4	13.982551	0.00	0.00	0.00	0.00	0.00	0.00	0.00	0.00	0.00	-0.00
10	1	1	4	13.999670	0.00	0.00	0.00	0.00	0.00	0.00	0.00	0.00	0.00	-0.00
10	1	1	4	14.016776	0.00	0.00	0.00	0.00	0.00	0.00	0.00	0.00	0.00	-0.00
10	1	1	4	14.032749	0.00	0.00	0.00	0.00	0.00	0.00	0.00	0.00	0.00	-0.00
10	1	1	4	14.050471	0.00	0.00	0.00	0.00	0.00	0.00	0.00	0.00	0.00	-0.00
10	1	1	4	14.066606	0.00	0.00	0.00	0.00	0.00	0.00	0.00	0.00	0.00	-0.00
10	1	1	4	14.084000	0.00	0.00	0.00	0.00	0.00	0.00	0.00	0.00	0.00	-0.00
10	1	1	4	14.100351	0.00	0.00	0.00	0.00	0.00	0.00	0.00	0.00	0.00	-0.00
10	1	1	4	14.116508	0.00	0.00	0.00	0.00	0.00	0.00	0.00	0.00	0.00	-0.00
10	1	1	4	14.133475	0.00	0.00	0.00	0.00	0.00	0.00	0.00	0.00	0.00	-0.00
10	1	1	4	14.149933	0.00	0.00	0.00	0.00	0.00	0.00	0.00	0.00	0.00	-0.00
10	1	1	4	14.166204	0.00	0.00	0.00	0.00	0.00	0.00	0.00	0.00	0.00	-0.00
10	1	1	4	14.183636	0.00	0.00	0.00	0.00	0.00	0.00	0.00	0.00	0.00	-0.00
10	1	1	4	14.200049	0.00	0.00	0.00	0.00	0.00	0.00	0.00	0.00	0.00	-0.00
10	1	1	4	14.217274	0.00	0.00	0.00	0.00	0.00	0.00	0.00	0.00	0.00	-0.00
10	1	1	4	14.233477	0.00	0.00	0.00	0.00	0.00	0.00	0.00	0.00	0.00	-0.00
10	1	1	4	14.250003	0.00	0.00	0.00	0.00	0.00	0.00	0.00	0.00	0.00	-0.00
10	1	1	4	14.265985	0.00	0.00	0.00	0.00	0.00	0.00	0.00	0.00	0.00	-0.00
10	1	1	4	14.283531	0.00	0.00	0.00	0.00	0.00	0.00	0.00	0.00	0.00	-0.00
10	1	1	4	14.299277	0.00	0.00	0.00	0.00	0.00	0.00	0.00	0.00	0.00	-0.00
11	1	0	1	14.517431	0.00	0.00	0.00	0.00	0.00	0.00	0.00	0.00	0.00	0.00
11	1	1	1	14.533486	0.00	0.00	0.00	0.00	0.00	0.00	0.00	0.00	0.00	0.00
11	1	1	1	14.550285	0.00	0.00	0.00	0.00	0.00	0.00	0.00	0.00	0.00	0.00
11	1	1	1	14.566341	0.00	0.00	0.00	0.00	0.00	0.00	0.00	0.00	0.00	0.00
11	1	1	1	14.583435	0.00	0.00	0.00	0.00	0.00	0.00	0.00	0.00	0.00	0.00
11	1	1	1	14.599765	0.00	0.00	0.00	0.00	0.00	0.00	0.00	0.00	0.00	0.00
11	1	1	1	14.617059	0.00	0.00	0.00	0.00	0.00	0.00	0.00	0.00	0.00	0.00
11	1	1	1	14.633475	0.00	0.00	0.00	0.00	0.00	0.00	0.00	0.00	0.00	0.00
11	1	1	1	14.649360	0.00	0.00	0.00	0.00	0.00	0.00	0.00	0.00	0.00	0.00
11	1	1	1	14.666298	0.00	0.00	0.00	0.00	0.00	0.00	0.00	0.00	0.00	0.00
11	1	1	1	14.683857	0.00	0.00	0.00	0.00	0.00	0.00	0.00	0.00	0.00	0.00
11	1	1	1	14.700277	0.00	0.00	0.00	0.00	0.00	0.00	0.00	0.00	0.00	0.00
11	1	1	1	14.716521	0.00	0.00	0.00	0.00	0.00	0.00	0.00	0.00	0.00	0.00
11	1	1	1	14.733870	0.00	0.00	0.00	0.00	0.00	0.00	0.00	0.00	0.00	0.00
11	1	1	1	14.750080	0.00	0.00	0.00	0.00	0.00	0.00	0.00	0.00	0.00	0.00
11	1	1	1	14.766329	0.00	0.00	0.00	0.00	0.00	0.00	0.00	0.00	0.00	0.00
11	1	1	1	14.783742	0.00	0.00	0.00	0.00	0.00	0.00	0.00	0.00	0.00	0.00
11	1	1	1	14.799527	0.00	0.00	0.00	0.00	0.00	0.00	0.00	0.00	0.00	0.00
11	1	1	1	14.816898	0.00	0.00	0.00	0.00	0.00	0.00	0.00	0.00	0.00	0.00
11	1	1	1	14.833232	0.00	0.00	0.00	0.00	0.00	0.00	0.00	0.00	0.00	0.00
11	1	1	1	14.850368	0.00	0.00	0.00	0.00	0.00	0.00	0.00	0.00	0.00	0.00
11	1	1	1	14.866220	0.00	0.00	0.00	0.00	0.00	0.00	0.00	0.00	0.00	0.00
11	1	1	1	14.883542	0.00	0.00	0.00	0.00	0.00	0.00	0.00	0.00	0.00	0.00
11	1	1	1	14.900621	0.00	0.00	0.00	0.00	0.00	0.00	0.00	0.00	0.00	0.00
11	1	1	1	14.916684	0.00	0.00	0.00	0.00	0.00	0.00	0.00	0.00	0.00	0.00
11	1	1	1	14.932763	0.00	0.00	0.00	0.00	0.00	0.00	0.00	0.00	0.00	0.00
11	1	1	1	14.949527	0.00	0.00	0.00	0.00	0.00	0.00	0.00	0.00	0.00	0.00
11	1	1	1	14.967046	0.00	0.00	0.00	0.00	0.00	0.00	0.00	0.00	0.00	0.00
11	1	1	1	14.983126	0.00	0.00	0.00	0.00	0.00	0.00	0.00	0.00	0.00	0.00
11	1	1	1	15.000653	0.00	0.00	0.00	0.00	0.00	0.00	0.00	0.00	0.00	0.00
11	1	1	1	15.016319	0.00	0.00	0.00	0.00	0.00	0.00	0.00	0.00	0.00	0.00
11	1	1	1	15.033810	0.00	0.00	0.00	0.00	0.00	0.00	0.00	0.00	0.00	0.00
11	1	1	1	15.049646	0.78	0.00	49.43	0.00	3121.46	0.00	0.78	-0.00	0.00	0.00
11	1	1	1	15.067074	3.33	0.00	145.98	0.00	5539.90	0.00	3.33	-0.00	0.00	0.00
11	1	1	1	15.083005	6.85	0.00	221.10	0.00	4715.38	0.00	6.85	-0.00	0.00	0.00
11	1	1	1	15.100399	11.74	0.00	281.26	0.00	3458.79	0.00	11.74	-0.00	0.00	0.00
11	1	1	1	15.116753	14.87	0.00	191.47	0.00	-5491.11	0.00	14.87	-0.00	0.00	0.00
11	1	1	1	15.133002	18.20	0.00	204.73	0.00	816.53	0.00	18.20	-0.00	0.00	0.00
11	1	1	1	15.149920	19.96	0.00	104.11	0.00	-5948.04	0.00	19.96	-0.00	0.00	0.00
11	1	1	1	15.166387	21.14	0.00	71.30	0.00	-1992.17	0.00	21.14	-0.00	0.00	0.00
11	1	1	1	15.183273	23.09	0.00	115.89	0.00	2640.47	0.00	23.09	-0.00	0.00	0.00
11	1	1	1	15.199755	23.48	0.00	23.75	0.00	-5590.56	0.00	23.48	-0.00	0.00	0.00
11	1	1	1	15.217221	23.68	0.00	11.20	0.00	-718.08	0.00	23.68	-0.00	0.00	0.00
11	1	1	1	15.233009	23.68	0.00	0.00	0.00	-709.69	0.00	23.68	-0.00	0.00	0.00
11	1	1	1	15.250313	23.68	0.00	0.00	0.00	0.00	0.00	23.68	-0.00	0.00	0.00
11	1	1	1	15.266717	23.68	0.00	0.00	0.00	0.00	0.00	23.68	-0.00	0.00	0.00
11	1	1	1	15.283967	23.68	0.00	0.00	0.00	0.00	0.00	23.68	-0.00	0.00	0.00
11	1	1	1	15.300161	23.87	0.00	12.08	0.00	746.22	0.00	23.87	-0.00	0.00	0.00
11	1	1	1	15.316460	23.87	0.00	0.00	0.00	-741.41	0.00	23.87	-0.00	0.00	0.00
11	1	1	1	15.333677	23.87	0.00	0.00	0.00	0.00	0.00	23.87	-0.00	0.00	0.00
11	1	1	1	15.349517	24.27	0.00	24.71	0.00	1559.90	0.00	24.27	-0.00	0.00	0.00
11	1	1	1	15.366980	24.27	0.00	0.00	0.00	-1414.90	0.00	24.27	-0.00	0.00	0.00
11	1	1	1	15.382865	24.27	0.00	0.00	0.00	0.00	0.00	24.27	-0.00	0.00	0.00
11	1	1	1	15.400087	24.27	0.00	0.00	0.00	0.00	0.00	24.27	-0.00	0.00	0.00
11	1	1	1	15.417406	24.27	0.00	0.00	0.00	0.00	0.00	24.27	-0.00	0.00	0.00
11	1	1	1	15.433085	24.27	0.00	0.00	0.00	0.00	0.00	24.27	-0.00	0.00	0.00
11	1	1	1	15.450665	24.27	0.00	0.00	0.00	0.00	0.00	24.27	-0.00	0.00	0.00
11	1	1	1	15.466498	24.27	0.00	0.00	0.00	0.00	0.00	24.27	-0.00	0.00	0.00
11	1	1	1	15.483926	24.27	0.00	0.00	0.00	0.00	0.00	24.27	-0.00	0.00	0.00
11	1	1	1	15.500326	24.27	0.00	0.00	0.00	0.00	0.00	24.27	-0.00	0.00	0.00
11	1	1	1	15.515930	24.27	0.00	0.00	0.00	0.00	0.00	24.27	-0.00	0.00	0.00
11	1	1	1	15.533429	24.27	0.00	0.00	0.00	0.00	0.00	24.27	-0.00	0.00	0.00
11	1	1	1	15.550198	24.27	0.00	0.00	0.00	0.00	0.00	24.27	-0.00	0.00	0.00
11	1	1	1	15.566172	24.46	0.00	12.25	0.00	766.97	0.00	24.46	-0.00	0.00	0.00
11	1	1	1	15.583919	23.87	0.00	-33.08	0.00	-2554.44	0.00	23.87	-0.00	0.00	0.00
11	1	1	1	15.600127	24.27	0.00	24.15	0.00	3530.95	0.00	24.27	-0.00	0.00	0.00
11	1	1	1	15.617344	24.27	0.00	0.00	0.00	-1402.56	0.00	24.27	-0.00	0.00	0.00
11	1	1	1	15.632923	24.27	0.00	0.00	0.00	0.00	0.00	24.27	-0.00	0.00	0.00
11	1	1	1	15.650022	24.27	0.00	0.00	0.00	0.00	0.00	24.27	-0.00	0.00	0.00
11	1	1	1	15.666609	24.27	0.00	0.00	0.00	0.00	0.00	24.27	-0.00	0.00	0.00
11	1	1	1	15.683656	24.46	0.00	11.48	0.00	673.40	0.00	24.46	-0.00	0.00	0.00
11	1	1	1	15.700132	24.27	0.00	-11.88	0.00	-1417.71	0.00	24.27	-0.00	0.00	0.00
12	1	0	2	15.917576	24.27	0.00	1.52	0.00	0.10	0.00	0.00	0.00	24.27	-0.00
12	1	1	2	15.933727	24.27	0.00	0.00	0.00	-94.39	0.00	0.00	0.00	24.27	-0.00
12	1	1	2	15.950142	24.27	0.00	0.00	0.00	0.00	0.00	0.00	0.00	24.27	-0.00
12	1	1	2	15.966266	24.46	0.00	12.14	0.00	752.69	0.00	0.00	0.00	24.46	-0.00
12	1	1	2	15.983673	24.27	0.00	-11.24	0.00	-1343.08	0.00	0.00	0.00	24.27	-0.00
12	1	1	2	16.000899	24.27	0.00	0.00	0.00	652.63	0.00	0.00	0.00	24.27	-0.00
12	1	1	2	16.016573	24.27	0.00	0.00	0.00	0.00	0.00	0.00	0.00	24.27	-0.00
12	1	1	2	16.033897	24.27	0.00	0.00	0.00	0.00	0.00	0.00	0.00	24.27	-0.00
12	1	1	2	16.049850	24.27	0.00	0.00	0.00	0.00	0.00	0.00	0.00	24.27	-0.00
12	1	1	2	16.067351	24.27	0.00	0.00	0.00	0.00	0.00	0.00	0.00	24.27	-0.00
12	1	1	2	16.083704	24.27	0.00	0.00	0.00	0.00	0.00	0.00	0.00	24.27	-0.00
12	1	1	2	16.100770	24.27	0.00	0.00	0.00	0.00	0.00	0.00	0.00	24.27	-0.00
12	1	1	2	16.116981	24.46	0.00	12.07	0.00	744.65	0.00	0.00	0.00	24.46	-0.00
12	1	1	2	16.132978	24.27	0.00	-12.23	0.00	-1519.38	0.00	0.00	0.00	24.27	-0.00
12	1	1	2	16.150260	24.27	0.00	0.00	0.00	707.86	0.00	0.00	0.00	24.27	-0.00
12	1	1	2	16.167187	24.27	0.00	0.00	0.00	0.00	0.00	0.00	0.00	24.27	-0.00
12	1	1	2	16.182980	24.27	0.00	0.00	0.00	0.00	0.00	0.00	0.00	24.27	-0.00
12	1	1	2	16.200541	24.27	0.00	0.00	0.00	0.00	0.00	0.00	0.00	24.27	-0.00
12	1	1	2	16.216665	24.46	0.00	12.14	0.00	752.75	0.00	0.00	0.00	24.46	-0.00
12	1	1	2	16.234080	24.46	0.00	0.00	0.00	-696.93	0.00	0.00	0.00	24.46	-0.00
12	1	1	2	16.249895	24.27	0.00	-12.37	0.00	-782.42	0.00	0.00	0.00	24.27	-0.00
12	1	1	2	16.267261	23.87	0.00	-22.54	0.00	-585.27	0.00	0.00	0.00	23.87	-0.00
12	1	1	2	16.283528	23.87	0.00	0.00	0.00	1385.55	0.00	0.00	0.00	23.87	-0.00
12	1	1	2	16.300642	24.27	0.00	22.87	0.00	1336.22	0.00	0.00	0.00	24.27	-0.00
12	1	1	2	16.317054	24.27	0.00	0.00	0.00	-1393.46	0.00	0.00	0.00	24.27	-0.00
12	1	1	2	16.334046	24.27	0.00	0.00	0.00	0.00	0.00	0.00	0.00	24.27	-0.00
12	1	1	2	16.350222	24.27	0.00	0.00	0.00	0.00	0.00	0.00	0.00	24.27	-0.00
12	1	1	2	16.367462	24.27	0.00	0.00	0.00	0.00	0.00	0.00	0.00	24.27	-0.00
12	1	1	2	16.383801	24.27	0.00	0.00	0.00	0.00	0.00	0.00	0.00	24.27	-0.00
12	1	1	2	16.399885	24.27	0.00	0.00	0.00	0.00	0.00	0.00	0.00	24.27	-0.00
12	1	1	2	16.416736	24.27	0.00	0.00	0.00	0.00	0.00	0.00	0.00	24.27	-0.00
12	1	1	2	16.433982	23.68	0.00	-34.04	0.00	-1973.74	0.00	0.00	0.00	23.68	-0.00
12	1	1	2	16.449711	23.87	0.00	12.44	0.00	2955.19	0.00	0.00	0.00	23.87	-0.00
12	1	1	2	16.466905	23.68	0.00	-11.38	0.00	-1385.55	0.00	0.00	0.00	23.68	-0.00
12	1	1	2	16.484067	23.68	0.00	0.00	0.00	663.21	0.00	0.00	0.00	23.68	-0.00
12	1	1	2	16.500303	23.87	0.00	12.05	0.00	742.30	0.00	0.00	0.00	23.87	-0.00
12	1	1	2	16.517484	24.27	0.00	22.78	0.00	624.45	0.00	0.00	0.00	24.27	-0.00
12	1	1	2	16.533786	24.27	0.00	0.00	0.00	-1397.47	0.00	0.00	0.00	24.27	-0.00
12	1	1	2	16.550078	24.27	0.00	0.00	0.00	0.00	0.00	0.00	0.00	24.27	-0.00
12	1	1	2	16.567421	24.27	0.00	0.00	0.00	0.00	0.00	0.00	0.00	24.27	-0.00
12	1	1	2	16.584067	24.27	0.00	0.00	0.00	0.00	0.00	0.00	0.00	24.27	-0.00
12	1	1	2	16.600200	24.27	0.00	0.00	0.00	0.00	0.00	0.00	0.00	24.27	-0.00
12	1	1	2	16.617659	24.27	0.00	0.00	0.00	0.00	0.00	0.00	0.00	24.27	-0.00
12	1	1	2	16.632944	24.27	0.00	0.00	0.00	0.00	0.00	0.00	0.00	24.27	-0.00
12	1	1	2	16.650384	24.27	0.00	0.00	0.00	0.00	0.00	0.00	0.00	24.27	-0.00
12	1	1	2	16.666678	24.27	0.00	0.00	0.00	0.00	0.00	0.00	0.00	24.27	-0.00
12	1	1	2	16.683637	24.27	0.00	0.00	0.00	0.00	0.00	0.00	0.00	24.27	-0.00
12	1	1	2	16.700858	24.27	0.00	0.00	0.00	0.00	0.00	0.00	0.00	24.27	-0.00
12	1	1	2	16.716760	24.27	0.00	0.00	0.00	0.00	0.00	0.00	0.00	24.27	-0.00
12	1	1	2	16.733978	24.27	0.00	0.00	0.00	0.00	0.00	0.00	0.00	24.27	-0.00
12	1	1	2	16.749881	24.27	0.00	0.00	0.00	0.00	0.00	0.00	0.00	24.27	-0.00
12	1	1	2	16.767187	24.27	0.00	0.00	0.00	0.00	0.00	0.00	0.00	24.27	-0.00
12	1	1	2	16.783466	24.27	0.00	0.00	0.00	0.00	0.00	0.00	0.00	24.27	-0.00
12	1	1	2	16.800712	24.27	0.00	0.00	0.00	0.00	0.00	0.00	0.00	24.27	-0.00
12	1	1	2	16.816361	24.27	0.00	0.00	0.00	0.00	0.00	0.00	0.00	24.27	-0.00
12	1	1	2	16.834074	24.27	0.00	0.00	0.00	0.00	0.00	0.00	0.00	24.27	-0.00
12	1	1	2	16.851120	24.27	0.00	0.00	0.00	0.00	0.00	0.00	0.00	24.27	-0.00
12	1	1	2	16.866757	24.27	0.00	0.00	0.00	0.00	0.00	0.00	0.00	24.27	-0.00
12	1	1	2	16.883803	24.27	0.00	0.00	0.00	0.00	0.00	0.00	0.00	24.27	-0.00
12	1	1	2	16.900451	23.87	0.00	-23.51	0.00	-1412.12	0.00	0.00	0.00	23.87	-0.00
12	1	1	2	16.916258	24.27	0.00	24.76	0.00	3053.68	0.00	0.00	0.00	24.27	-0.00
12	1	1	2	16.933741	24.27	0.00	0.00	0.00	-1416.32	0.00	0.00	0.00	24.27	-0.00
12	1	1	2	16.950947	24.46	0.00	11.37	0.00	660.98	0.00	0.00	0.00	24.46	-0.00
12	1	1	2	16.966588	24.46	0.00	0.00	0.00	-727.17	0.00	0.00	0.00	24.46	-0.00
12	1	1	2	16.984207	24.27	0.00	-11.11	0.00	-630.37	0.00	0.00	0.00	24.27	-0.00
12	1	1	2	17.000466	24.27	0.00	0.00	0.00	683.11	0.00	0.00	0.00	24.27	-0.00
12	1	1	2	17.017388	24.27	0.00	0.00	0.00	0.00	0.00	0.00	0.00	24.27	-0.00
12	1	1	2	17.033788	24.27	0.00	0.00	0.00	0.00	0.00	0.00	0.00	24.27	-0.00
12	1	1	2	17.049601	24.46	0.00	12.38	0.00	782.64	0.00	0.00	0.00	24.46	-0.00
12	1	1	2	17.067361	24.27	0.00	-11.02	0.00	-1317.24	0.00	0.00	0.00	24.27	-0.00
12	1	1	2	17.083143	24.27	0.00	0.00	0.00	698.21	0.00	0.00	0.00	24.27	-0.00
12	1	1	2	17.100716	24.27	0.00	0.00	0.00	0.00	0.00	0.00	0.00	24.27	-0.00
13	1	0	1	17.317444	24.27	0.00	1.40	0.00	0.08	0.00	24.27	-0.00	0.00	0.00
13	1	1	1	17.333935	24.27	0.00	0.00	0.00	-84.97	0.00	24.27	-0.00	0.00	0.00
13	1	1	1	17.350457	24.27	0.00	0.00	0.00	0.00	0.00	24.27	-0.00	0.00	0.00
13	1	1	1	17.367111	24.27	0.00	0.00	0.00	0.00	0.00	24.27	-0.00	0.00	0.00
13	1	1	1	17.384135	24.27	0.00	0.00	0.00	0.00	0.00	24.27	-0.00	0.00	0.00
13	1	1	1	17.399893	24.27	0.00	0.00	0.00	0.00	0.00	24.27	-0.00	0.00	0.00
13	1	1	1	17.417128	24.27	0.00	0.00	0.00	0.00	0.00	24.27	-0.00	0.00	0.00
13	1	1	1	17.432961	24.27	0.00	0.00	0.00	0.00	0.00	24.27	-0.00	0.00	0.00
13	1	1	1	17.453446	24.27	0.00	0.00	0.00	0.00	0.00	24.27	-0.00	0.00	0.00
13	1	1	1	17.484251	24.27	0.00	0.00	0.00	0.00	0.00	24.27	-0.00	0.00	0.00
13	1	1	1	17.500047	24.27	0.00	0.00	0.00	0.00	0.00	24.27	-0.00	0.00	0.00
13	1	1	1	17.517177	24.27	0.00	0.00	0.00	0.00	0.00	24.27	-0.00	0.00	0.00
13	1	1	1	17.533544	24.27	0.00	0.00	0.00	0.00	0.00	24.27	-0.00	0.00	0.00
13	1	1	1	17.550460	24.27	0.00	0.00	0.00	0.00	0.00	24.27	-0.00	0.00	0.00
13	1	1	1	17.566440	23.87	0.00	-24.49	0.00	-1532.67	0.00	23.87	-0.00	0.00	0.00
13	1	1	1	17.583866	24.27	0.00	22.46	0.00	2694.51	0.00	24.27	-0.00	0.00	0.00
13	1	1	1	17.601257	24.27	0.00	0.00	0.00	-1291.50	0.00	24.27	-0.00	0.00	0.00
13	1	1	1	17.617559	24.27	0.00	0.00	0.00	0.00	0.00	24.27	-0.00	0.00	0.00
13	1	1	1	17.633651	24.27	0.00	0.00	0.00	0.00	0.00	24.27	-0.00	0.00	0.00
13	1	1	1	17.650853	24.27	0.00	0.00	0.00	0.00	0.00	24.27	-0.00	0.00	0.00
13	1	1	1	17.666477	24.27	0.00	0.00	0.00	0.00	0.00	24.27	-0.00	0.00	0.00
13	1	1	1	17.684040	24.27	0.00	0.00	0.00	0.00	0.00	24.27	-0.00	0.00	0.00
13	1	1	1	17.700363	24.27	0.00	0.00	0.00	0.00	0.00	24.27	-0.00	0.00	0.00
13	1	1	1	17.717712	24.27	0.00	0.00	0.00	0.00	0.00	24.27	-0.00	0.00	0.00
13	1	1	1	17.733724	24.46	0.00	12.22	0.00	763.28	0.00	24.46	-0.00	0.00	0.00
13	1	1	1	17.751065	24.27	0.00	-11.29	0.00	-1355.61	0.00	24.27	-0.00	0.00	0.00
13	1	1	1	17.766720	24.27	0.00	0.00	0.00	720.89	0.00	24.27	-0.00	0.00	0.00
13	1	1	1	17.784466	24.27	0.00	0.00	0.00	0.00	0.00	24.27	-0.00	0.00	0.00
13	1	1	1	17.800037	24.27	0.00	0.00	0.00	0.00	0.00	24.27	-0.00	0.00	0.00
13	1	1	1	17.817613	24.27	0.00	0.00	0.00	0.00	0.00	24.27	-0.00	0.00	0.00
13	1	1	1	17.834036	24.27	0.00	0.00	0.00	0.00	0.00	24.27	-0.00	0.00	0.00
13	1	1	1	17.850172	24.27	0.00	0.00	0.00	0.00	0.00	24.27	-0.00	0.00	0.00
13	1	1	1	17.867566	24.27	0.00	0.00	0.00	0.00	0.00	24.27	-0.00	0.00	0.00
13	1	1	1	17.883583	24.27	0.00	0.00	0.00	0.00	0.00	24.27	-0.00	0.00	0.00
13	1	1	1	17.900838	24.27	0.00	0.00	0.00	0.00	0.00	24.27	-0.00	0.00	0.00
13	1	1	1	17.916738	24.27	0.00	0.00	0.00	0.00	0.00	24.27	-0.00	0.00	0.00
13	1	1	1	17.933523	24.27	0.00	0.00	0.00	0.00	0.00	24.27	-0.00	0.00	0.00
13	1	1	1	17.950907	23.68	0.00	-33.77	0.00	-1942.63	0.00	23.68	-0.00	0.00	0.00
13	1	1	1	17.967333	23.87	0.00	11.91	0.00	2781.34	0.00	23.87	-0.00	0.00	0.00
13	1	1	1	17.983418	24.27	0.00	24.33	0.00	772.02	0.00	24.27	-0.00	0.00	0.00
13	1	1	1	18.000855	24.27	0.00	0.00	0.00	-1395.44	0.00	24.27	-0.00	0.00	0.00
13	1	1	1	18.017085	24.27	0.00	0.00	0.00	0.00	0.00	24.27	-0.00	0.00	0.00
13	1	1	1	18.034319	24.27	0.00	0.00	0.00	0.00	0.00	24.27	-0.00	0.00	0.00
13	1	1	1	18.050026	24.27	0.00	0.00	0.00	0.00	0.00	24.27	-0.00	0.00	0.00
13	1	1	1	18.067664	24.27	0.00	0.00	0.00	0.00	0.00	24.27	-0.00	0.00	0.00
13	1	1	1	18.083669	24.27	0.00	0.00	0.00	0.00	0.00	24.27	-0.00	0.00	0.00
13	1	1	1	18.100892	24.46	0.00	11.36	0.00	659.72	0.00	24.46	-0.00	0.00	0.00
13	1	1	1	18.116799	24.27	0.00	-12.30	0.00	-1487.78	0.00	24.27	-0.00	0.00	0.00
13	1	1	1	18.134121	24.27	0.00	0.00	0.00	710.23	0.00	24.27	-0.00	0.00	0.00
13	1	1	1	18.150605	24.27	0.00	0.00	0.00	0.00	0.00	24.27	-0.00	0.00	0.00
13	1	1	1	18.167791	24.27	0.00	0.00	0.00	0.00	0.00	24.27	-0.00	0.00	0.00
13	1	1	1	18.183812	24.27	0.00	0.00	0.00	0.00	0.00	24.27	-0.00	0.00	0.00
13	1	1	1	18.200363	23.87	0.00	-23.65	0.00	-1428.76	0.00	23.87	-0.00	0.00	0.00
13	1	1	1	18.217760	23.87	0.00	0.00	0.00	1359.34	0.00	23.87	-0.00	0.00	0.00
13	1	1	1	18.234043	24.27	0.00	24.04	0.00	1476.18	0.00	24.27	-0.00	0.00	0.00
13	1	1	1	18.251229	23.87	0.00	-22.77	0.00	-2723.57	0.00	23.87	-0.00	0.00	0.00
13	1	1	1	18.267429	24.27	0.00	24.16	0.00	2897.12	0.00	24.27	-0.00	0.00	0.00
13	1	1	1	18.284369	24.27	0.00	0.00	0.00	-1426.26	0.00	24.27	-0.00	0.00	0.00
13	1	1	1	18.300335	24.27	0.00	0.00	0.00	0.00	0.00	24.27	-0.00	0.00	0.00
13	1	1	1	18.317994	24.27	0.00	0.00	0.00	0.00	0.00	24.27	-0.00	0.00	0.00
13	1	1	1	18.334274	24.27	0.00	0.00	0.00	0.00	0.00	24.27	-0.00	0.00	0.00
13	1	1	1	18.350504	24.27	0.00	0.00	0.00	0.00	0.00	24.27	-0.00	0.00	0.00
13	1	1	1	18.367906	24.46	0.00	11.25	0.00	646.23	0.00	24.46	-0.00	0.00	0.00
13	1	1	1	18.384024	24.27	0.00	-12.14	0.00	-1451.01	0.00	24.27	-0.00	0.00	0.00
13	1	1	1	18.401267	24.27	0.00	0.00	0.00	704.14	0.00	24.27	-0.00	0.00	0.00
13	1	1	1	18.417019	24.27	0.00	0.00	0.00	0.00	0.00	24.27	-0.00	0.00	0.00
13	1	1	1	18.434657	24.27	0.00	0.00	0.00	0.00	0.00	24.27	-0.00	0.00	0.00
13	1	1	1	18.450504	23.87	0.00	-24.70	0.00	-1558.53	0.00	23.87	-0.00	0.00	0.00
13	1	1	1	18.467074	24.46	0.00	35.43	0.00	3628.58	0.00	24.46	-0.00	0.00	0.00
13	1	1	1	18.484146	24.27	0.00	-11.46	0.00	-2746.77	0.00	24.27	-0.00	0.00	0.00
13	1	1	1	18.500170	24.27	0.00	0.00	0.00	715.39	0.00	24.27	-0.00	0.00	0.00
14	1	0	3	18.717713	24.27	0.00	1.30	0.00	0.07	0.00	24.27	-0.00	0.00	0.00
14	1	1	3	18.733853	24.27	0.00	0.00	0.00	-80.32	0.00	24.27	-0.00	0.00	0.00
14	1	1	3	18.750368	24.27	0.00	0.00	0.00	0.00	0.00	24.27	-0.00	0.00	0.00
14	1	1	3	18.767940	24.27	0.00	0.00	0.00	0.00	0.00	24.27	-0.00	0.00	0.00
14	1	1	3	18.784150	24.27	0.00	0.00	0.00	0.00	0.00	24.27	-0.00	0.00	0.00
14	1	1	3	18.801001	24.27	0.00	0.00	0.00	0.00	0.00	24.27	-0.00	0.00	0.00
14	1	1	3	18.817382	24.27	0.00	0.00	0.00	0.00	0.00	24.27	-0.00	0.00	0.00
14	1	1	3	18.834682	24.27	0.00	0.00	0.00	0.00	0.00	24.27	-0.00	0.00	0.00
14	1	1	3	18.850601	24.27	0.00	0.00	0.00	0.00	0.00	24.27	-0.00	0.00	0.00
14	1	1	3	18.866837	24.27	0.00	0.00	0.00	0.00	0.00	24.27	-0.00	0.00	0.00
14	1	1	3	18.884022	23.87	0.00	-22.78	0.00	-1325.32	0.00	23.87	-0.00	0.00	0.00
14	1	1	3	18.901349	23.87	0.00	0.00	0.00	1314.47	0.00	23.87	-0.00	0.00	0.00
14	1	1	3	18.917728	24.27	0.00	23.89	0.00	1458.79	0.00	24.27	-0.00	0.00	0.00
14	1	1	3	18.933445	24.27	0.00	0.00	0.00	-1520.37	0.00	24.27	-0.00	0.00	0.00
14	1	1	3	18.950941	24.27	0.00	0.00	0.00	0.00	0.00	24.27	-0.00	0.00	0.00
14	1	1	3	18.967005	24.27	0.00	0.00	0.00	0.00	0.00	24.27	-0.00	0.00	0.00
14	1	1	3	18.984432	24.27	0.00	0.00	0.00	0.00	0.00	24.27	-0.00	0.00	0.00
14	1	1	3	19.000834	24.27	0.00	0.00	0.00	0.00	0.00	24.27	-0.00	0.00	0.00
14	1	1	3	19.016582	24.27	0.00	0.00	0.00	0.00	0.00	24.27	-0.00	0.00	0.00
14	1	1	3	19.034186	24.27	0.00	0.00	0.00	0.00	0.00	24.27	-0.00	0.00	0.00
14	1	1	3	19.050144	23.68	0.00	-36.79	0.00	-2305.32	0.00	23.68	-0.00	0.00	0.00
14	1	1	3	19.067548	23.87	0.00	11.24	0.00	2759.90	0.00	23.87	-0.00	0.00	0.00
14	1	1	3	19.084710	24.27	0.00	22.81	0.00	673.65	0.00	24.27	-0.00	0.00	0.00
14	1	1	3	19.100942	24.27	0.00	0.00	0.00	-1405.00	0.00	24.27	-0.00	0.00	0.00
14	1	1	3	19.116936	24.27	0.00	0.00	0.00	0.00	0.00	24.27	-0.00	0.00	0.00
14	1	1	3	19.134344	24.27	0.00	0.00	0.00	0.00	0.00	24.27	-0.00	0.00	0.00
14	1	1	3	19.150099	24.27	0.00	0.00	0.00	0.00	0.00	24.27	-0.00	0.00	0.00
14	1	1	3	19.167710	24.27	0.00	0.00	0.00	0.00	0.00	24.27	-0.00	0.00	0.00
14	1	1	3	19.184363	24.27	0.00	0.00	0.00	0.00	0.00	24.27	-0.00	0.00	0.00
14	1	1	3	19.200427	24.27	0.00	0.00	0.00	0.00	0.00	24.27	-0.00	0.00	0.00
14	1	1	3	19.217476	24.27	0.00	0.00	0.00	0.00	0.00	24.27	-0.00	0.00	0.00
14	1	1	3	19.233755	24.46	0.00	12.02	0.00	738.48	0.00	24.46	-0.00	0.00	0.00
14	1	1	3	19.251157	24.46	0.00	0.00	0.00	-690.82	0.00	24.46	-0.00	0.00	0.00
14	1	1	3	19.267423	23.87	0.00	-36.09	0.00	-2218.78	0.00	23.87	-0.00	0.00	0.00
14	1	1	3	19.284784	24.27	0.00	22.54	0.00	3377.45	0.00	24.27	-0.00	0.00	0.00
14	1	1	3	19.300918	24.46	0.00	12.13	0.00	-645.52	0.00	24.46	-0.00	0.00	0.00
14	1	1	3	19.317410	24.46	0.00	0.00	0.00	-735.47	0.00	24.46	-0.00	0.00	0.00
14	1	1	3	19.334418	24.46	0.00	0.00	0.00	0.00	0.00	24.46	-0.00	0.00	0.00
14	1	1	3	19.350370	24.27	0.00	-12.27	0.00	-769.07	0.00	24.27	-0.00	0.00	0.00
14	1	1	3	19.367931	24.27	0.00	0.00	0.00	698.59	0.00	24.27	-0.00	0.00	0.00
14	1	1	3	19.384277	24.27	0.00	0.00	0.00	0.00	0.00	24.27	-0.00	0.00	0.00
14	1	1	3	19.401410	24.27	0.00	0.00	0.00	0.00	0.00	24.27	-0.00	0.00	0.00
14	1	1	3	19.417190	24.27	0.00	0.00	0.00	0.00	0.00	24.27	-0.00	0.00	0.00
14	1	1	3	19.434404	24.27	0.00	0.00	0.00	0.00	0.00	24.27	-0.00	0.00	0.00
14	1	1	3	19.450741	24.27	0.00	0.00	0.00	0.00	0.00	24.27	-0.00	0.00	0.00
14	1	1	3	19.468127	24.27	0.00	0.00	0.00	0.00	0.00	24.27	-0.00	0.00	0.00
14	1	1	3	19.483914	24.27	0.00	0.00	0.00	0.00	0.00	24.27	-0.00	0.00	0.00
14	1	1	3	19.501587	24.27	0.00	0.00	0.00	0.00	0.00	24.27	-0.00	0.00	0.00
14	1	1	3	19.517205	24.27	0.00	0.00	0.00	0.00	0.00	24.27	-0.00	0.00	0.00
14	1	1	3	19.534681	24.27	0.00	0.00	0.00	0.00	0.00	24.27	-0.00	0.00	0.00
14	1	1	3	19.550424	24.27	0.00	0.00	0.00	0.00	0.00	24.27	-0.00	0.00	0.00
14	1	1	3	19.567931	24.27	0.00	0.00	0.00	0.00	0.00	24.27	-0.00	0.00	0.00
14	1	1	3	19.584364	23.87	0.00	-23.82	0.00	-1449.42	0.00	23.87	-0.00	0.00	0.00
14	1	1	3	19.600648	23.09	0.00	-48.07	0.00	-1489.27	0.00	23.09	-0.00	0.00	0.00
14	1	1	3	19.618084	21.14	0.00	-112.23	0.00	-3680.00	0.00	21.14	-0.00	0.00	0.00
14	1	1	3	19.634002	19.96	0.00	-73.77	0.00	2416.76	0.00	19.96	-0.00	0.00	0.00
14	1	1	3	19.650542	18.79	0.00	-70.99	0.00	167.82	0.00	18.79	-0.00	0.00	0.00
14	1	1	3	19.667622	16.44	0.00	-137.49	0.00	-3893.39	0.00	16.44	-0.00	0.00	0.00
14	1	1	3	19.683790	13.89	0.00	-157.35	0.00	-1228.41	0.00	13.89	-0.00	0.00	0.00
14	1	1	3	19.700854	9.00	0.00	-286.71	0.00	-7580.82	0.00	9.00	-0.00	0.00	0.00
14	1	1	3	19.717842	5.09	0.00	-230.38	0.00	3315.55	0.00	5.09	-0.00	0.00	0.00
14	1	1	3	19.733667	3.33	0.00	-111.30	0.00	7525.21	0.00	3.33	-0.00	0.00	0.00
14	1	1	3	19.750579	1.96	0.00	-81.00	0.00	1791.52	0.00	1.96	-0.00	0.00	0.00
14	1	1	3	19.767541	0.39	0.00	-92.30	0.00	-666.24	0.00	0.39	-0.00	0.00	0.00
14	1	1	3	19.783683	0.39	0.00	0.00	0.00	5718.14	0.00	0.39	-0.00	0.00	0.00
14	1	1	3	19.801029	0.39	0.00	0.00	0.00	0.00	0.00	0.39	-0.00	0.00	0.00
14	1	1	3	19.817076	0.39	0.00	0.00	0.00	0.00	0.00	0.39	-0.00	0.00	0.00
14	1	1	3	19.834505	0.39	0.00	0.00	0.00	0.00	0.00	0.39	-0.00	0.00	0.00
14	1	1	3	19.850342	0.39	0.00	0.00	0.00	0.00	0.00	0.39	-0.00	0.00	0.00
14	1	1	3	19.867851	0.78	0.00	22.35	0.00	1276.70	0.00	0.78	-0.00	0.00	0.00
14	1	1	3	19.883876	0.39	0.00	-24.42	0.00	-2918.96	0.00	0.39	-0.00	0.00	0.00
14	1	1	3	19.900189	0.39	0.00	0.00	0.00	1497.17	0.00	0.39	-0.00	0.00	0.00
15	1	0	2	20.117504	0.00	0.00	0.00	0.00	0.00	0.00	0.00	0.00	-0.00	0.00
15	1	1	2	20.135206	0.20	0.00	11.05	0.00	624.50	0.00	0.00	0.00	0.20	-0.00
15	1	1	2	20.150825	0.39	0.00	12.53	0.00	94.39	0.00	0.00	0.00	0.39	-0.00
15	1	1	2	20.166985	0.39	0.00	0.00	0.00	-775.31	0.00	0.00	0.00	0.39	-0.00
15	1	1	2	20.183906	0.39	0.00	0.00	0.00	0.00	0.00	0.00	0.00	0.39	-0.00
15	1	1	2	20.200366	0.00	0.00	-23.78	0.00	-1444.75	0.00	0.00	0.00	-0.00	0.00
15	1	1	2	20.217943	0.39	0.00	22.27	0.00	2619.68	0.00	0.00	0.00	0.39	-0.00
15	1	1	2	20.233645	0.39	0.00	0.00	0.00	-1418.07	0.00	0.00	0.00	0.39	-0.00
15	1	1	2	20.251031	0.20	0.00	-11.26	0.00	-647.44	0.00	0.00	0.00	0.20	-0.00
15	1	1	2	20.267034	0.20	0.00	0.00	0.00	703.38	0.00	0.00	0.00	0.20	-0.00
15	1	1	2	20.284616	0.20	0.00	0.00	0.00	0.00	0.00	0.00	0.00	0.20	-0.00
15	1	1	2	20.300301	0.20	0.00	0.00	0.00	0.00	0.00	0.00	0.00	0.20	-0.00
15	1	1	2	20.317523	0.20	0.00	0.00	0.00	0.00	0.00	0.00	0.00	0.20	-0.00
15	1	1	2	20.334049	0.20	0.00	0.00	0.00	0.00	0.00	0.00	0.00	0.20	-0.00
15	1	1	2	20.351478	0.20	0.00	0.00	0.00	0.00	0.00	0.00	0.00	0.20	-0.00
15	1	1	2	20.367494	0.00	0.00	-12.22	0.00	-762.83	0.00	0.00	0.00	-0.00	0.00
15	1	1	2	20.384176	0.20	0.00	11.73	0.00	1435.61	0.00	0.00	0.00	0.20	-0.00
15	1	1	2	20.400826	0.00	0.00	-11.75	0.00	-1410.53	0.00	0.00	0.00	-0.00	0.00
15	1	1	2	20.418034	0.00	0.00	0.00	0.00	683.03	0.00	0.00	0.00	-0.00	0.00
15	1	1	2	20.433873	0.00	0.00	0.00	0.00	0.00	0.00	0.00	0.00	-0.00	0.00
15	1	1	2	20.451415	0.00	0.00	0.00	0.00	0.00	0.00	0.00	0.00	-0.00	0.00
15	1	1	2	20.467558	0.00	0.00	0.00	0.00	0.00	0.00	0.00	0.00	-0.00	0.00
15	1	1	2	20.483805	0.00	0.00	0.00	0.00	0.00	0.00	0.00	0.00	-0.00	0.00
15	1	1	2	20.501264	0.00	0.00	0.00	0.00	0.00	0.00	0.00	0.00	-0.00	0.00
15	1	1	2	20.517431	0.20	0.00	12.10	0.00	748.71	0.00	0.00	0.00	0.20	-0.00
15	1	1	2	20.533733	0.00	0.00	-12.00	0.00	-1478.85	0.00	0.00	0.00	-0.00	0.00
15	1	1	2	20.551078	0.00	0.00	0.00	0.00	692.08	0.00	0.00	0.00	-0.00	0.00
15	1	1	2	20.566716	0.00	0.00	0.00	0.00	0.00	0.00	0.00	0.00	-0.00	0.00
15	1	1	2	20.583787	0.00	0.00	0.00	0.00	0.00	0.00	0.00	0.00	-0.00	0.00
15	1	1	2	20.601099	0.00	0.00	0.00	0.00	0.00	0.00	0.00	0.00	-0.00	0.00
15	1	1	2	20.617148	0.00	0.00	0.00	0.00	0.00	0.00	0.00	0.00	-0.00	0.00
15	1	1	2	20.634445	0.00	0.00	0.00	0.00	0.00	0.00	0.00	0.00	-0.00	0.00
15	1	1	2	20.650356	0.00	0.00	0.00	0.00	0.00	0.00	0.00	0.00	-0.00	0.00
15	1	1	2	20.667208	0.00	0.00	0.00	0.00	0.00	0.00	0.00	0.00	-0.00	0.00
15	1	1	2	20.684232	0.00	0.00	0.00	0.00	0.00	0.00	0.00	0.00	-0.00	0.00
15	1	1	2	20.700339	0.00	0.00	0.00	0.00	0.00	0.00	0.00	0.00	-0.00	0.00
15	1	1	2	20.718059	0.00	0.00	0.00	0.00	0.00	0.00	0.00	0.00	-0.00	0.00
15	1	1	2	20.734217	0.00	0.00	0.00	0.00	0.00	0.00	0.00	0.00	-0.00	0.00
15	1	1	2	20.751589	0.00	0.00	0.00	0.00	0.00	0.00	0.00	0.00	-0.00	0.00
15	1	1	2	20.767724	0.00	0.00	0.00	0.00	0.00	0.00	0.00	0.00	-0.00	0.00
15	1	1	2	20.783888	0.00	0.00	0.00	0.00	0.00	0.00	0.00	0.00	-0.00	0.00
15	1	1	2	20.800747	0.00	0.00	0.00	0.00	0.00	0.00	0.00	0.00	-0.00	0.00
15	1	1	2	20.817803	-0.78	0.00	-45.89	0.00	-2690.79	0.00	0.00	-0.00	-0.78	0.00
15	1	1	2	20.833901	-2.35	0.00	-97.25	0.00	-3190.38	0.00	0.00	-0.00	-2.35	0.00
15	1	1	2	20.850454	-6.26	0.00	-236.45	0.00	-8409.10	0.00	0.00	-0.00	-6.26	0.00
15	1	1	2	20.867710	-10.26	-1.55	-231.43	-89.71	291.05	-5198.88	0.00	-1.55	-10.26	0.00
15	1	1	2	20.883820	-16.61	-2.70	-394.50	-71.76	-10122.42	1114.07	0.00	-2.70	-16.61	0.00
15	1	1	2	20.901114	-23.73	-4.05	-411.48	-77.88	-981.65	-353.69	0.00	-4.05	-23.73	0.00
15	1	1	2	20.917277	-27.63	-6.48	-241.24	-150.15	10532.04	-4471.23	0.00	-6.48	-27.63	0.00
15	1	1	2	20.934326	-34.06	-8.18	-377.38	-99.96	-7985.30	2943.98	0.00	-8.18	-34.06	0.00
15	1	1	2	20.951426	-36.62	-8.39	-149.93	-12.33	13302.08	5124.45	0.00	-8.39	-36.62	0.00
15	1	1	2	20.967489	-37.74	-8.77	-69.62	-23.37	4999.05	-687.16	0.00	-8.77	-37.74	0.00
15	1	1	2	20.984402	-38.42	-8.41	-40.35	21.11	1731.02	2630.16	0.00	-8.41	-38.42	0.00
15	1	1	2	21.000422	-38.42	-8.41	0.00	0.00	2518.48	-1317.75	0.00	-8.41	-38.42	0.00
15	1	1	2	21.017453	-37.94	-8.77	28.30	-21.10	1661.90	-1238.77	0.00	-8.77	-37.94	0.00
15	1	1	2	21.034415	-38.34	-8.78	-23.62	-0.26	-3060.92	1228.44	0.00	-8.78	-38.34	0.00
15	1	1	2	21.050835	-38.34	-8.78	0.00	0.00	1438.33	15.83	0.00	-8.78	-38.34	0.00
15	1	1	2	21.067726	-38.34	-8.78	0.00	0.00	0.00	0.00	0.00	-8.78	-38.34	0.00
15	1	1	2	21.083587	-38.30	-8.96	2.64	-11.41	166.43	-719.40	0.00	-8.96	-38.30	0.00
15	1	1	2	21.101183	-38.34	-8.78	-2.38	10.28	-285.24	1232.97	0.00	-8.78	-38.34	0.00
15	1	1	2	21.117586	-38.54	-8.78	-12.21	-0.13	-599.10	-635.01	0.00	-8.78	-38.54	0.00
15	1	1	2	21.134410	-38.82	-9.32	-16.29	-32.49	-242.79	-1923.46	0.00	-9.32	-38.82	0.00
15	1	1	2	21.151210	-39.10	-8.97	-16.98	21.36	-40.85	3205.10	0.00	-8.97	-39.10	0.00
15	1	1	2	21.167050	-39.54	-7.87	-27.45	69.19	-660.91	3019.61	0.00	-7.87	-39.54	0.00
15	1	1	2	21.184542	-39.06	-8.23	27.11	-20.86	3119.04	-5147.54	0.00	-8.23	-39.06	0.00
15	1	1	2	21.200655	-36.74	-8.76	144.19	-32.44	7265.90	-718.99	0.00	-8.76	-36.74	0.00
15	1	1	2	21.218149	-34.13	-8.72	149.29	2.00	291.63	1968.80	0.00	-8.72	-34.13	0.00
15	1	1	2	21.233887	-27.96	-8.26	391.64	29.46	15399.19	1744.76	0.00	-8.26	-27.96	0.00
15	1	1	2	21.251488	-22.72	-7.94	297.87	17.87	-5327.77	-658.33	0.00	-7.94	-22.72	0.00
15	1	1	2	21.267442	-20.48	-8.34	140.43	-24.70	-9868.00	-2668.67	0.00	-8.34	-20.48	0.00
15	1	1	2	21.284375	-18.93	-7.46	91.39	51.57	-2896.21	4504.58	0.00	-7.46	-18.93	0.00
15	1	1	2	21.300597	-15.74	-6.98	196.63	30.01	6487.19	-1329.13	0.00	-6.98	-15.74	0.00
16	1	0	4	21.517882	0.00	0.00	0.00	0.00	0.00	0.00	0.00	0.00	0.00	-0.00
16	1	1	4	21.535002	0.00	0.00	0.00	0.00	0.00	0.00	0.00	0.00	0.00	-0.00
16	1	1	4	21.550759	0.00	0.00	0.00	0.00	0.00	0.00	0.00	0.00	0.00	-0.00
16	1	1	4	21.568104	0.00	0.00	0.00	0.00	0.00	0.00	0.00	0.00	0.00	-0.00
16	1	1	4	21.583952	0.00	0.00	0.00	0.00	0.00	0.00	0.00	0.00	0.00	-0.00
16	1	1	4	21.601085	0.00	0.00	0.00	0.00	0.00	0.00	0.00	0.00	0.00	-0.00
16	1	1	4	21.617543	0.00	0.00	0.00	0.00	0.00	0.00	0.00	0.00	0.00	-0.00
16	1	1	4	21.634899	0.00	0.00	0.00	0.00	0.00	0.00	0.00	0.00	0.00	-0.00
16	1	1	4	21.651228	0.00	0.00	0.00	0.00	0.00	0.00	0.00	0.00	0.00	-0.00
16	1	1	4	21.667461	0.00	0.00	0.00	0.00	0.00	0.00	0.00	0.00	0.00	-0.00
16	1	1	4	21.684896	0.00	0.00	0.00	0.00	0.00	0.00	0.00	0.00	0.00	-0.00
16	1	1	4	21.701087	0.00	0.00	0.00	0.00	0.00	0.00	0.00	0.00	0.00	-0.00
16	1	1	4	21.718387	0.00	0.00	0.00	0.00	0.00	0.00	0.00	0.00	0.00	-0.00
16	1	1	4	21.734712	0.00	0.00	0.00	0.00	0.00	0.00	0.00	0.00	0.00	-0.00
16	1	1	4	21.750935	0.00	0.00	0.00	0.00	0.00	0.00	0.00	0.00	0.00	-0.00
16	1	1	4	21.768108	0.00	0.00	0.00	0.00	0.00	0.00	0.00	0.00	0.00	-0.00
16	1	1	4	21.784563	0.00	0.00	0.00	0.00	0.00	0.00	0.00	0.00	0.00	-0.00
16	1	1	4	21.801749	0.00	0.00	0.00	0.00	0.00	0.00	0.00	0.00	0.00	-0.00
16	1	1	4	21.817753	0.00	0.00	0.00	0.00	0.00	0.00	0.00	0.00	0.00	-0.00
16	1	1	4	21.833689	0.00	0.00	0.00	0.00	0.00	0.00	0.00	0.00	0.00	-0.00
16	1	1	4	21.850399	0.00	0.00	0.00	0.00	0.00	0.00	0.00	0.00	0.00	-0.00
16	1	1	4	21.867221	0.00	0.00	0.00	0.00	0.00	0.00	0.00	0.00	0.00	-0.00
16	1	1	4	21.884142	0.00	0.00	0.00	0.00	0.00	0.00	0.00	0.00	0.00	-0.00
16	1	1	4	21.901547	0.00	0.00	0.00	0.00	0.00	0.00	0.00	0.00	0.00	-0.00
16	1	1	4	21.917764	0.00	0.00	0.00	0.00	0.00	0.00	0.00	0.00	0.00	-0.00
16	1	1	4	21.933807	0.00	0.00	0.00	0.00	0.00	0.00	0.00	0.00	0.00	-0.00
16	1	1	4	21.951158	0.00	0.00	0.00	0.00	0.00	0.00	0.00	0.00	0.00	-0.00
16	1	1	4	21.968384	0.00	0.00	0.00	0.00	0.00	0.00	0.00	0.00	0.00	-0.00
16	1	1	4	21.984829	0.00	0.00	0.00	0.00	0.00	0.00	0.00	0.00	0.00	-0.00
16	1	1	4	22.000401	0.00	0.00	0.00	0.00	0.00	0.00	0.00	0.00	0.00	-0.00
16	1	1	4	22.017974	0.00	0.00	0.00	0.00	0.00	0.00	0.00	0.00	0.00	-0.00
16	1	1	4	22.035121	0.00	0.00	0.00	0.00	0.00	0.00	0.00	0.00	0.00	-0.00
16	1	1	4	22.051555	0.00	0.00	0.00	0.00	0.00	0.00	0.00	0.00	0.00	-0.00
16	1	1	4	22.067738	0.00	0.00	0.00	0.00	0.00	0.00	0.00	0.00	0.00	-0.00
16	1	1	4	22.083852	0.00	0.00	0.00	0.00	0.00	0.00	0.00	0.00	0.00	-0.00
16	1	1	4	22.101329	0.00	0.00	0.00	0.00	0.00	0.00	0.00	0.00	0.00	-0.00
16	1	1	4	22.117748	0.00	0.00	0.00	0.00	0.00	0.00	0.00	0.00	0.00	-0.00
16	1	1	4	22.134834	0.00	0.00	0.00	0.00	0.00	0.00	0.00	0.00	0.00	-0.00
16	1	1	4	22.151013	0.00	0.00	0.00	0.00	0.00	0.00	0.00	0.00	0.00	-0.00
16	1	1	4	22.168335	0.00	0.00	0.00	0.00	0.00	0.00	0.00	0.00	0.00	-0.00
16	1	1	4	22.184584	0.00	0.00	0.00	0.00	0.00	0.00	0.00	0.00	0.00	-0.00
16	1	1	4	22.201338	0.00	0.00	0.00	0.00	0.00	0.00	0.00	0.00	0.00	-0.00
16	1	1	4	22.217272	0.00	0.00	0.00	0.00	0.00	0.00	0.00	0.00	0.00	-0.00
16	1	1	4	22.234443	0.00	0.00	0.00	0.00	0.00	0.00	0.00	0.00	0.00	-0.00
16	1	1	4	22.251083	0.00	0.00	0.00	0.00	0.00	0.00	0.00	0.00	0.00	-0.00
16	1	1	4	22.268514	0.39	0.00	22.45	0.00	1288.08	0.00	0.00	0.00	0.39	-0.00
16	1	1	4	22.284573	1.96	0.00	97.49	0.00	4672.50	0.00	0.00	0.00	1.96	-0.00
16	1	1	4	22.301129	4.70	0.00	165.49	0.00	4107.47	0.00	0.00	0.00	4.70	-0.00
16	1	1	4	22.318463	6.98	0.97	131.61	55.91	-1954.67	3225.22	0.00	0.97	6.98	-0.00
16	1	1	4	22.334373	11.75	3.03	299.82	129.64	10573.08	4634.50	0.00	3.03	11.75	-0.00
16	1	1	4	22.350776	15.85	4.34	250.37	79.83	-3015.18	-3036.97	0.00	4.34	15.85	-0.00
16	1	1	4	22.368189	18.18	4.73	133.55	22.58	-6708.37	-3287.44	0.00	4.73	18.18	-0.00
16	1	1	4	22.384040	18.64	5.27	29.16	33.95	-6586.10	717.14	0.00	5.27	18.64	-0.00
16	1	1	4	22.401753	19.20	5.46	31.47	10.51	130.56	-1323.36	0.00	5.46	19.20	-0.00
16	1	1	4	22.418019	19.40	5.46	12.43	0.24	-1170.25	-631.27	0.00	5.46	19.40	-0.00
16	1	1	4	22.435190	19.81	5.47	23.54	0.44	646.66	11.59	0.00	5.47	19.81	-0.00
16	1	1	4	22.451281	19.40	5.46	-25.12	-0.47	-3024.01	-56.75	0.00	5.46	19.40	-0.00
16	1	1	4	22.468539	19.81	5.47	23.42	0.44	2812.67	52.78	0.00	5.47	19.81	-0.00
16	1	1	4	22.484817	20.46	5.30	40.07	-10.21	1022.79	-654.44	0.00	5.30	20.46	-0.00
16	1	1	4	22.500670	20.47	6.01	0.52	44.44	-2494.56	3447.71	0.00	6.01	20.47	-0.00
16	1	1	4	22.518123	20.97	5.67	28.81	-19.55	1620.61	-3666.46	0.00	5.67	20.97	-0.00
16	1	1	4	22.534134	20.42	6.18	-34.61	32.06	-3960.99	3223.54	0.00	6.18	20.42	-0.00
16	1	1	4	22.551049	20.42	6.18	0.00	0.00	2046.08	-1895.57	0.00	6.18	20.42	-0.00
16	1	1	4	22.567980	20.87	6.02	26.96	-9.67	1592.39	-571.02	0.00	6.02	20.87	-0.00
16	1	1	4	22.584124	21.02	6.19	9.42	10.99	-1086.40	1279.79	0.00	6.19	21.02	-0.00
16	1	1	4	22.601719	21.07	6.02	2.86	-9.85	-373.05	-1184.62	0.00	6.02	21.07	-0.00
16	1	1	4	22.617470	21.48	6.03	25.68	0.50	1449.05	657.37	0.00	6.03	21.48	-0.00
16	1	1	4	22.635066	21.43	6.20	-2.82	9.89	-1619.92	533.61	0.00	6.20	21.43	-0.00
16	1	1	4	22.650739	21.07	6.02	-22.64	-11.61	-1264.87	-1371.87	0.00	6.02	21.07	-0.00
16	1	1	4	22.667795	21.48	6.03	23.72	0.46	2718.25	707.91	0.00	6.03	21.48	-0.00
16	1	1	4	22.684844	21.07	6.02	-23.73	-0.46	-2783.07	-54.47	0.00	6.02	21.07	-0.00
17	2	0	2	35.402926	0.00	0.00	0.00	0.00	0.00	0.00	0.00	0.00	-0.00	0.00
17	2	1	2	35.420375	0.00	0.00	0.00	0.00	0.00	0.00	0.00	0.00	-0.00	0.00
17	2	1	2	35.435886	0.00	0.00	0.00	0.00	0.00	0.00	0.00	0.00	-0.00	0.00
17	2	1	2	35.453428	0.00	0.00	0.00	0.00	0.00	0.00	0.00	0.00	-0.00	0.00
17	2	1	2	35.469605	0.00	0.00	0.00	0.00	0.00	0.00	0.00	0.00	-0.00	0.00
17	2	1	2	35.486963	0.00	0.00	0.00	0.00	0.00	0.00	0.00	0.00	-0.00	0.00
17	2	1	2	35.502718	0.00	0.00	0.00	0.00	0.00	0.00	0.00	0.00	-0.00	0.00
17	2	1	2	35.520056	0.00	0.00	0.00	0.00	0.00	0.00	0.00	0.00	-0.00	0.00
17	2	1	2	35.535954	0.00	0.00	0.00	0.00	0.00	0.00	0.00	0.00	-0.00	0.00
17	2	1	2	35.553426	0.00	0.00	0.00	0.00	0.00	0.00	0.00	0.00	-0.00	0.00
17	2	1	2	35.569130	0.00	0.00	0.00	0.00	0.00	0.00	0.00	0.00	-0.00	0.00
17	2	1	2	35.586779	0.00	0.00	0.00	0.00	0.00	0.00	0.00	0.00	-0.00	0.00
17	2	1	2	35.603063	0.00	0.00	0.00	0.00	0.00	0.00	0.00	0.00	-0.00	0.00
17	2	1	2	35.620373	0.00	0.00	0.00	0.00	0.00	0.00	0.00	0.00	-0.00	0.00
17	2	1	2	35.636146	0.00	0.00	0.00	0.00	0.00	0.00	0.00	0.00	-0.00	0.00
17	2	1	2	35.653613	0.00	0.00	0.00	0.00	0.00	0.00	0.00	0.00	-0.00	0.00
17	2	1	2	35.669411	0.00	0.00	0.00	0.00	0.00	0.00	0.00	0.00	-0.00	0.00
17	2	1	2	35.686923	0.00	0.00	0.00	0.00	0.00	0.00	0.00	0.00	-0.00	0.00
17	2	1	2	35.702939	0.00	0.00	0.00	0.00	0.00	0.00	0.00	0.00	-0.00	0.00
17	2	1	2	35.720288	0.00	0.00	0.00	0.00	0.00	0.00	0.00	0.00	-0.00	0.00
17	2	1	2	35.736013	0.00	0.00	0.00	0.00	0.00	0.00	0.00	0.00	-0.00	0.00
17	2	1	2	35.753492	0.00	0.00	0.00	0.00	0.00	0.00	0.00	0.00	-0.00	0.00
17	2	1	2	35.769103	0.00	0.00	0.00	0.00	0.00	0.00	0.00	0.00	-0.00	0.00
17	2	1	2	35.787051	0.00	0.00	0.00	0.00	0.00	0.00	0.00	0.00	-0.00	0.00
17	2	1	2	35.802919	0.00	0.00	0.00	0.00	0.00	0.00	0.00	0.00	-0.00	0.00
17	2	1	2	35.820555	0.00	0.00	0.00	0.00	0.00	0.00	0.00	0.00	-0.00	0.00
17	2	1	2	35.836257	0.00	0.00	0.00	0.00	0.00	0.00	0.00	0.00	-0.00	0.00
17	2	1	2	35.853623	0.00	0.00	0.00	0.00	0.00	0.00	0.00	0.00	-0.00	0.00
17	2	1	2	35.869952	0.00	0.00	0.00	0.00	0.00	0.00	0.00	0.00	-0.00	0.00
17	2	1	2	35.887217	0.00	0.00	0.00	0.00	0.00	0.00	0.00	0.00	-0.00	0.00
17	2	1	2	35.903102	0.00	0.00	0.00	0.00	0.00	0.00	0.00	0.00	-0.00	0.00
17	2	1	2	35.920696	0.00	0.00	0.00	0.00	0.00	0.00	0.00	0.00	-0.00	0.00
17	2	1	2	35.936266	0.00	0.00	0.00	0.00	0.00	0.00	0.00	0.00	-0.00	0.00
17	2	1	2	35.953599	0.00	0.00	0.00	0.00	0.00	0.00	0.00	0.00	-0.00	0.00
17	2	1	2	35.970054	0.00	0.00	0.00	0.00	0.00	0.00	0.00	0.00	-0.00	0.00
17	2	1	2	35.986195	0.00	0.00	0.00	0.00	0.00	0.00	0.00	0.00	-0.00	0.00
17	2	1	2	36.003629	0.00	0.00	0.00	0.00	0.00	0.00	0.00	0.00	-0.00	0.00
17	2	1	2	36.019386	0.00	0.00	0.00	0.00	0.00	0.00	0.00	0.00	-0.00	0.00
17	2	1	2	36.036372	0.00	0.00	0.00	0.00	0.00	0.00	0.00	0.00	-0.00	0.00
17	2	1	2	36.052845	0.00	0.00	0.00	0.00	0.00	0.00	0.00	0.00	-0.00	0.00
17	2	1	2	36.070059	0.00	0.00	0.00	0.00	0.00	0.00	0.00	0.00	-0.00	0.00
17	2	1	2	36.085884	0.00	0.00	0.00	0.00	0.00	0.00	0.00	0.00	-0.00	0.00
17	2	1	2	36.103336	0.00	0.00	0.00	0.00	0.00	0.00	0.00	0.00	-0.00	0.00
17	2	1	2	36.120688	0.00	0.00	0.00	0.00	0.00	0.00	0.00	0.00	-0.00	0.00
17	2	1	2	36.136391	0.00	0.00	0.00	0.00	0.00	0.00	0.00	0.00	-0.00	0.00
17	2	1	2	36.153790	0.00	0.00	0.00	0.00	0.00	0.00	0.00	0.00	-0.00	0.00
17	2	1	2	36.169936	0.00	0.00	0.00	0.00	0.00	0.00	0.00	0.00	-0.00	0.00
17	2	1	2	36.187186	-0.59	0.00	-34.04	0.00	-1973.14	0.00	0.00	-0.00	-0.59	0.00
17	2	1	2	36.203356	-1.37	0.00	-48.41	0.00	-888.79	0.00	0.00	-0.00	-1.37	0.00
17	2	1	2	36.220634	-2.54	0.00	-67.96	0.00	-1131.40	0.00	0.00	-0.00	-2.54	0.00
17	2	1	2	36.236845	-6.23	0.58	-227.68	36.06	-9853.26	2224.36	0.00	0.58	-6.23	0.00
17	2	1	2	36.252871	-10.92	0.97	-292.06	24.34	-4017.08	-731.19	0.00	0.97	-10.92	0.00
17	2	1	2	36.270127	-16.77	1.37	-339.52	22.64	-2750.40	-98.27	0.00	1.37	-16.77	0.00
17	2	1	2	36.285979	-20.83	2.14	-255.82	48.95	5280.23	1659.61	0.00	2.14	-20.83	0.00
17	2	1	2	36.303426	-24.13	2.53	-189.40	22.29	3807.04	-1528.51	0.00	2.53	-24.13	0.00
17	2	1	2	36.319876	-28.26	2.53	-250.97	0.23	-3742.87	-1341.08	0.00	2.53	-28.26	0.00
17	2	1	2	36.337274	-36.09	2.93	-449.62	22.53	-11417.22	1281.85	0.00	2.93	-36.09	0.00
17	2	1	2	36.352923	-38.86	2.54	-177.35	-24.74	17398.64	-3020.83	0.00	2.54	-38.86	0.00
17	2	1	2	36.369926	-42.35	3.12	-205.28	34.35	-1642.37	3475.35	0.00	3.12	-42.35	0.00
17	2	1	2	36.386554	-47.83	3.32	-329.53	11.80	-7472.45	-1356.09	0.00	3.32	-47.83	0.00
17	2	1	2	36.403711	-49.76	3.71	-112.72	22.68	12636.69	634.12	0.00	3.71	-49.76	0.00
17	2	1	2	36.419466	-50.58	3.32	-51.53	-24.64	3883.99	-3003.58	0.00	3.32	-50.58	0.00
17	2	1	2	36.436747	-51.18	3.13	-34.75	-11.25	970.99	775.14	0.00	3.13	-51.18	0.00
17	2	1	2	36.453254	-51.73	3.71	-33.30	35.34	88.10	2822.46	0.00	3.71	-51.73	0.00
17	2	1	2	36.470480	-51.56	3.32	9.85	-22.57	2504.85	-3361.71	0.00	3.32	-51.56	0.00
17	2	1	2	36.486598	-52.14	3.32	-36.50	0.01	-2875.68	1400.73	0.00	3.32	-52.14	0.00
17	2	1	2	36.504007	-52.93	3.32	-45.05	0.01	-491.30	0.10	0.00	3.32	-52.93	0.00
17	2	1	2	36.520343	-53.73	3.13	-48.73	-11.90	-224.89	-729.39	0.00	3.13	-53.73	0.00
17	2	1	2	36.536393	-55.44	3.90	-106.84	48.50	-3620.70	3763.21	0.00	3.90	-55.44	0.00
17	2	1	2	36.553722	-61.57	2.93	-353.99	-56.10	-14262.51	-6036.12	0.00	2.93	-61.57	0.00
17	2	1	2	36.570190	-70.19	2.93	-523.38	0.05	-10286.31	3409.40	0.00	2.93	-70.19	0.00
17	2	1	2	36.585795	-76.67	2.54	-415.05	-25.01	6942.18	-1605.33	0.00	2.54	-76.67	0.00
