Trial	Type	Target/Home(1,0)	Target #	Time(s)	Xpos	Ypos	Xvel	Yvel	Xaccel	Yaccel	Xerror	Yerror	Xprojection	Yprojection
1	1	0	3	0.526703	0.00	-0.39	0.00	-0.74	0.00	-1.41	0.00	0.00	-0.00	-0.39
1	1	1	3	1.115819	0.00	-0.39	0.00	0.00	0.00	1.26	0.00	0.00	-0.00	-0.39
1	1	1	3	1.138986	0.00	-0.39	0.00	0.00	0.00	0.00	0.00	0.00	-0.00	-0.39
1	1	1	3	1.155553	0.00	0.00	0.00	23.62	0.00	1425.93	0.00	0.00	-0.00	-0.00
1	1	1	3	1.172298	0.00	0.00	0.00	0.00	0.00	-1410.82	0.00	0.00	-0.00	-0.00
1	1	1	3	1.189080	0.00	0.00	0.00	0.00	0.00	0.00	0.00	0.00	-0.00	-0.00
1	1	1	3	1.205800	0.00	-0.39	0.00	-23.41	0.00	-1400.13	0.00	0.00	-0.00	-0.39
1	1	1	3	1.222453	0.00	-0.39	0.00	0.00	0.00	1405.66	0.00	0.00	-0.00	-0.39
1	1	1	3	1.239097	0.00	-0.39	0.00	0.00	0.00	0.00	0.00	0.00	-0.00	-0.39
1	1	1	3	1.255748	0.00	-0.39	0.00	0.00	0.00	0.00	0.00	0.00	-0.00	-0.39
1	1	1	3	1.272875	0.00	0.00	0.00	22.85	0.00	1334.32	0.00	0.00	-0.00	-0.00
1	1	1	3	1.289588	0.00	0.00	0.00	0.00	0.00	-1367.35	0.00	0.00	-0.00	-0.00
1	1	1	3	1.306169	0.00	0.00	0.00	0.00	0.00	0.00	0.00	0.00	-0.00	-0.00
1	1	1	3	1.322551	0.00	-0.39	0.00	-23.89	0.00	-1458.32	0.00	0.00	-0.00	-0.39
1	1	1	3	1.339313	0.00	-0.39	0.00	0.00	0.00	1425.36	0.00	0.00	-0.00	-0.39
1	1	1	3	1.356084	0.00	-0.39	0.00	0.00	0.00	0.00	0.00	0.00	-0.00	-0.39
1	1	1	3	1.372701	0.00	-0.39	0.00	0.00	0.00	0.00	0.00	0.00	-0.00	-0.39
1	1	1	3	1.389608	0.00	0.00	0.00	23.15	0.00	1369.27	0.00	0.00	-0.00	-0.00
1	1	1	3	1.406145	0.00	0.00	0.00	0.00	0.00	-1399.91	0.00	0.00	-0.00	-0.00
1	1	1	3	1.422645	1.57	0.00	94.88	0.00	5750.18	0.00	1.57	-0.00	0.00	0.00
1	1	1	3	1.439568	4.50	0.00	173.46	0.00	4643.51	0.00	4.50	-0.00	0.00	0.00
1	1	1	3	1.456260	15.07	0.00	633.08	0.00	27534.85	0.00	15.07	-0.00	0.00	0.00
1	1	1	3	1.472773	19.96	0.00	296.27	0.00	-20396.39	0.00	19.96	-0.00	0.00	0.00
1	1	1	3	1.489862	22.90	0.00	171.77	0.00	-7285.47	0.00	22.90	-0.00	0.00	0.00
1	1	1	3	1.506366	25.05	0.00	130.43	0.00	-2505.20	0.00	25.05	-0.00	0.00	0.00
1	1	1	3	1.523125	27.40	0.00	140.12	0.00	578.58	0.00	27.40	-0.00	0.00	0.00
1	1	1	3	1.539632	30.33	0.00	177.83	0.00	2284.48	0.00	30.33	-0.00	0.00	0.00
1	1	1	3	1.556624	35.23	0.00	287.91	0.00	6478.09	0.00	35.23	-0.00	0.00	0.00
1	1	1	3	1.573246	44.23	0.00	541.59	0.00	15262.09	0.00	44.23	-0.00	0.00	0.00
1	1	1	3	1.589753	51.27	0.00	426.78	0.00	-6954.95	0.00	51.27	-0.00	0.00	0.00
1	1	1	3	1.606574	61.45	0.00	604.97	0.00	10593.52	0.00	61.45	-0.00	0.00	0.00
1	1	1	3	1.623318	66.53	-0.78	303.60	-46.75	-17998.96	-2791.93	66.53	-0.00	-0.00	-0.78
1	1	1	3	1.639802	69.08	-0.39	154.54	23.74	-9042.63	4276.00	69.08	-0.00	-0.00	-0.39
1	1	1	3	1.656693	70.25	-0.78	69.32	-23.17	-5045.28	-2777.24	70.25	-0.00	-0.00	-0.78
1	1	1	3	1.673449	70.23	-1.76	-1.06	-58.36	-4200.23	-2100.43	70.23	-0.00	-0.00	-1.76
1	1	1	3	1.689907	70.03	-2.15	-12.56	-23.75	-698.82	2103.02	70.03	-0.00	-0.00	-2.15
2	1	0	4	1.925315	0.00	0.00	0.00	0.00	0.00	0.00	0.00	0.00	0.00	-0.00
2	1	1	4	1.941316	0.00	0.00	0.00	0.00	0.00	0.00	0.00	0.00	0.00	-0.00
2	1	1	4	1.957044	0.00	0.00	0.00	0.00	0.00	0.00	0.00	0.00	0.00	-0.00
2	1	1	4	1.973857	0.00	0.00	0.00	0.00	0.00	0.00	0.00	0.00	0.00	-0.00
2	1	1	4	1.990632	0.00	0.00	0.00	0.00	0.00	0.00	0.00	0.00	0.00	-0.00
2	1	1	4	2.007405	0.00	0.00	0.00	0.00	0.00	0.00	0.00	0.00	0.00	-0.00
2	1	1	4	2.023733	0.00	0.00	0.00	0.00	0.00	0.00	0.00	0.00	0.00	-0.00
2	1	1	4	2.040741	0.00	0.00	0.00	0.00	0.00	0.00	0.00	0.00	0.00	-0.00
2	1	1	4	2.057393	0.00	0.00	0.00	0.00	0.00	0.00	0.00	0.00	0.00	-0.00
2	1	1	4	2.073825	0.00	0.00	0.00	0.00	0.00	0.00	0.00	0.00	0.00	-0.00
2	1	1	4	2.090583	0.00	0.00	0.00	0.00	0.00	0.00	0.00	0.00	0.00	-0.00
2	1	1	4	2.107282	0.00	0.00	0.00	0.00	0.00	0.00	0.00	0.00	0.00	-0.00
2	1	1	4	2.123999	0.00	0.00	0.00	0.00	0.00	0.00	0.00	0.00	0.00	-0.00
2	1	1	4	2.140891	0.00	0.00	0.00	0.00	0.00	0.00	0.00	0.00	0.00	-0.00
2	1	1	4	2.157539	0.00	0.00	0.00	0.00	0.00	0.00	0.00	0.00	0.00	-0.00
2	1	1	4	2.174092	0.00	0.00	0.00	0.00	0.00	0.00	0.00	0.00	0.00	-0.00
2	1	1	4	2.190766	0.00	0.00	0.00	0.00	0.00	0.00	0.00	0.00	0.00	-0.00
2	1	1	4	2.207710	0.00	0.00	0.00	0.00	0.00	0.00	0.00	0.00	0.00	-0.00
2	1	1	4	2.224455	0.00	0.00	0.00	0.00	0.00	0.00	0.00	0.00	0.00	-0.00
2	1	1	4	2.241121	0.00	0.00	0.00	0.00	0.00	0.00	0.00	0.00	0.00	-0.00
2	1	1	4	2.257716	0.00	0.00	0.00	0.00	0.00	0.00	0.00	0.00	0.00	-0.00
2	1	1	4	2.274361	0.00	0.00	0.00	0.00	0.00	0.00	0.00	0.00	0.00	-0.00
2	1	1	4	2.291137	0.00	0.00	0.00	0.00	0.00	0.00	0.00	0.00	0.00	-0.00
2	1	1	4	2.307842	0.00	0.00	0.00	0.00	0.00	0.00	0.00	0.00	0.00	-0.00
2	1	1	4	2.324387	0.00	0.00	0.00	0.00	0.00	0.00	0.00	0.00	0.00	-0.00
2	1	1	4	2.341229	0.00	0.00	0.00	0.00	0.00	0.00	0.00	0.00	0.00	-0.00
2	1	1	4	2.358036	0.00	0.00	0.00	0.00	0.00	0.00	0.00	0.00	0.00	-0.00
2	1	1	4	2.374578	0.00	0.00	0.00	0.00	0.00	0.00	0.00	0.00	0.00	-0.00
2	1	1	4	2.391312	0.00	0.00	0.00	0.00	0.00	0.00	0.00	0.00	0.00	-0.00
2	1	1	4	2.408004	0.00	0.00	0.00	0.00	0.00	0.00	0.00	0.00	0.00	-0.00
2	1	1	4	2.424596	0.00	0.00	0.00	0.00	0.00	0.00	0.00	0.00	0.00	-0.00
2	1	1	4	2.441424	0.00	0.00	0.00	0.00	0.00	0.00	0.00	0.00	0.00	-0.00
2	1	1	4	2.457977	0.00	0.00	0.00	0.00	0.00	0.00	0.00	0.00	0.00	-0.00
2	1	1	4	2.474843	0.00	0.00	0.00	0.00	0.00	0.00	0.00	0.00	0.00	-0.00
2	1	1	4	2.491529	0.00	0.00	0.00	0.00	0.00	0.00	0.00	0.00	0.00	-0.00
2	1	1	4	2.508275	0.00	0.00	0.00	0.00	0.00	0.00	0.00	0.00	0.00	-0.00
2	1	1	4	2.524965	0.00	-0.39	0.00	-23.45	0.00	-1405.16	-0.00	-0.39	0.00	-0.00
2	1	1	4	2.541669	0.00	-0.78	0.00	-23.43	0.00	1.24	-0.00	-0.78	0.00	-0.00
2	1	1	4	2.558159	0.00	-0.78	0.00	0.00	0.00	1420.94	-0.00	-0.78	0.00	-0.00
2	1	1	4	2.574897	0.00	-1.17	0.00	-23.38	0.00	-1396.96	-0.00	-1.17	0.00	-0.00
2	1	1	4	2.591890	0.00	-2.15	0.00	-57.58	0.00	-2012.51	-0.00	-2.15	0.00	-0.00
2	1	1	4	2.608254	0.00	-2.15	0.00	0.00	0.00	3518.83	-0.00	-2.15	0.00	-0.00
2	1	1	4	2.625229	0.00	-2.15	0.00	0.00	0.00	0.00	-0.00	-2.15	0.00	-0.00
2	1	1	4	2.641884	0.00	-1.76	0.00	23.50	0.00	1410.87	-0.00	-1.76	0.00	-0.00
2	1	1	4	2.658472	0.00	-1.76	0.00	0.00	0.00	-1416.65	-0.00	-1.76	0.00	-0.00
2	1	1	4	2.675327	0.00	-1.17	0.00	34.83	0.00	2066.54	-0.00	-1.17	0.00	-0.00
2	1	1	4	2.691946	0.00	-1.17	0.00	0.00	0.00	-2095.82	-0.00	-1.17	0.00	-0.00
2	1	1	4	2.708523	0.00	-0.78	0.00	23.61	0.00	1424.41	-0.00	-0.78	0.00	-0.00
2	1	1	4	2.725193	0.00	-1.17	0.00	-23.48	0.00	-2824.79	-0.00	-1.17	0.00	-0.00
2	1	1	4	2.742119	0.00	-2.15	0.00	-57.81	0.00	-2028.36	-0.00	-2.15	0.00	-0.00
2	1	1	4	2.758822	0.00	-2.15	0.00	0.00	0.00	3460.97	-0.00	-2.15	0.00	-0.00
2	1	1	4	2.775510	0.00	-2.15	0.00	0.00	0.00	0.00	-0.00	-2.15	0.00	-0.00
2	1	1	4	2.792283	0.00	-4.70	0.00	-151.68	0.00	-9042.98	-0.00	-4.70	0.00	-0.00
2	1	1	4	2.808709	0.00	-7.83	0.00	-190.61	0.00	-2370.24	-0.00	-7.83	0.00	-0.00
2	1	1	4	2.825604	0.00	-16.24	0.00	-498.09	0.00	-18199.88	-0.00	-16.24	0.00	-0.00
2	1	1	4	2.842287	0.00	-24.66	0.00	-504.38	0.00	-377.19	-0.00	-24.66	0.00	-0.00
2	1	1	4	2.859015	0.00	-30.72	0.00	-362.66	0.00	8472.19	-0.00	-30.72	0.00	-0.00
2	1	1	4	2.875449	0.39	-40.51	23.82	-595.29	1449.17	-14155.97	-0.00	-40.51	0.39	-0.00
2	1	1	4	2.892312	4.29	-49.52	231.14	-534.54	12294.76	3602.44	-0.00	-49.52	4.29	-0.00
2	1	1	4	2.909004	5.46	-58.65	69.89	-546.97	-9660.42	-744.23	-0.00	-58.65	5.46	-0.00
2	1	1	4	2.925845	8.54	-67.56	183.29	-529.25	6733.18	1051.80	-0.00	-67.56	8.54	-0.00
2	1	1	4	2.942443	12.20	-85.43	220.64	-1076.63	2250.77	-32978.38	-0.00	-85.43	12.20	-0.00
2	1	1	4	2.959172	16.77	-94.81	272.61	-560.52	3106.21	30851.51	-0.00	-94.81	16.77	-0.00
3	1	0	1	3.310088	6.03	-58.40	1.82	-17.64	0.55	-5.33	6.03	0.00	-0.00	-58.40
3	1	1	1	3.327524	7.57	-57.63	87.91	44.21	4937.57	3547.68	7.57	0.00	-0.00	-57.63
3	1	1	1	3.343298	10.38	-54.20	178.25	217.16	5727.30	10963.88	10.38	0.00	-0.00	-54.20
3	1	1	1	3.360001	16.39	-50.85	359.91	200.73	10875.21	-983.43	16.39	0.00	-0.00	-50.85
3	1	1	1	3.376789	17.34	-49.08	56.80	105.31	-18055.39	-5684.18	17.34	0.00	-0.00	-49.08
3	1	1	1	3.393287	17.66	-48.55	18.88	31.97	-2298.72	-4445.31	17.66	0.00	-0.00	-48.55
3	1	1	1	3.410191	17.66	-48.55	0.00	0.00	-1116.69	-1891.19	17.66	0.00	-0.00	-48.55
3	1	1	1	3.426650	14.72	-45.84	-178.39	165.11	-10838.34	10031.49	14.72	0.00	-0.00	-45.84
3	1	1	1	3.443439	11.73	-36.11	-178.30	579.36	5.05	24674.31	11.73	0.00	-0.00	-36.11
3	1	1	1	3.460269	7.44	-32.23	-254.85	230.71	-4548.15	-20715.14	7.44	0.00	-0.00	-32.23
3	1	1	1	3.476823	6.12	-28.51	-79.38	224.54	10600.12	-373.12	6.12	0.00	-0.00	-28.51
3	1	1	1	3.493490	4.82	-26.77	-78.45	104.19	55.51	-7221.03	4.82	0.00	-0.00	-26.77
3	1	1	1	3.510263	4.44	-25.65	-22.65	67.09	3326.68	-2212.10	4.44	0.00	-0.00	-25.65
3	1	1	1	3.526933	4.43	-25.05	-0.18	35.72	1348.09	-1881.45	4.43	0.00	-0.00	-25.05
3	1	1	1	3.543716	4.80	-24.19	21.85	51.55	1312.45	943.08	4.80	0.00	-0.00	-24.19
3	1	1	1	3.560412	3.54	-11.19	-75.12	778.20	-5807.93	43524.31	3.54	0.00	-0.00	-11.19
3	1	1	1	3.577289	0.00	-0.98	-210.02	605.25	-7992.97	-10246.95	0.00	0.00	-0.00	-0.98
3	1	1	1	3.593529	0.00	0.00	0.00	60.25	12932.92	-33560.49	0.00	0.00	0.00	0.00
3	1	1	1	3.610468	0.00	-0.20	0.00	-11.55	0.00	-4238.99	0.00	0.00	-0.00	-0.20
3	1	1	1	3.627236	0.00	-1.57	0.00	-81.70	0.00	-4183.41	0.00	0.00	-0.00	-1.57
3	1	1	1	3.643920	0.00	-2.35	0.00	-46.92	0.00	2084.62	0.00	0.00	-0.00	-2.35
3	1	1	1	3.660515	0.00	-2.94	0.00	-35.38	0.00	695.44	0.00	0.00	-0.00	-2.94
3	1	1	1	3.677273	0.00	-2.94	0.00	0.00	0.00	2110.99	0.00	0.00	-0.00	-2.94
3	1	1	1	3.693906	0.00	-2.15	0.00	47.06	0.00	2829.45	0.00	0.00	-0.00	-2.15
3	1	1	1	3.710602	0.00	-0.98	0.00	70.33	0.00	1393.54	0.00	0.00	-0.00	-0.98
3	1	1	1	3.727377	0.00	-0.78	0.00	11.67	0.00	-3497.01	0.00	0.00	-0.00	-0.78
3	1	1	1	3.744030	0.00	-0.98	0.00	-11.75	0.00	-1406.09	0.00	0.00	-0.00	-0.98
3	1	1	1	3.760517	0.00	-0.78	0.00	11.87	0.00	1432.76	0.00	0.00	-0.00	-0.78
3	1	1	1	3.777442	0.00	0.00	0.00	46.25	0.00	2031.16	0.00	0.00	0.00	0.00
3	1	1	1	3.793976	0.00	-0.39	0.00	-23.67	0.00	-4228.97	0.00	0.00	-0.00	-0.39
3	1	1	1	3.810831	0.00	-0.39	0.00	0.00	0.00	1404.49	0.00	0.00	-0.00	-0.39
3	1	1	1	3.827471	0.00	-0.39	0.00	0.00	0.00	0.00	0.00	0.00	-0.00	-0.39
3	1	1	1	3.844139	0.00	-0.20	0.00	11.74	0.00	704.36	0.00	0.00	-0.00	-0.20
3	1	1	1	3.860884	0.00	-0.20	0.00	0.00	0.00	-701.15	0.00	0.00	-0.00	-0.20
3	1	1	1	3.877483	0.00	-0.39	0.00	-11.79	0.00	-710.26	0.00	0.00	-0.00	-0.39
3	1	1	1	3.894224	0.00	-0.39	0.00	0.00	0.00	704.25	0.00	0.00	-0.00	-0.39
3	1	1	1	3.910999	0.00	-0.78	0.00	-23.33	0.00	-1390.76	0.00	0.00	-0.00	-0.78
3	1	1	1	3.927516	0.00	-0.39	0.00	23.70	0.00	2847.26	0.00	0.00	-0.00	-0.39
3	1	1	1	3.944478	0.00	-0.78	0.00	-23.07	0.00	-2757.36	0.00	0.00	-0.00	-0.78
3	1	1	1	3.961183	0.00	-0.98	0.00	-11.72	0.00	680.01	0.00	0.00	-0.00	-0.98
3	1	1	1	3.977811	0.00	-0.39	0.00	35.31	0.00	2827.66	0.00	0.00	-0.00	-0.39
3	1	1	1	3.994566	0.00	-0.39	0.00	0.00	0.00	-2107.13	0.00	0.00	-0.00	-0.39
3	1	1	1	4.011058	0.00	-0.20	0.00	11.87	0.00	719.52	0.00	0.00	-0.00	-0.20
3	1	1	1	4.027689	0.00	-0.20	0.00	0.00	0.00	-713.51	0.00	0.00	-0.00	-0.20
3	1	1	1	4.044539	0.00	-0.20	0.00	0.00	0.00	0.00	0.00	0.00	-0.00	-0.20
3	1	1	1	4.061129	0.00	-0.39	0.00	-11.80	0.00	-711.01	0.00	0.00	-0.00	-0.39
3	1	1	1	4.077994	0.00	-0.78	0.00	-23.21	0.00	-676.70	0.00	0.00	-0.00	-0.78
3	1	1	1	4.094695	0.00	-0.78	0.00	0.00	0.00	1389.57	0.00	0.00	-0.00	-0.78
3	1	1	1	4.111366	0.00	-0.78	0.00	0.00	0.00	0.00	0.00	0.00	-0.00	-0.78
3	1	1	1	4.128118	0.00	-0.39	0.00	23.36	0.00	1394.65	0.00	0.00	-0.00	-0.39
3	1	1	1	4.144814	0.00	-0.39	0.00	0.00	0.00	-1399.36	0.00	0.00	-0.00	-0.39
3	1	1	1	4.161320	0.00	0.00	0.00	23.71	0.00	1436.54	0.00	0.00	0.00	0.00
3	1	1	1	4.177982	0.00	0.00	0.00	0.00	0.00	-1423.13	0.00	0.00	0.00	0.00
3	1	1	1	4.194818	0.20	0.00	11.62	0.00	690.42	0.00	0.20	-0.00	0.00	0.00
3	1	1	1	4.211462	0.39	0.00	11.76	0.00	8.04	0.00	0.39	-0.00	0.00	0.00
3	1	1	1	4.228123	0.20	0.00	-11.75	0.00	-1410.71	0.00	0.20	-0.00	0.00	0.00
3	1	1	1	4.244790	0.00	0.00	-11.74	0.00	0.29	0.00	0.00	0.00	0.00	0.00
3	1	1	1	4.261474	0.00	0.00	0.00	0.00	703.72	0.00	0.00	0.00	0.00	0.00
3	1	1	1	4.278435	0.00	0.00	0.00	0.00	0.00	0.00	0.00	0.00	0.00	0.00
3	1	1	1	4.295046	0.00	0.00	0.00	0.00	0.00	0.00	0.00	0.00	0.00	0.00
3	1	1	1	4.311567	0.00	0.00	0.00	0.00	0.00	0.00	0.00	0.00	0.00	0.00
3	1	1	1	4.328542	0.00	0.00	0.00	0.00	0.00	0.00	0.00	0.00	0.00	0.00
3	1	1	1	4.345092	0.00	0.00	0.00	0.00	0.00	0.00	0.00	0.00	0.00	0.00
3	1	1	1	4.361910	0.00	0.00	0.00	0.00	0.00	0.00	0.00	0.00	0.00	0.00
3	1	1	1	4.378519	0.00	0.00	0.00	0.00	0.00	0.00	0.00	0.00	0.00	0.00
3	1	1	1	4.395294	0.00	0.00	0.00	0.00	0.00	0.00	0.00	0.00	0.00	0.00
3	1	1	1	4.411937	0.00	0.00	0.00	0.00	0.00	0.00	0.00	0.00	0.00	0.00
3	1	1	1	4.428591	0.00	0.00	0.00	0.00	0.00	0.00	0.00	0.00	0.00	0.00
3	1	1	1	4.445139	0.00	0.00	0.00	0.00	0.00	0.00	0.00	0.00	0.00	0.00
3	1	1	1	4.461896	0.00	0.00	0.00	0.00	0.00	0.00	0.00	0.00	0.00	0.00
3	1	1	1	4.478528	0.00	0.00	0.00	0.00	0.00	0.00	0.00	0.00	0.00	0.00
3	1	1	1	4.495457	0.00	0.00	0.00	0.00	0.00	0.00	0.00	0.00	0.00	0.00
4	1	0	2	4.712797	0.00	0.00	0.00	0.00	0.00	0.00	0.00	0.00	-0.00	0.00
4	1	1	2	4.730139	0.00	0.00	0.00	0.00	0.00	0.00	0.00	0.00	-0.00	0.00
4	1	1	2	4.745898	0.00	0.00	0.00	0.00	0.00	0.00	0.00	0.00	-0.00	0.00
4	1	1	2	4.762521	0.00	0.00	0.00	0.00	0.00	0.00	0.00	0.00	-0.00	0.00
4	1	1	2	4.779410	0.00	0.00	0.00	0.00	0.00	0.00	0.00	0.00	-0.00	0.00
4	1	1	2	4.795946	0.00	0.00	0.00	0.00	0.00	0.00	0.00	0.00	-0.00	0.00
4	1	1	2	4.812683	0.00	0.00	0.00	0.00	0.00	0.00	0.00	0.00	-0.00	0.00
4	1	1	2	4.829490	0.00	0.00	0.00	0.00	0.00	0.00	0.00	0.00	-0.00	0.00
4	1	1	2	4.846180	0.00	0.00	0.00	0.00	0.00	0.00	0.00	0.00	-0.00	0.00
4	1	1	2	4.862781	0.00	0.00	0.00	0.00	0.00	0.00	0.00	0.00	-0.00	0.00
4	1	1	2	4.879427	0.00	0.00	0.00	0.00	0.00	0.00	0.00	0.00	-0.00	0.00
4	1	1	2	4.896207	0.00	0.00	0.00	0.00	0.00	0.00	0.00	0.00	-0.00	0.00
4	1	1	2	4.912944	0.00	0.00	0.00	0.00	0.00	0.00	0.00	0.00	-0.00	0.00
4	1	1	2	4.929436	0.00	0.00	0.00	0.00	0.00	0.00	0.00	0.00	-0.00	0.00
4	1	1	2	4.946107	0.00	0.00	0.00	0.00	0.00	0.00	0.00	0.00	-0.00	0.00
4	1	1	2	4.963004	0.00	0.00	0.00	0.00	0.00	0.00	0.00	0.00	-0.00	0.00
4	1	1	2	4.979674	0.00	0.00	0.00	0.00	0.00	0.00	0.00	0.00	-0.00	0.00
4	1	1	2	4.996475	0.00	0.00	0.00	0.00	0.00	0.00	0.00	0.00	-0.00	0.00
4	1	1	2	5.012866	0.00	0.00	0.00	0.00	0.00	0.00	0.00	0.00	-0.00	0.00
4	1	1	2	5.029756	0.00	0.00	0.00	0.00	0.00	0.00	0.00	0.00	-0.00	0.00
4	1	1	2	5.046375	0.00	0.00	0.00	0.00	0.00	0.00	0.00	0.00	-0.00	0.00
4	1	1	2	5.063202	-4.11	0.00	-244.23	0.00	-14514.39	0.00	0.00	-0.00	-4.11	0.00
4	1	1	2	5.080071	-17.03	0.00	-765.65	0.00	-30909.86	0.00	0.00	-0.00	-17.03	0.00
4	1	1	2	5.096851	-29.75	0.00	-758.06	0.00	452.16	0.00	0.00	-0.00	-29.75	0.00
4	1	1	2	5.113189	-41.67	1.17	-729.63	71.84	1740.14	4396.97	0.00	1.17	-41.67	0.00
4	1	1	2	5.130023	-50.14	3.90	-503.49	162.08	13434.29	5360.79	0.00	3.90	-50.14	0.00
4	1	1	2	5.146587	-63.94	7.58	-832.75	221.98	-19877.88	3616.11	0.00	7.58	-63.94	0.00
4	1	1	2	5.163468	-77.21	11.61	-786.58	238.86	2735.30	999.77	0.00	11.61	-77.21	0.00
4	1	1	2	5.180128	-92.16	16.00	-897.27	263.62	-6644.03	1486.50	0.00	16.00	-92.16	0.00
4	1	1	2	5.196873	-98.62	17.72	-385.40	102.54	30569.46	-9620.19	0.00	17.72	-98.62	0.00
5	1	0	3	6.115362	0.00	0.00	0.00	0.00	0.00	0.00	0.00	0.00	-0.00	-0.00
5	1	1	3	6.132709	0.00	0.00	0.00	0.00	0.00	0.00	0.00	0.00	-0.00	-0.00
5	1	1	3	6.148625	0.00	0.00	0.00	0.00	0.00	0.00	0.00	0.00	-0.00	-0.00
5	1	1	3	6.165236	0.00	0.00	0.00	0.00	0.00	0.00	0.00	0.00	-0.00	-0.00
5	1	1	3	6.182045	0.00	0.00	0.00	0.00	0.00	0.00	0.00	0.00	-0.00	-0.00
5	1	1	3	6.198618	0.00	0.00	0.00	0.00	0.00	0.00	0.00	0.00	-0.00	-0.00
5	1	1	3	6.215468	0.00	0.00	0.00	0.00	0.00	0.00	0.00	0.00	-0.00	-0.00
5	1	1	3	6.232116	0.00	0.00	0.00	0.00	0.00	0.00	0.00	0.00	-0.00	-0.00
5	1	1	3	6.248876	0.00	0.00	0.00	0.00	0.00	0.00	0.00	0.00	-0.00	-0.00
5	1	1	3	6.265574	0.00	0.00	0.00	0.00	0.00	0.00	0.00	0.00	-0.00	-0.00
5	1	1	3	6.282232	0.00	0.00	0.00	0.00	0.00	0.00	0.00	0.00	-0.00	-0.00
5	1	1	3	6.298892	0.00	0.00	0.00	0.00	0.00	0.00	0.00	0.00	-0.00	-0.00
5	1	1	3	6.315426	0.00	0.00	0.00	0.00	0.00	0.00	0.00	0.00	-0.00	-0.00
5	1	1	3	6.332117	0.00	0.00	0.00	0.00	0.00	0.00	0.00	0.00	-0.00	-0.00
5	1	1	3	6.349082	0.00	0.00	0.00	0.00	0.00	0.00	0.00	0.00	-0.00	-0.00
5	1	1	3	6.365561	0.00	0.00	0.00	0.00	0.00	0.00	0.00	0.00	-0.00	-0.00
5	1	1	3	6.382273	0.00	0.00	0.00	0.00	0.00	0.00	0.00	0.00	-0.00	-0.00
5	1	1	3	6.399099	0.00	0.00	0.00	0.00	0.00	0.00	0.00	0.00	-0.00	-0.00
5	1	1	3	6.415491	0.00	0.00	0.00	0.00	0.00	0.00	0.00	0.00	-0.00	-0.00
5	1	1	3	6.432430	0.00	0.00	0.00	0.00	0.00	0.00	0.00	0.00	-0.00	-0.00
5	1	1	3	6.449041	0.00	0.00	0.00	0.00	0.00	0.00	0.00	0.00	-0.00	-0.00
5	1	1	3	6.465869	0.00	-0.20	0.00	-11.63	0.00	-691.04	0.00	0.00	-0.00	-0.20
5	1	1	3	6.482477	0.00	-1.37	0.00	-70.70	0.00	-3557.10	0.00	0.00	-0.00	-1.37
5	1	1	3	6.499489	0.00	-2.35	0.00	-57.51	0.00	775.20	0.00	0.00	-0.00	-2.35
5	1	1	3	6.516071	0.00	-5.87	0.00	-212.43	0.00	-9342.95	0.00	0.00	-0.00	-5.87
5	1	1	3	6.532628	0.00	-12.33	0.00	-390.03	0.00	-10725.96	0.00	0.00	-0.00	-12.33
5	1	1	3	6.549288	0.00	-17.61	0.00	-317.15	0.00	4374.36	0.00	0.00	-0.00	-17.61
5	1	1	3	6.566200	0.00	-30.14	0.00	-740.57	0.00	-25036.29	0.00	0.00	-0.00	-30.14
5	1	1	3	6.582702	0.00	-41.10	0.00	-664.09	0.00	4634.17	0.00	0.00	-0.00	-41.10
5	1	1	3	6.599512	0.00	-56.75	0.00	-931.37	0.00	-15900.47	0.00	0.00	-0.00	-56.75
5	1	1	3	6.616321	0.00	-73.97	0.00	-1024.48	0.00	-5539.11	0.00	0.00	-0.00	-73.97
5	1	1	3	6.633011	0.00	-81.80	0.00	-469.01	0.00	33281.45	0.00	0.00	-0.00	-81.80
5	1	1	3	6.649522	2.74	-89.78	165.86	-483.44	10046.06	-874.14	2.74	0.00	-0.00	-89.78
5	1	1	3	6.666367	5.47	-99.85	162.23	-597.67	-215.87	-6781.22	5.47	0.00	-0.00	-99.85
6	1	0	1	7.518108	0.00	0.00	0.00	0.00	0.00	0.00	0.00	0.00	0.00	0.00
6	1	1	1	7.535451	0.00	0.00	0.00	0.00	0.00	0.00	0.00	0.00	0.00	0.00
6	1	1	1	7.551236	0.00	0.00	0.00	0.00	0.00	0.00	0.00	0.00	0.00	0.00
6	1	1	1	7.568121	0.00	0.00	0.00	0.00	0.00	0.00	0.00	0.00	0.00	0.00
6	1	1	1	7.584782	0.00	0.00	0.00	0.00	0.00	0.00	0.00	0.00	0.00	0.00
6	1	1	1	7.601303	0.00	0.00	0.00	0.00	0.00	0.00	0.00	0.00	0.00	0.00
6	1	1	1	7.617963	0.00	0.00	0.00	0.00	0.00	0.00	0.00	0.00	0.00	0.00
6	1	1	1	7.634807	0.00	0.00	0.00	0.00	0.00	0.00	0.00	0.00	0.00	0.00
6	1	1	1	7.651406	0.00	0.00	0.00	0.00	0.00	0.00	0.00	0.00	0.00	0.00
6	1	1	1	7.668245	0.00	0.00	0.00	0.00	0.00	0.00	0.00	0.00	0.00	0.00
6	1	1	1	7.684981	0.00	0.00	0.00	0.00	0.00	0.00	0.00	0.00	0.00	0.00
6	1	1	1	7.701816	0.00	0.00	0.00	0.00	0.00	0.00	0.00	0.00	0.00	0.00
6	1	1	1	7.718384	0.00	0.00	0.00	0.00	0.00	0.00	0.00	0.00	0.00	0.00
6	1	1	1	7.735132	0.00	0.00	0.00	0.00	0.00	0.00	0.00	0.00	0.00	0.00
6	1	1	1	7.751730	0.00	0.00	0.00	0.00	0.00	0.00	0.00	0.00	0.00	0.00
6	1	1	1	7.768252	0.00	0.00	0.00	0.00	0.00	0.00	0.00	0.00	0.00	0.00
6	1	1	1	7.784961	0.00	0.00	0.00	0.00	0.00	0.00	0.00	0.00	0.00	0.00
6	1	1	1	7.801610	0.00	0.00	0.00	0.00	0.00	0.00	0.00	0.00	0.00	0.00
6	1	1	1	7.818550	0.00	0.00	0.00	0.00	0.00	0.00	0.00	0.00	0.00	0.00
6	1	1	1	7.835247	0.00	0.00	0.00	0.00	0.00	0.00	0.00	0.00	0.00	0.00
6	1	1	1	7.851949	0.00	0.00	0.00	0.00	0.00	0.00	0.00	0.00	0.00	0.00
6	1	1	1	7.868550	0.00	0.00	0.00	0.00	0.00	0.00	0.00	0.00	0.00	0.00
6	1	1	1	7.885305	0.00	0.00	0.00	0.00	0.00	0.00	0.00	0.00	0.00	0.00
6	1	1	1	7.902052	0.00	0.00	0.00	0.00	0.00	0.00	0.00	0.00	0.00	0.00
6	1	1	1	7.918805	0.00	0.00	0.00	0.00	0.00	0.00	0.00	0.00	0.00	0.00
6	1	1	1	7.935281	0.00	0.00	0.00	0.00	0.00	0.00	0.00	0.00	0.00	0.00
6	1	1	1	7.952239	0.00	4.50	0.00	265.42	0.00	15652.22	-0.00	0.00	0.00	4.50
6	1	1	1	7.968926	0.00	12.13	0.00	457.37	0.00	11502.38	-0.00	0.00	0.00	12.13
6	1	1	1	7.985688	0.00	25.64	0.00	805.54	0.00	20771.21	-0.00	0.00	0.00	25.64
6	1	1	1	8.002432	0.00	40.70	0.00	899.96	0.00	5639.17	-0.00	0.00	0.00	40.70
6	1	1	1	8.018966	0.00	54.01	0.00	804.81	0.00	-5754.67	-0.00	0.00	0.00	54.01
6	1	1	1	8.035527	0.00	67.12	0.00	791.71	0.00	-791.07	-0.00	0.00	0.00	67.12
6	1	1	1	8.052295	0.00	81.21	0.00	840.33	0.00	2899.47	-0.00	0.00	0.00	81.21
6	1	1	1	8.068841	0.00	90.41	0.00	555.87	0.00	-17191.53	-0.00	0.00	0.00	90.41
6	1	1	1	8.085879	0.00	98.04	0.00	447.95	0.00	-6334.08	-0.00	0.00	0.00	98.04
7	1	0	4	8.904294	0.00	0.00	0.00	0.00	0.00	0.00	0.00	0.00	0.00	-0.00
7	1	1	4	8.921485	0.00	0.00	0.00	0.00	0.00	0.00	0.00	0.00	0.00	-0.00
7	1	1	4	8.937460	0.00	0.00	0.00	0.00	0.00	0.00	0.00	0.00	0.00	-0.00
7	1	1	4	8.954123	0.00	0.00	0.00	0.00	0.00	0.00	0.00	0.00	0.00	-0.00
7	1	1	4	8.970795	0.00	0.00	0.00	0.00	0.00	0.00	0.00	0.00	0.00	-0.00
7	1	1	4	8.987480	0.00	0.00	0.00	0.00	0.00	0.00	0.00	0.00	0.00	-0.00
7	1	1	4	9.004179	0.00	0.00	0.00	0.00	0.00	0.00	0.00	0.00	0.00	-0.00
7	1	1	4	9.020917	0.00	0.00	0.00	0.00	0.00	0.00	0.00	0.00	0.00	-0.00
7	1	1	4	9.037699	0.00	0.00	0.00	0.00	0.00	0.00	0.00	0.00	0.00	-0.00
7	1	1	4	9.054356	0.00	0.00	0.00	0.00	0.00	0.00	0.00	0.00	0.00	-0.00
7	1	1	4	9.071046	0.00	0.00	0.00	0.00	0.00	0.00	0.00	0.00	0.00	-0.00
7	1	1	4	9.087709	0.00	0.00	0.00	0.00	0.00	0.00	0.00	0.00	0.00	-0.00
7	1	1	4	9.104379	0.00	0.00	0.00	0.00	0.00	0.00	0.00	0.00	0.00	-0.00
7	1	1	4	9.120997	0.00	0.00	0.00	0.00	0.00	0.00	0.00	0.00	0.00	-0.00
7	1	1	4	9.137616	0.00	0.00	0.00	0.00	0.00	0.00	0.00	0.00	0.00	-0.00
7	1	1	4	9.154469	0.00	0.00	0.00	0.00	0.00	0.00	0.00	0.00	0.00	-0.00
7	1	1	4	9.171203	0.00	0.00	0.00	0.00	0.00	0.00	0.00	0.00	0.00	-0.00
7	1	1	4	9.187860	0.00	0.00	0.00	0.00	0.00	0.00	0.00	0.00	0.00	-0.00
7	1	1	4	9.204689	0.00	0.00	0.00	0.00	0.00	0.00	0.00	0.00	0.00	-0.00
7	1	1	4	9.221125	0.00	0.00	0.00	0.00	0.00	0.00	0.00	0.00	0.00	-0.00
7	1	1	4	9.237989	0.00	0.00	0.00	0.00	0.00	0.00	0.00	0.00	0.00	-0.00
7	1	1	4	9.254540	0.00	0.00	0.00	0.00	0.00	0.00	0.00	0.00	0.00	-0.00
7	1	1	4	9.271370	1.37	0.00	81.39	0.00	4836.14	0.00	0.00	0.00	1.37	-0.00
7	1	1	4	9.288225	5.48	0.00	243.83	0.00	9637.43	0.00	0.00	0.00	5.48	-0.00
7	1	1	4	9.305109	13.89	0.00	498.40	0.00	15077.91	0.00	0.00	0.00	13.89	-0.00
7	1	1	4	9.321570	26.61	0.00	772.70	0.00	16662.90	0.00	0.00	0.00	26.61	-0.00
7	1	1	4	9.338264	35.81	0.00	550.97	0.00	-13282.59	0.00	0.00	0.00	35.81	-0.00
7	1	1	4	9.354909	50.88	0.00	905.31	0.00	21288.55	0.00	0.00	0.00	50.88	-0.00
7	1	1	4	9.371508	61.45	0.00	636.60	0.00	-16187.12	0.00	0.00	0.00	61.45	-0.00
7	1	1	4	9.388346	75.93	0.00	860.09	0.00	13273.29	0.00	0.00	0.00	75.93	-0.00
7	1	1	4	9.404777	84.34	0.00	512.13	0.00	-21176.82	0.00	0.00	0.00	84.34	-0.00
7	1	1	4	9.421496	95.50	0.00	667.17	0.00	9273.03	0.00	0.00	0.00	95.50	-0.00
8	1	0	2	10.307042	0.00	0.00	0.00	0.00	0.00	0.00	0.00	0.00	-0.00	0.00
8	1	1	2	10.324060	0.00	0.00	0.00	0.00	0.00	0.00	0.00	0.00	-0.00	0.00
8	1	1	2	10.340089	0.00	0.00	0.00	0.00	0.00	0.00	0.00	0.00	-0.00	0.00
8	1	1	2	10.356894	0.00	0.00	0.00	0.00	0.00	0.00	0.00	0.00	-0.00	0.00
8	1	1	2	10.373584	0.00	0.00	0.00	0.00	0.00	0.00	0.00	0.00	-0.00	0.00
8	1	1	2	10.390035	0.00	0.00	0.00	0.00	0.00	0.00	0.00	0.00	-0.00	0.00
8	1	1	2	10.406950	0.00	0.00	0.00	0.00	0.00	0.00	0.00	0.00	-0.00	0.00
8	1	1	2	10.423571	0.00	0.00	0.00	0.00	0.00	0.00	0.00	0.00	-0.00	0.00
8	1	1	2	10.440398	0.00	0.00	0.00	0.00	0.00	0.00	0.00	0.00	-0.00	0.00
8	1	1	2	10.456954	0.00	0.00	0.00	0.00	0.00	0.00	0.00	0.00	-0.00	0.00
8	1	1	2	10.473731	0.00	0.00	0.00	0.00	0.00	0.00	0.00	0.00	-0.00	0.00
8	1	1	2	10.490270	0.00	0.00	0.00	0.00	0.00	0.00	0.00	0.00	-0.00	0.00
8	1	1	2	10.506914	0.00	0.00	0.00	0.00	0.00	0.00	0.00	0.00	-0.00	0.00
8	1	1	2	10.523618	0.00	0.00	0.00	0.00	0.00	0.00	0.00	0.00	-0.00	0.00
8	1	1	2	10.540362	0.00	0.00	0.00	0.00	0.00	0.00	0.00	0.00	-0.00	0.00
8	1	1	2	10.557274	0.00	0.00	0.00	0.00	0.00	0.00	0.00	0.00	-0.00	0.00
8	1	1	2	10.573890	0.00	0.00	0.00	0.00	0.00	0.00	0.00	0.00	-0.00	0.00
8	1	1	2	10.590675	-1.17	0.00	-69.95	0.00	-4167.37	0.00	0.00	-0.00	-1.17	0.00
8	1	1	2	10.607201	-7.44	0.00	-378.93	0.00	-18696.79	0.00	0.00	-0.00	-7.44	0.00
8	1	1	2	10.624017	-25.83	0.00	-1093.95	0.00	-42521.04	0.00	0.00	-0.00	-25.83	0.00
8	1	1	2	10.640720	-32.88	0.00	-421.78	0.00	40242.10	0.00	0.00	-0.00	-32.88	0.00
8	1	1	2	10.657558	-43.44	0.00	-627.59	0.00	-12222.75	0.00	0.00	-0.00	-43.44	0.00
8	1	1	2	10.674301	-53.62	0.00	-607.79	0.00	1182.43	0.00	0.00	-0.00	-53.62	0.00
8	1	1	2	10.690934	-61.84	-0.00	-494.14	-0.00	6832.55	-0.00	0.00	-0.00	-61.84	0.00
8	1	1	2	10.707546	-70.84	-0.00	-541.91	0.00	-2875.57	0.00	0.00	-0.00	-70.84	0.00
8	1	1	2	10.724193	-77.89	-0.00	-423.19	0.00	7131.60	0.00	0.00	-0.00	-77.89	0.00
8	1	1	2	10.741076	-84.54	-0.00	-394.12	0.00	1721.84	0.00	0.00	-0.00	-84.54	0.00
8	1	1	2	10.757703	-87.87	-0.00	-200.08	0.00	11669.81	0.00	0.00	-0.00	-87.87	0.00
8	1	1	2	10.774277	-89.04	-0.00	-70.84	0.00	7797.53	0.00	0.00	-0.00	-89.04	0.00
8	1	1	2	10.791184	-89.43	-0.00	-23.15	0.00	2820.85	0.00	0.00	-0.00	-89.43	0.00
8	1	1	2	10.807904	-89.04	-0.00	23.41	0.00	2784.64	0.00	0.00	-0.00	-89.04	0.00
8	1	1	2	10.824457	-89.82	-0.00	-47.29	0.00	-4271.16	0.00	0.00	-0.00	-89.82	0.00
8	1	1	2	10.841145	-89.82	-0.00	0.00	0.00	2833.72	0.00	0.00	-0.00	-89.82	0.00
8	1	1	2	10.857789	-89.82	-0.00	0.00	0.00	0.00	0.00	0.00	-0.00	-89.82	0.00
8	1	1	2	10.874348	-88.85	-0.00	59.09	0.00	3568.52	0.00	0.00	-0.00	-88.85	0.00
8	1	1	2	10.891117	-86.89	-0.00	116.70	0.00	3435.63	0.00	0.00	-0.00	-86.89	0.00
8	1	1	2	10.908001	-82.97	-0.20	231.82	-11.59	6817.78	-686.43	0.00	-0.20	-82.97	0.00
8	1	1	2	10.924815	-77.87	-1.57	303.53	-81.45	4265.12	-4155.04	0.00	-1.57	-77.87	0.00
8	1	1	2	10.941385	-74.14	-2.15	225.33	-35.40	-4719.40	2779.61	0.00	-2.15	-74.14	0.00
8	1	1	2	10.958142	-70.98	-2.74	188.14	-34.97	-2219.48	25.53	0.00	-2.74	-70.98	0.00
8	1	1	2	10.974914	-65.49	-2.93	327.48	-11.61	8308.08	1392.43	0.00	-2.93	-65.49	0.00
8	1	1	2	10.991337	-58.83	-2.93	405.59	0.04	4756.32	709.80	0.00	-2.93	-58.83	0.00
8	1	1	2	11.008264	-52.37	-2.74	381.41	11.57	-1428.40	680.77	0.00	-2.74	-52.37	0.00
8	1	1	2	11.024951	-46.12	-2.35	374.56	23.41	-410.61	709.88	0.00	-2.35	-46.12	0.00
8	1	1	2	11.041494	-40.85	-1.95	318.63	23.61	-3381.20	12.04	0.00	-1.95	-40.85	0.00
8	1	1	2	11.058387	-39.33	-0.78	90.37	69.38	-13512.07	2709.63	0.00	-0.78	-39.33	0.00
8	1	1	2	11.074755	-38.74	-0.98	36.15	-11.95	-3312.83	-4968.86	0.00	-0.98	-38.74	0.00
8	1	1	2	11.091570	-39.33	0.00	-35.65	58.17	-4269.67	4169.94	0.00	-0.00	-39.33	0.00
8	1	1	2	11.108211	-39.14	-0.20	11.79	-11.76	2850.63	-4202.32	0.00	-0.20	-39.14	0.00
8	1	1	2	11.125068	-39.33	0.00	-11.64	11.61	-1389.71	1386.23	0.00	-0.00	-39.33	0.00
8	1	1	2	11.141860	-41.29	0.00	-116.54	0.00	-6247.11	-691.32	0.00	-0.00	-41.29	0.00
8	1	1	2	11.158439	-48.14	0.00	-413.14	0.00	-17890.25	0.00	0.00	-0.00	-48.14	0.00
8	1	1	2	11.175135	-55.97	0.00	-468.86	0.00	-3337.56	0.00	0.00	-0.00	-55.97	0.00
8	1	1	2	11.191659	-67.71	-0.00	-710.57	-0.00	-14627.74	-0.00	0.00	-0.00	-67.71	0.00
8	1	1	2	11.208336	-91.19	-0.39	-1408.09	-23.47	-41825.06	-1407.26	0.00	-0.39	-91.19	0.00
8	1	1	2	11.225161	-100.19	-0.78	-534.90	-23.26	51897.86	12.34	0.00	-0.78	-100.19	0.00
9	1	0	3	11.709789	0.00	0.00	0.00	0.00	0.00	0.00	0.00	0.00	-0.00	-0.00
9	1	1	3	11.727036	0.00	0.00	0.00	0.00	0.00	0.00	0.00	0.00	-0.00	-0.00
9	1	1	3	11.742725	0.00	0.00	0.00	0.00	0.00	0.00	0.00	0.00	-0.00	-0.00
9	1	1	3	11.759616	0.00	0.00	0.00	0.00	0.00	0.00	0.00	0.00	-0.00	-0.00
9	1	1	3	11.776237	0.00	0.00	0.00	0.00	0.00	0.00	0.00	0.00	-0.00	-0.00
9	1	1	3	11.792714	0.00	0.00	0.00	0.00	0.00	0.00	0.00	0.00	-0.00	-0.00
9	1	1	3	11.809587	0.00	0.00	0.00	0.00	0.00	0.00	0.00	0.00	-0.00	-0.00
9	1	1	3	11.826391	0.00	0.00	0.00	0.00	0.00	0.00	0.00	0.00	-0.00	-0.00
9	1	1	3	11.843091	0.00	0.00	0.00	0.00	0.00	0.00	0.00	0.00	-0.00	-0.00
9	1	1	3	11.859661	0.00	0.00	0.00	0.00	0.00	0.00	0.00	0.00	-0.00	-0.00
9	1	1	3	11.876424	0.00	0.00	0.00	0.00	0.00	0.00	0.00	0.00	-0.00	-0.00
9	1	1	3	11.893158	0.00	0.00	0.00	0.00	0.00	0.00	0.00	0.00	-0.00	-0.00
9	1	1	3	11.909826	0.00	0.00	0.00	0.00	0.00	0.00	0.00	0.00	-0.00	-0.00
9	1	1	3	11.926485	0.00	0.00	0.00	0.00	0.00	0.00	0.00	0.00	-0.00	-0.00
9	1	1	3	11.943302	0.00	0.00	0.00	0.00	0.00	0.00	0.00	0.00	-0.00	-0.00
9	1	1	3	11.959798	0.00	0.00	0.00	0.00	0.00	0.00	0.00	0.00	-0.00	-0.00
9	1	1	3	11.976820	0.00	0.00	0.00	0.00	0.00	0.00	0.00	0.00	-0.00	-0.00
9	1	1	3	11.993295	0.00	0.00	0.00	0.00	0.00	0.00	0.00	0.00	-0.00	-0.00
9	1	1	3	12.010050	0.00	0.00	0.00	0.00	0.00	0.00	0.00	0.00	-0.00	-0.00
9	1	1	3	12.026805	0.00	0.00	0.00	0.00	0.00	0.00	0.00	0.00	-0.00	-0.00
9	1	1	3	12.043416	0.00	0.00	0.00	0.00	0.00	0.00	0.00	0.00	-0.00	-0.00
9	1	1	3	12.060073	0.00	0.00	0.00	0.00	0.00	0.00	0.00	0.00	-0.00	-0.00
9	1	1	3	12.076871	0.00	0.00	0.00	0.00	0.00	0.00	0.00	0.00	-0.00	-0.00
9	1	1	3	12.093476	0.00	0.00	0.00	0.00	0.00	0.00	0.00	0.00	-0.00	-0.00
9	1	1	3	12.110306	0.00	0.00	0.00	0.00	0.00	0.00	0.00	0.00	-0.00	-0.00
9	1	1	3	12.126916	0.00	0.00	0.00	0.00	0.00	0.00	0.00	0.00	-0.00	-0.00
9	1	1	3	12.143447	0.00	0.00	0.00	0.00	0.00	0.00	0.00	0.00	-0.00	-0.00
9	1	1	3	12.160379	0.00	0.00	0.00	0.00	0.00	0.00	0.00	0.00	-0.00	-0.00
9	1	1	3	12.176970	0.00	0.00	0.00	0.00	0.00	0.00	0.00	0.00	-0.00	-0.00
9	1	1	3	12.193543	0.00	0.00	0.00	0.00	0.00	0.00	0.00	0.00	-0.00	-0.00
9	1	1	3	12.210472	0.00	0.00	0.00	0.00	0.00	0.00	0.00	0.00	-0.00	-0.00
9	1	1	3	12.227157	0.00	-0.78	0.00	-46.91	0.00	-2811.71	0.00	0.00	-0.00	-0.78
9	1	1	3	12.243863	0.00	-1.57	0.00	-46.86	0.00	3.42	0.00	0.00	-0.00	-1.57
9	1	1	3	12.260566	0.00	-7.44	0.00	-351.49	0.00	-18238.60	0.00	0.00	-0.00	-7.44
9	1	1	3	12.277125	0.00	-12.52	0.00	-307.26	0.00	2670.85	0.00	0.00	-0.00	-12.52
9	1	1	3	12.293978	0.20	-26.42	11.61	-824.39	688.98	-30684.62	0.20	0.00	-0.00	-26.42
9	1	1	3	12.310595	2.54	-44.15	141.07	-1067.33	7790.52	-14619.47	2.54	0.00	-0.00	-44.15
9	1	1	3	12.327391	4.87	-55.76	138.96	-690.78	-125.32	22419.34	4.87	0.00	-0.00	-55.76
9	1	1	3	12.344063	6.05	-81.77	70.55	-1560.45	-4103.44	-52161.72	6.05	0.00	-0.00	-81.77
9	1	1	3	12.360708	6.05	-97.46	0.29	-942.71	-4220.94	37113.06	6.05	0.00	-0.00	-97.46
10	1	0	4	13.112454	0.00	0.00	0.00	0.00	0.00	0.00	0.00	0.00	0.00	-0.00
10	1	1	4	13.129506	0.00	0.00	0.00	0.00	0.00	0.00	0.00	0.00	0.00	-0.00
10	1	1	4	13.145430	0.00	0.00	0.00	0.00	0.00	0.00	0.00	0.00	0.00	-0.00
10	1	1	4	13.162289	0.00	0.00	0.00	0.00	0.00	0.00	0.00	0.00	0.00	-0.00
10	1	1	4	13.178964	0.00	0.00	0.00	0.00	0.00	0.00	0.00	0.00	0.00	-0.00
10	1	1	4	13.195830	0.00	0.00	0.00	0.00	0.00	0.00	0.00	0.00	0.00	-0.00
10	1	1	4	13.212407	0.00	0.00	0.00	0.00	0.00	0.00	0.00	0.00	0.00	-0.00
10	1	1	4	13.229121	0.00	0.00	0.00	0.00	0.00	0.00	0.00	0.00	0.00	-0.00
10	1	1	4	13.245597	0.00	0.00	0.00	0.00	0.00	0.00	0.00	0.00	0.00	-0.00
10	1	1	4	13.262489	0.00	0.00	0.00	0.00	0.00	0.00	0.00	0.00	0.00	-0.00
10	1	1	4	13.279049	0.00	0.00	0.00	0.00	0.00	0.00	0.00	0.00	0.00	-0.00
10	1	1	4	13.295672	0.00	0.00	0.00	0.00	0.00	0.00	0.00	0.00	0.00	-0.00
10	1	1	4	13.312465	0.00	0.00	0.00	0.00	0.00	0.00	0.00	0.00	0.00	-0.00
10	1	1	4	13.329059	0.00	0.00	0.00	0.00	0.00	0.00	0.00	0.00	0.00	-0.00
10	1	1	4	13.345996	0.00	0.00	0.00	0.00	0.00	0.00	0.00	0.00	0.00	-0.00
10	1	1	4	13.362535	0.00	0.00	0.00	0.00	0.00	0.00	0.00	0.00	0.00	-0.00
10	1	1	4	13.379296	0.00	0.00	0.00	0.00	0.00	0.00	0.00	0.00	0.00	-0.00
10	1	1	4	13.395995	0.00	0.00	0.00	0.00	0.00	0.00	0.00	0.00	0.00	-0.00
10	1	1	4	13.412663	0.00	0.00	0.00	0.00	0.00	0.00	0.00	0.00	0.00	-0.00
10	1	1	4	13.429502	0.00	0.00	0.00	0.00	0.00	0.00	0.00	0.00	0.00	-0.00
10	1	1	4	13.446189	0.00	0.00	0.00	0.00	0.00	0.00	0.00	0.00	0.00	-0.00
10	1	1	4	13.462710	0.00	0.00	0.00	0.00	0.00	0.00	0.00	0.00	0.00	-0.00
10	1	1	4	13.479572	0.00	0.00	0.00	0.00	0.00	0.00	0.00	0.00	0.00	-0.00
10	1	1	4	13.496355	2.54	0.00	151.58	0.00	9031.80	0.00	0.00	0.00	2.54	-0.00
10	1	1	4	13.513082	6.85	0.00	257.39	0.00	6325.28	0.00	0.00	0.00	6.85	-0.00
10	1	1	4	13.529584	10.96	0.00	249.03	0.00	-506.31	0.00	0.00	0.00	10.96	-0.00
10	1	1	4	13.546442	20.12	1.17	543.60	69.54	17474.13	4124.97	0.00	1.17	20.12	-0.00
10	1	1	4	13.562971	31.37	2.92	680.53	105.91	8284.46	2200.58	0.00	2.92	31.37	-0.00
10	1	1	4	13.579670	43.17	4.86	706.65	116.11	1564.33	610.73	0.00	4.86	43.17	-0.00
10	1	1	4	13.596302	62.43	7.00	1157.73	128.64	27120.91	753.30	0.00	7.00	62.43	-0.00
10	1	1	4	13.613223	76.82	8.56	850.86	91.99	-18134.90	-2165.93	0.00	8.56	76.82	-0.00
10	1	1	4	13.629872	99.63	8.58	1369.86	1.27	31172.77	-5448.57	0.00	8.58	99.63	-0.00
11	1	0	1	14.515179	0.00	-0.78	0.00	-0.05	0.00	-0.00	0.00	0.00	-0.00	-0.78
11	1	1	1	14.532269	0.00	-0.78	0.00	0.00	0.00	3.16	0.00	0.00	-0.00	-0.78
11	1	1	1	14.548314	0.00	-0.78	0.00	0.00	0.00	0.00	0.00	0.00	-0.00	-0.78
11	1	1	1	14.564968	0.00	-0.78	0.00	0.00	0.00	0.00	0.00	0.00	-0.00	-0.78
11	1	1	1	14.581823	0.00	-0.78	0.00	0.00	0.00	0.00	0.00	0.00	-0.00	-0.78
11	1	1	1	14.598481	0.00	-0.78	0.00	0.00	0.00	0.00	0.00	0.00	-0.00	-0.78
11	1	1	1	14.615087	0.00	-0.78	0.00	0.00	0.00	0.00	0.00	0.00	-0.00	-0.78
11	1	1	1	14.631595	0.00	-0.20	0.00	35.56	0.00	2154.28	0.00	0.00	-0.00	-0.20
11	1	1	1	14.648431	0.00	-0.78	0.00	-34.87	0.00	-4183.73	0.00	0.00	-0.00	-0.78
11	1	1	1	14.665256	0.00	-0.78	0.00	0.00	0.00	2072.60	0.00	0.00	-0.00	-0.78
11	1	1	1	14.681966	0.00	-0.78	0.00	0.00	0.00	0.00	0.00	0.00	-0.00	-0.78
11	1	1	1	14.698392	0.00	-0.78	0.00	0.00	0.00	0.00	0.00	0.00	-0.00	-0.78
11	1	1	1	14.715173	0.00	-0.78	0.00	0.00	0.00	0.00	0.00	0.00	-0.00	-0.78
11	1	1	1	14.732048	0.00	-0.78	0.00	0.00	0.00	0.00	0.00	0.00	-0.00	-0.78
11	1	1	1	14.748801	0.00	-0.78	0.00	0.00	0.00	0.00	0.00	0.00	-0.00	-0.78
11	1	1	1	14.765427	0.00	-0.78	0.00	0.00	0.00	0.00	0.00	0.00	-0.00	-0.78
11	1	1	1	14.782168	0.00	-0.39	0.00	23.38	0.00	1396.67	0.00	0.00	-0.00	-0.39
11	1	1	1	14.798697	0.00	-0.39	0.00	0.00	0.00	-1414.46	0.00	0.00	-0.00	-0.39
11	1	1	1	14.815551	0.00	-0.78	0.00	-23.22	0.00	-1377.89	0.00	0.00	-0.00	-0.78
11	1	1	1	14.832250	0.00	0.00	0.00	46.88	0.00	4197.85	0.00	0.00	0.00	0.00
11	1	1	1	14.848936	0.00	-0.20	0.00	-11.73	0.00	-3512.18	0.00	0.00	-0.00	-0.20
11	1	1	1	14.865450	0.00	-0.20	0.00	0.00	0.00	710.19	0.00	0.00	-0.00	-0.20
11	1	1	1	14.882160	0.00	0.00	0.00	11.71	0.00	700.81	0.00	0.00	0.00	0.00
11	1	1	1	14.898785	0.00	0.00	0.00	0.00	0.00	-704.43	0.00	0.00	0.00	0.00
11	1	1	1	14.915770	0.00	0.00	0.00	0.00	0.00	0.00	0.00	0.00	0.00	0.00
11	1	1	1	14.932434	0.00	3.72	0.00	223.13	0.00	13390.36	-0.00	0.00	0.00	3.72
11	1	1	1	14.949108	0.00	9.98	0.00	375.58	0.00	9142.72	-0.00	0.00	0.00	9.98
11	1	1	1	14.965840	-1.37	18.15	-81.64	488.16	-4879.34	6728.77	-1.37	0.00	0.00	18.15
11	1	1	1	14.982500	-2.54	31.21	-70.21	783.90	686.27	17750.90	-2.54	0.00	0.00	31.21
11	1	1	1	14.999260	-3.12	45.29	-35.08	840.41	2095.60	3372.08	-3.12	0.00	0.00	45.29
11	1	1	1	15.015728	-3.52	58.80	-23.84	820.08	683.11	-1234.66	-3.52	0.00	0.00	58.80
11	1	1	1	15.032846	-5.27	81.43	-102.61	1322.32	-4602.08	29340.14	-5.27	0.00	0.00	81.43
11	1	1	1	15.049405	-6.64	99.98	-82.51	1119.74	1213.89	-12233.89	-6.64	0.00	0.00	99.98
12	1	0	2	15.918018	0.00	0.00	0.00	0.00	0.00	0.00	0.00	0.00	-0.00	0.00
12	1	1	2	15.935081	0.00	0.00	0.00	0.00	0.00	0.00	0.00	0.00	-0.00	0.00
12	1	1	2	15.950928	0.00	0.00	0.00	0.00	0.00	0.00	0.00	0.00	-0.00	0.00
12	1	1	2	15.967926	-13.09	-0.78	-770.03	-45.97	-45303.62	-2704.69	0.00	-0.78	-13.09	0.00
12	1	1	2	15.984640	-42.18	-6.39	-1740.56	-335.27	-58065.25	-17307.89	0.00	-6.39	-42.18	0.00
12	1	1	2	16.001078	-67.52	-13.62	-1541.78	-440.13	12092.78	-6379.47	0.00	-13.62	-67.52	0.00
12	1	1	2	16.017900	-92.11	-22.08	-1461.40	-502.65	4778.58	-3716.54	0.00	-22.08	-92.11	0.00
12	1	1	2	16.034598	-97.02	-25.01	-294.37	-175.97	69889.91	19563.83	0.00	-25.01	-97.02	0.00
