Trial	Type	Target #	Time to Target	Endpoint Error	Est. Avg. Error Mag	Accum. Error x dMagProj	Max Error Mag.	Max Error Pos. (% of trajectory)	Feedback	Target (1)/Return (0)
1	1	3	1.208324e+01	-1.214515e-02	3.538519e+00	9.336979e+02	3.397437e+01	5.907373e+01	1	1
1	0	3	3.351980e-01	0	3.656522e+00	7.309999e+02	6.833305e+00	5.009610e+01	1	0
2	1	4	1.351819e+00	2.449294e-16	1.257937e-14	1.216088e-12	2.367810e-14	1.000000e+02	1	1
2	0	4	7.585836e+00	0	6.000136e+01	6.910428e+04	1.001957e+02	8.362206e+01	1	0
3	1	1	8.678222e-01	-2.343321e-02	3.248492e-01	3.253956e+01	2.347692e+00	100	1	1
3	0	1	2.185785e-01	0	2.318635e+00	4.644609e+02	4.106137e+00	4.997667e+01	1	0
4	1	2	4.516451e-01	2.679907e-16	1.502671e-14	1.467383e-12	2.616973e-14	100	1	1
4	0	2	6.909563e-02	0	9.871664e-01	1.618493e+02	2.525112e+00	8.961154e+01	1	0
5	1	3	5.418104e+00	-2.991403e+00	7.047309e+00	6.667985e+02	1.431839e+01	100	0	1
5	0	3	5.138931e-02	0	4.784134e+00	5.874648e+02	7.383207e+00	50	1	0
6	1	1	1.618583e+00	6.474240e-02	5.976041e+00	6.078549e+02	1.172750e+01	6.067286e+01	1	1
6	0	1	2.193225e-01	0	2.120137e+00	4.209409e+02	3.910912e+00	5.042673e+01	1	0
7	1	4	1.385026e+00	6.356926e-02	7.327015e+00	6.986129e+02	1.169329e+01	5.995920e+01	1	1
7	0	4	3.352651e-01	0	2.873775e+00	5.588331e+02	5.665193e+00	4.979431e+01	1	0
8	1	2	1.901921e+00	3.270817e-02	3.038362e+00	3.045116e+02	7.799353e+00	9.114544e+01	1	1
8	0	2	2.687952e-01	0	1.855800e-14	3.689809e-12	2.638543e-14	5.000000e+01	1	0
9	1	3	1.801949e+00	1.836970e-16	9.238267e-15	8.985164e-13	1.786642e-14	100	1	1
9	0	3	4.520401e-01	0	1.372601e-14	2.699538e-12	1.836970e-14	5.084577e+01	1	0
10	1	4	9.187445e-01	2.449294e-16	1.242761e-14	1.184393e-12	2.334258e-14	100	1	1
10	0	4	1.857288e-01	0	1.767419e-14	3.503709e-12	2.439707e-14	5.024679e+01	1	0
11	1	1	1.034818e+00	9.379352e-02	5.051176e+00	4.812462e+02	9.154234e+00	9.853632e+01	1	1
11	0	1	2.841432e-01	0	4.923120e+00	9.509023e+02	8.964548e+00	5.075083e+01	1	0
12	1	2	1.268567e+00	1.609519e-02	4.568622e-02	4.460760e+00	1.565355e+00	100	1	1
12	0	2	2.515532e-01	0	1.906525e+00	3.808438e+02	3.125829e+00	7.339877e+01	1	0
13	1	1	1.051835e+00	1.581767e-01	9.221146e+00	8.713990e+02	1.507363e+01	100	1	1
13	0	1	5.017638e-01	0	1.152248e+01	2.233210e+03	1.471161e+01	5.116558e+01	1	0
14	1	3	1.318118e+00	1.836970e-16	9.122508e-15	8.765463e-13	1.765073e-14	100	1	1
14	0	3	5.360902e-01	0	1.351447e-14	2.702894e-12	1.836970e-14	50	1	0
15	1	2	1.136099e+00	2.052324e-01	8.383479e+00	7.870244e+02	1.954196e+01	1.000000e+02	0	1
15	0	2	3.347341e-01	0	1.526621e+01	2.875247e+03	2.028557e+01	5.089259e+01	1	0
16	1	4	1.586066e+00	2.463567e-02	6.349101e-01	6.581890e+01	3.129318e+00	9.410362e+01	1	1
16	0	4	4.853454e-01	0	5.284429e-01	1.052772e+02	9.784267e-01	5.019300e+01	1	0
17	2	2	1.401100e+00	1.180578e-01	6.113300e+00	5.809384e+02	1.127129e+01	100	1	1
17	0	2	2.678497e-01	0	8.259541e+00	1.598439e+03	1.127558e+01	5.079908e+01	1	0
18	2	4	7.011031e-01	1.322952e-01	4.549543e+00	4.509788e+02	1.319096e+01	100	1	1
18	0	4	2.007642e-01	0	9.645804e+00	1.913390e+03	1.490028e+01	4.990615e+01	1	0
19	2	1	6.853394e-01	2.928850e-02	1.281559e+00	1.283516e+02	2.934162e+00	100	1	1
19	0	1	3.183437e-01	0	1.497690e+00	2.965864e+02	3.324978e+00	5.058087e+01	1	0
20	2	3	7.340653e-01	1.836970e-16	9.452558e-15	9.064096e-13	1.761478e-14	1.000000e+02	1	1
20	0	3	3.188338e-01	0	1.341665e-14	2.659699e-12	1.836970e-14	5.044423e+01	1	0
21	2	4	7.854778e-01	7.228090e-02	3.612236e+00	3.602804e+02	7.221798e+00	100	1	1
21	0	4	2.024840e-01	0	5.058631e+00	1.008940e+03	8.191556e+00	4.996956e+01	1	0
22	2	2	1.568505e+00	4.007995e-03	3.963571e-01	1.133134e+02	4.300750e+00	3.278165e+01	1	1
22	0	2	2.351887e-01	0	9.764190e-01	1.956421e+02	1.760980e+00	4.999838e+01	1	0
23	2	3	4.268862e+00	-8.977759e-02	3.883238e+00	3.867599e+02	8.965703e+00	100	1	1
23	0	3	3.006251e-01	0	6.281205e+00	1.227035e+03	9.158992e+00	5.099295e+01	1	0
24	2	1	7.840245e-01	8.211943e-02	4.002301e+00	3.793666e+02	7.801410e+00	1.000000e+02	1	1
24	0	1	3.011371e-01	0	4.744700e+00	9.347351e+02	8.772445e+00	5.066387e+01	1	0
25	2	2	6.178156e-01	2.685763e-16	1.321046e-14	1.284853e-12	2.612180e-14	1.000000e+02	1	1
25	0	2	2.677308e-01	0	1.796519e-14	3.600069e-12	2.648129e-14	50	1	0
26	2	4	7.177379e-01	2.160764e-02	4.360442e-01	4.342361e+01	2.152139e+00	100	1	1
26	0	4	2.848109e-01	0	2.204789e+00	4.377265e+02	3.910900e+00	5.033056e+01	1	0
27	2	1	6.683818e-01	6.123234e-17	3.281427e-15	3.287849e-13	6.135217e-15	100	1	1
27	0	1	2.507761e-01	0	1.805415e-01	3.557834e+01	9.784095e-01	5.829480e+01	1	0
28	2	3	6.189128e-01	1.836970e-16	9.957182e-15	9.957182e-13	1.836970e-14	100	1	1
28	0	3	3.363269e-01	0	1.335977e-14	2.671954e-12	1.836970e-14	50	1	0
29	2	4	8.353329e-01	2.449294e-16	1.286655e-14	1.256440e-12	2.391776e-14	100	1	1
29	0	4	2.687195e-01	0	1.744215e-14	3.488429e-12	2.449294e-14	50	1	0
30	2	2	1.552198e+00	2.654125e-16	1.223837e-14	3.573317e-12	2.638543e-14	100	1	1
30	0	2	3.674224e-01	0	1.848306e-14	3.667676e-12	2.648129e-14	5.049310e+01	1	0
31	2	3	7.853604e-01	-3.035505e-02	1.043726e+00	1.008538e+02	2.934068e+00	100	1	1
31	0	3	3.181796e-01	0	2.201776e+00	4.384422e+02	3.324971e+00	5.020269e+01	1	0
32	2	1	3.051649e+00	-3.142384e-02	1.316120e+00	1.392740e+02	3.129570e+00	100	1	1
32	0	1	3.512019e-01	0	2.673405e+00	5.355353e+02	3.712825e+00	6.556483e+01	1	0
33	2	2	6.508092e-01	2.642957e-16	1.280824e-14	1.283331e-12	2.648129e-14	100	1	1
33	0	2	2.359381e-01	0	1.865978e-14	3.728304e-12	2.648129e-14	5.014691e+01	1	0
34	2	4	5.357306e-01	7.827629e-03	9.801486e-02	9.801186e+00	7.827549e-01	1.000000e+02	1	1
34	0	4	2.516406e-01	0	1.196591e+00	2.372107e+02	2.543208e+00	5.043274e+01	1	0
35	2	1	6.515940e-01	6.123234e-17	3.318710e-15	3.325204e-13	6.135217e-15	100	1	1
35	0	1	3.016711e-01	0	4.431617e-15	8.880578e-13	6.135217e-15	50	1	0
36	2	3	6.348527e-01	1.836970e-16	9.544008e-15	9.207820e-13	1.772263e-14	100	1	1
36	0	3	2.513651e-01	0	1.873589e-07	3.747186e-05	1.956943e-01	50	1	0
37	2	4	8.684555e-01	5.278848e-02	1.799320e+00	1.796813e+02	5.276397e+00	100	1	1
37	0	4	2.515355e-01	0	4.259243e+00	8.504800e+02	5.666030e+00	50	1	0
38	2	2	6.858362e-01	2.718833e-16	1.404012e-14	1.335322e-12	2.585818e-14	100	1	1
38	0	2	2.184965e-01	0	1.864130e-14	3.655299e-12	2.648129e-14	5.109780e+01	1	0
39	2	3	8.679677e-01	1.836970e-16	9.851825e-15	9.716868e-13	1.811806e-14	100	1	1
39	0	3	2.838651e-01	0	1.328277e-14	2.651356e-12	1.836970e-14	5.009804e+01	1	0
40	2	1	8.341823e-01	6.036144e-03	4.445115e-01	4.323252e+01	7.827520e-01	9.718154e+01	1	1
40	0	1	3.355241e-01	0	5.902728e-01	1.185085e+02	1.174088e+00	4.990252e+01	1	0
41	2	2	5.513546e-01	2.712710e-16	1.475288e-14	1.408885e-12	2.590611e-14	100	1	1
41	0	2	2.511697e-01	0	1.813537e-14	3.634172e-12	2.648129e-14	50	1	0
42	2	4	6.348524e-01	1.369777e-02	1.576727e-01	1.576579e+01	1.369735e+00	100	1	1
42	0	4	4.696450e-01	0	1.176763e+00	2.351160e+02	2.543208e+00	5.003892e+01	1	0
43	2	1	5.355352e-01	1.562373e-02	1.217743e+00	1.219978e+02	2.151234e+00	5.934341e+01	1	1
43	0	1	3.348485e-01	0	7.200547e-01	1.438678e+02	1.565367e+00	5.014443e+01	1	0
44	2	3	4.683448e-01	1.836970e-16	1.010470e-14	1.010470e-12	1.836970e-14	100	1	1
44	0	3	2.511139e-01	0	1.324865e-14	2.649731e-12	1.836970e-14	50	1	0
45	2	4	5.521177e-01	1.533845e-01	8.685046e+00	8.583081e+02	1.527838e+01	100	0	1
45	0	4	3.018650e-01	0	1.021767e+01	2.014904e+03	1.659635e+01	5.000722e+01	1	0
46	2	2	6.189382e-01	2.706636e-16	1.318403e-14	1.264222e-12	2.595404e-14	100	1	1
46	0	2	2.012967e-01	0	1.849510e-14	3.641109e-12	2.626560e-14	50	1	0
47	2	3	6.692222e-01	1.836970e-16	9.923237e-15	9.690206e-13	1.793832e-14	100	1	1
47	0	3	2.515784e-01	0	1.330523e-14	2.632404e-12	1.836970e-14	5.054402e+01	1	0
48	2	1	5.850190e-01	6.123234e-17	3.235128e-15	3.152825e-13	5.967457e-15	100	1	1
48	0	1	2.850239e-01	0	4.480199e-15	8.951631e-13	6.135217e-15	5.014691e+01	1	0
49	2	2	5.861906e-01	2.642957e-16	1.356940e-14	1.359595e-12	2.648129e-14	100	1	1
49	0	2	1.849077e-01	0	1.863731e-14	3.734757e-12	2.648129e-14	50	1	0
50	2	4	5.184810e-01	2.449294e-16	1.304920e-14	1.248739e-12	2.343845e-14	100	1	1
50	0	4	1.854133e-01	0	1.793122e-14	3.512554e-12	2.449294e-14	5.104895e+01	1	0
51	2	1	6.342504e-01	6.123234e-17	3.228825e-15	3.089815e-13	5.859611e-15	1.000000e+02	1	1
51	0	1	2.842044e-01	0	4.498659e-15	8.909281e-13	6.135217e-15	5.059289e+01	1	0
52	2	3	5.175349e-01	1.836970e-16	1.016436e-14	1.016436e-12	1.836970e-14	100	1	1
52	0	3	2.351504e-01	0	1.320718e-14	2.641437e-12	1.836970e-14	50	1	0
53	2	4	6.353052e-01	5.449146e-02	1.914936e+00	1.852223e+02	5.275915e+00	1.000000e+02	1	1
53	0	4	2.852167e-01	0	3.428351e+00	6.790337e+02	6.055404e+00	5.039602e+01	1	0
54	2	2	6.527711e-01	2.697618e-16	1.291350e-14	1.245862e-12	2.602594e-14	100	1	1
54	0	2	2.014535e-01	0	1.821145e-14	3.496172e-12	2.604991e-14	5.035678e+01	1	0
55	2	3	7.344053e-01	1.836970e-16	9.873244e-15	9.699351e-13	1.804617e-14	100	1	1
55	0	3	3.017678e-01	0	1.323775e-14	2.647550e-12	1.836970e-14	50	1	0
56	2	1	5.353512e-01	6.123234e-17	3.270534e-15	3.232132e-13	6.051337e-15	100	1	1
56	0	1	2.689727e-01	0	4.499370e-15	8.981131e-13	6.135217e-15	5.019608e+01	1	0
57	2	2	5.359711e-01	2.718833e-16	1.250624e-14	1.189439e-12	2.585818e-14	100	1	1
57	0	2	1.849133e-01	0	1.885668e-14	3.745506e-12	2.645732e-14	5.034483e+01	1	0
58	2	4	5.849024e-01	1.416909e-02	1.325996e-01	1.281754e+01	1.369726e+00	100	1	1
58	0	4	1.846215e-01	0	1.371237e+00	2.741718e+02	2.543208e+00	4.999761e+01	1	0
59	2	1	5.509216e-01	5.736274e-02	2.787799e+00	2.750534e+02	5.665812e+00	1.000000e+02	1	1
59	0	1	2.017563e-01	0	2.529592e+00	5.065713e+02	5.081515e+00	4.997859e+01	1	0
60	2	3	3.673894e-01	1.836970e-16	1.002098e-14	9.844482e-13	1.804617e-14	100	1	1
60	0	3	6.803354e-02	0	1.048888e-14	1.605148e-12	1.448726e-14	5.153453e+01	1	0
61	2	4	1.352138e+00	2.449294e-16	4.256952e+00	5.927960e+02	3.638923e+01	3.891943e+00	1	1
61	0	4	1.863547e-01	0	1.769356e-14	3.472924e-12	2.449294e-14	5.094716e+01	1	0
62	2	2	1.495365e+01	2.709667e-16	6.636856e+00	5.390990e+03	4.466128e+01	8.389783e+01	1	1
62	0	2	2.354321e-01	0	1.729358e-14	3.448564e-12	2.648129e-14	5.024534e+01	1	0
