Trial	Type	Target/Home(1,0)	Target #	Time(s)	Xpos	Ypos	Xvel	Yvel	Xaccel	Yaccel	Xerror	Yerror	Xprojection	Yprojection
1	1	0	4	0.549671	0.00	-2.04	0.00	-3.70	0.00	-6.74	-0.00	-2.04	0.00	-0.00
1	1	1	4	0.582682	0.00	-3.05	0.00	-30.83	0.00	-821.65	-0.00	-3.05	0.00	-0.00
1	1	1	4	0.597658	0.00	-3.05	0.00	0.00	0.00	2058.44	-0.00	-3.05	0.00	-0.00
1	1	1	4	0.614833	0.00	-1.53	0.00	88.87	0.00	5174.34	-0.00	-1.53	0.00	-0.00
1	1	1	4	0.631303	0.00	-2.29	0.00	-46.34	0.00	-8209.93	-0.00	-2.29	0.00	-0.00
1	1	1	4	0.648594	0.00	-2.29	0.00	0.00	0.00	2680.02	-0.00	-2.29	0.00	-0.00
1	1	1	4	0.664887	0.00	-2.04	0.00	15.61	0.00	958.33	-0.00	-2.04	0.00	-0.00
1	1	1	4	0.680886	0.00	-2.04	0.00	0.00	0.00	-975.97	-0.00	-2.04	0.00	-0.00
1	1	1	4	0.697862	0.00	-2.04	0.00	0.00	0.00	0.00	-0.00	-2.04	0.00	-0.00
1	1	1	4	0.714886	0.00	-2.04	0.00	0.00	0.00	0.00	-0.00	-2.04	0.00	-0.00
1	1	1	4	0.732246	0.00	-2.04	0.00	0.00	0.00	0.00	-0.00	-2.04	0.00	-0.00
1	1	1	4	0.748184	0.00	-2.29	0.00	-15.96	0.00	-1001.58	-0.00	-2.29	0.00	-0.00
1	1	1	4	0.764995	0.00	-2.29	0.00	0.00	0.00	949.53	-0.00	-2.29	0.00	-0.00
1	1	1	4	0.781875	0.00	-2.04	0.00	15.07	0.00	892.84	-0.00	-2.04	0.00	-0.00
1	1	1	4	0.798367	0.00	-2.04	0.00	0.00	0.00	-913.84	-0.00	-2.04	0.00	-0.00
1	1	1	4	0.814451	0.00	-2.04	0.00	0.00	0.00	0.00	-0.00	-2.04	0.00	-0.00
1	1	1	4	0.831757	0.00	-2.04	0.00	0.00	0.00	0.00	-0.00	-2.04	0.00	-0.00
1	1	1	4	0.847686	0.00	-2.04	0.00	0.00	0.00	0.00	-0.00	-2.04	0.00	-0.00
1	1	1	4	0.864951	0.00	-2.04	0.00	0.00	0.00	0.00	-0.00	-2.04	0.00	-0.00
1	1	1	4	0.881388	0.00	-2.04	0.00	0.00	0.00	0.00	-0.00	-2.04	0.00	-0.00
1	1	1	4	0.898358	0.00	-2.04	0.00	0.00	0.00	0.00	-0.00	-2.04	0.00	-0.00
1	1	1	4	0.914596	0.00	-2.29	0.00	-15.67	0.00	-964.82	-0.00	-2.29	0.00	-0.00
1	1	1	4	0.932121	0.00	-2.29	0.00	0.00	0.00	893.98	-0.00	-2.29	0.00	-0.00
1	1	1	4	0.948704	0.00	-2.04	0.00	15.34	0.00	925.08	-0.00	-2.04	0.00	-0.00
1	1	1	4	0.964645	0.00	-2.04	0.00	0.00	0.00	-962.39	-0.00	-2.04	0.00	-0.00
1	1	1	4	0.982042	0.00	-2.04	0.00	0.00	0.00	0.00	-0.00	-2.04	0.00	-0.00
1	1	1	4	0.998526	0.00	-2.04	0.00	0.00	0.00	0.00	-0.00	-2.04	0.00	-0.00
1	1	1	4	1.014609	0.00	-2.04	0.00	0.00	0.00	0.00	-0.00	-2.04	0.00	-0.00
1	1	1	4	1.031953	0.00	-2.04	0.00	0.00	0.00	0.00	-0.00	-2.04	0.00	-0.00
1	1	1	4	1.048262	0.00	-2.04	0.00	0.00	0.00	0.00	-0.00	-2.04	0.00	-0.00
1	1	1	4	1.064690	0.00	-2.04	0.00	0.00	0.00	0.00	-0.00	-2.04	0.00	-0.00
1	1	1	4	1.082596	0.00	-2.29	0.00	-14.21	0.00	-793.46	-0.00	-2.29	0.00	-0.00
1	1	1	4	1.099016	0.00	-2.29	0.00	0.00	0.00	865.25	-0.00	-2.29	0.00	-0.00
1	1	1	4	1.114960	0.00	-2.04	0.00	15.96	0.00	1000.78	-0.00	-2.04	0.00	-0.00
1	1	1	4	1.132323	0.00	-2.04	0.00	0.00	0.00	-918.97	-0.00	-2.04	0.00	-0.00
1	1	1	4	1.148237	0.00	-2.04	0.00	0.00	0.00	0.00	-0.00	-2.04	0.00	-0.00
1	1	1	4	1.165836	0.00	-2.04	0.00	0.00	0.00	0.00	-0.00	-2.04	0.00	-0.00
1	1	1	4	1.180835	0.00	-2.04	0.00	0.00	0.00	0.00	-0.00	-2.04	0.00	-0.00
1	1	1	4	1.197764	0.00	-2.04	0.00	0.00	0.00	0.00	-0.00	-2.04	0.00	-0.00
1	1	1	4	1.215583	0.00	-1.53	0.00	28.55	0.00	1602.42	-0.00	-1.53	0.00	-0.00
1	1	1	4	1.232173	0.00	-2.04	0.00	-30.67	0.00	-3569.64	-0.00	-2.04	0.00	-0.00
1	1	1	4	1.248544	0.00	-2.29	0.00	-15.54	0.00	924.11	-0.00	-2.29	0.00	-0.00
1	1	1	4	1.264554	0.00	-2.29	0.00	0.00	0.00	970.66	-0.00	-2.29	0.00	-0.00
1	1	1	4	1.282234	0.00	-2.29	0.00	0.00	0.00	0.00	-0.00	-2.29	0.00	-0.00
1	1	1	4	1.298763	0.00	-2.04	0.00	15.39	0.00	931.15	-0.00	-2.04	0.00	-0.00
1	1	1	4	1.315077	0.00	-2.04	0.00	0.00	0.00	-943.45	-0.00	-2.04	0.00	-0.00
1	1	1	4	1.331057	0.00	-2.04	0.00	0.00	0.00	0.00	-0.00	-2.04	0.00	-0.00
1	1	1	4	1.348545	0.00	-2.04	0.00	0.00	0.00	0.00	-0.00	-2.04	0.00	-0.00
1	1	1	4	1.364788	0.00	-1.02	0.00	62.65	0.00	3857.40	-0.00	-1.02	0.00	-0.00
1	1	1	4	1.382361	0.00	0.00	0.00	57.91	0.00	-270.05	0.00	0.00	0.00	-0.00
1	1	1	4	1.398576	0.00	0.00	0.00	0.00	0.00	-3571.21	0.00	0.00	0.00	-0.00
1	1	1	4	1.414773	0.00	0.00	0.00	0.00	0.00	0.00	0.00	0.00	0.00	-0.00
1	1	1	4	1.432242	0.00	0.00	0.00	0.00	0.00	0.00	0.00	0.00	0.00	-0.00
1	1	1	4	1.448471	0.00	0.00	0.00	0.00	0.00	0.00	0.00	0.00	0.00	-0.00
1	1	1	4	1.464367	0.25	0.00	16.00	0.00	1006.88	0.00	0.00	0.00	0.25	-0.00
1	1	1	4	1.481519	7.63	0.00	430.13	0.00	24143.96	0.00	0.00	0.00	7.63	-0.00
1	1	1	4	1.498797	17.30	0.00	559.50	0.00	7487.32	0.00	0.00	0.00	17.30	-0.00
1	1	1	4	1.514610	24.42	-0.51	450.16	-32.17	-6914.76	-2034.61	0.00	-0.51	24.42	-0.00
1	1	1	4	1.531952	28.49	-0.25	234.94	14.66	-12409.57	2700.51	0.00	-0.25	28.49	-0.00
1	1	1	4	1.547806	36.63	0.00	513.56	16.05	17574.05	87.22	0.00	0.00	36.63	-0.00
1	1	1	4	1.564928	46.05	0.00	549.75	0.00	2113.63	-937.15	0.00	0.00	46.05	-0.00
1	1	1	4	1.581264	51.90	0.00	358.20	0.00	-11726.52	0.00	0.00	0.00	51.90	-0.00
1	1	1	4	1.598736	68.94	0.00	975.56	0.00	35334.33	0.00	0.00	0.00	68.94	-0.00
1	1	1	4	1.615075	76.06	-0.51	435.87	-31.14	-33031.18	-1905.92	0.00	-0.51	76.06	-0.00
1	1	1	4	1.631252	85.96	-2.29	611.53	-110.03	10858.15	-4876.59	0.00	-2.29	85.96	-0.00
1	1	1	4	1.648187	93.01	-4.32	416.50	-119.95	-11516.18	-585.74	0.00	-4.32	93.01	-0.00
1	1	1	4	1.665422	103.54	-7.36	610.62	-176.32	11263.07	-3270.83	0.00	-7.36	103.54	-0.00
1	1	1	4	1.681787	110.18	-10.38	405.85	-184.87	-12512.52	-522.08	0.00	-10.38	110.18	-0.00
1	1	1	4	1.697339	120.01	-14.15	632.29	-242.04	14560.58	-3675.98	0.00	-14.15	120.01	-0.00
1	1	1	4	1.714352	124.70	-15.65	275.46	-88.26	-20973.54	9038.41	0.00	-15.65	124.70	-0.00
1	1	1	4	1.731536	128.86	-17.15	242.51	-87.18	-1917.55	62.95	0.00	-17.15	128.86	-0.00
1	1	1	4	1.748153	128.80	-17.64	-4.02	-29.80	-14836.15	3453.01	0.00	-17.64	128.80	-0.00
1	1	1	4	1.765018	128.83	-17.40	2.00	14.68	356.94	2637.10	0.00	-17.40	128.83	-0.00
1	1	1	4	1.782270	128.96	-16.40	7.54	57.50	321.30	2482.28	0.00	-16.40	128.96	-0.00
1	0	1	4	1.815697	129.20	-14.41	71.16	-7.94	39.19	-4.37	0.00	-14.41	129.20	-0.00
1	0	1	4	1.831130	129.33	-13.16	8.64	81.04	-4050.86	5765.59	0.00	-13.16	129.33	-0.00
1	0	1	4	1.848295	129.48	-11.66	8.41	87.71	-13.56	388.55	0.00	-11.66	129.48	-0.00
1	0	1	4	1.865382	129.52	-11.15	2.59	29.43	-340.50	-3410.47	0.00	-11.15	129.52	-0.00
1	0	1	4	1.881729	129.56	-10.65	2.59	30.80	-0.04	83.31	0.00	-10.65	129.56	-0.00
1	0	1	4	1.897562	123.61	-8.38	-375.94	143.56	-23908.28	7122.00	0.00	-8.38	123.61	-0.00
1	0	1	4	1.915160	115.52	-7.36	-459.83	57.58	-4766.89	-4885.55	0.00	-7.36	115.52	-0.00
1	0	1	4	1.931176	102.57	-6.60	-808.70	47.57	-21781.93	-625.16	0.00	-6.60	102.57	-0.00
1	0	1	4	1.948406	86.57	-5.59	-928.32	58.94	-6942.78	659.85	0.00	-5.59	86.57	-0.00
1	0	1	4	1.964524	74.09	-5.33	-774.14	15.92	9566.20	-2669.36	0.00	-5.33	74.09	-0.00
1	0	1	4	1.981486	53.25	-4.31	-1228.86	60.01	-26808.64	2599.72	0.00	-4.31	53.25	-0.00
1	0	1	4	1.998726	27.18	-4.03	-1512.25	16.49	-16437.68	-2524.71	0.00	-4.03	27.18	-0.00
1	0	1	4	2.014874	7.73	-3.28	-1204.49	46.30	19058.83	1846.39	-0.00	-3.28	7.73	-0.00
1	0	1	4	2.031234	0.00	-3.05	-472.42	13.81	44748.68	-1986.13	-0.00	-3.05	0.00	-0.00
1	0	1	4	2.048637	0.00	-2.54	0.00	29.24	27146.16	886.39	-0.00	-2.54	0.00	-0.00
1	0	1	4	2.065187	0.00	-2.54	0.00	0.00	0.00	-1766.53	-0.00	-2.54	0.00	-0.00
1	0	1	4	2.081302	0.00	-1.53	0.00	63.15	0.00	3918.55	-0.00	-1.53	0.00	-0.00
1	0	1	4	2.099002	0.00	-2.04	0.00	-28.75	0.00	-5191.79	-0.00	-2.04	0.00	-0.00
1	0	1	4	2.115370	0.00	-2.54	0.00	-31.08	0.00	-142.81	-0.00	-2.54	0.00	-0.00
