Trial	Type	Target #	Time to Target	Endpoint Error	Est. Avg. Error Mag	Accum. Error x dMagProj	Max Error Mag.	Max Error Pos. (% of trajectory)	Feedback	Reached Target
1	1	3	6.540346e-01	-1.202831e-01	6.933545e+00	7.060299e+02	1.230762e+01	100	1	1
2	1	4	-1.851331e+05	0	0	0	0	0	1	0
3	1	1	-1.851317e+05	-1.254250e+00	2.860475e+01	7.728032e+02	3.873047e+01	7.332731e+01	0	0
4	1	2	9.676396e-01	1.688656e-02	3.437615e+00	3.545477e+02	7.389648e+00	7.904993e+01	1	1
5	1	3	7.178192e-01	1.913887e-02	3.386399e-01	3.223891e+01	1.822266e+00	100	1	1
6	1	1	4.675240e-01	5.470360e-03	1.519719e+00	1.448720e+02	2.083984e+00	6.229512e+01	1	1
7	1	4	-1.851261e+05	0	0	0	0	0	1	0
8	1	2	-1.851247e+05	0	0	0	0	0	1	0
9	1	3	-1.851233e+05	0	0	0	0	0	1	0
10	1	4	-1.851219e+05	0	0	0	0	0	1	0
11	1	1	-1.851205e+05	0	0	0	0	0	1	0
12	1	2	-1.851191e+05	0	0	0	0	0	1	0
13	1	1	-1.851177e+05	0	0	0	0	0	1	0
14	1	3	-1.851163e+05	0	0	0	0	0	1	0
15	1	2	-1.851149e+05	0	0	0	0	0	1	0
16	1	4	-1.851135e+05	0	0	0	0	0	1	0
17	2	2	-1.850996e+05	0	0	0	0	0	1	0
18	2	4	-1.850982e+05	0	0	0	0	0	1	0
19	2	1	-1.850968e+05	0	0	0	0	0	1	0
20	2	3	-1.850954e+05	0	0	0	0	0	1	0
21	2	4	-1.850940e+05	0	0	0	0	0	1	0
22	2	2	-1.850926e+05	0	0	0	0	0	1	0
23	2	3	-1.850912e+05	0	0	0	0	0	1	0
24	2	1	-1.850898e+05	0	0	0	0	0	1	0
25	2	2	-1.850884e+05	0	0	0	0	0	1	0
26	2	4	-1.850870e+05	0	0	0	0	0	1	0
27	2	1	-1.850856e+05	0	0	0	0	0	1	0
28	2	3	-1.850842e+05	0	0	0	0	0	1	0
29	2	4	-1.850828e+05	0	0	0	0	0	1	0
30	2	2	-1.850814e+05	0	0	0	0	0	1	0
31	2	3	-1.850800e+05	0	0	0	0	0	1	0
32	2	1	-1.850786e+05	0	0	0	0	0	1	0
33	2	2	-1.850772e+05	0	0	0	0	0	1	0
34	2	4	-1.850758e+05	0	0	0	0	0	1	0
35	2	1	-1.850744e+05	0	0	0	0	0	1	0
36	2	3	-1.850730e+05	0	0	0	0	0	1	0
37	2	4	-1.850716e+05	0	0	0	0	0	1	0
38	2	2	-1.850702e+05	0	0	0	0	0	1	0
39	2	3	-1.850688e+05	0	0	0	0	0	1	0
40	2	1	-1.850674e+05	0	0	0	0	0	1	0
41	2	2	-1.850660e+05	0	0	0	0	0	1	0
42	2	4	-1.850646e+05	0	0	0	0	0	1	0
43	2	1	-1.850632e+05	0	0	0	0	0	1	0
44	2	3	-1.850618e+05	0	0	0	0	0	1	0
45	2	4	-1.850604e+05	0	0	0	0	0	1	0
46	2	2	-1.850590e+05	0	0	0	0	0	1	0
47	2	3	-1.850576e+05	0	0	0	0	0	1	0
48	2	1	-1.850562e+05	0	0	0	0	0	1	0
49	2	2	-1.850548e+05	0	0	0	0	0	1	0
50	2	4	-1.850534e+05	0	0	0	0	0	1	0
51	2	1	-1.850520e+05	0	0	0	0	0	1	0
52	2	3	-1.850506e+05	0	0	0	0	0	1	0
53	2	4	-1.850492e+05	0	0	0	0	0	1	0
54	2	2	-1.850478e+05	0	0	0	0	0	1	0
55	2	3	-1.850464e+05	0	0	0	0	0	1	0
56	2	1	-1.850450e+05	0	0	0	0	0	1	0
57	2	2	-1.850436e+05	0	0	0	0	0	1	0
58	2	4	-1.850422e+05	0	0	0	0	0	1	0
59	2	1	-1.850408e+05	0	0	0	0	0	1	0
60	2	3	-1.850394e+05	0	0	0	0	0	1	0
61	2	4	-1.850380e+05	0	0	0	0	0	1	0
62	2	2	-1.850366e+05	0	0	0	0	0	1	0
63	2	3	-1.850352e+05	0	0	0	0	0	1	0
64	2	1	-1.850338e+05	0	0	0	0	0	1	0
65	1	2	-1.850199e+05	0	0	0	0	0	1	0
66	1	3	-1.850185e+05	0	0	0	0	0	1	0
67	1	4	-1.850171e+05	0	0	0	0	0	1	0
68	1	1	-1.850157e+05	0	0	0	0	0	1	0
69	1	4	-1.850143e+05	0	0	0	0	0	1	0
70	1	3	-1.850129e+05	0	0	0	0	0	1	0
71	1	1	-1.850115e+05	0	0	0	0	0	1	0
72	1	2	-1.850101e+05	0	0	0	0	0	1	0
73	1	4	-1.850087e+05	0	0	0	0	0	1	0
74	1	2	-1.850073e+05	0	0	0	0	0	1	0
75	1	1	-1.850059e+05	0	0	0	0	0	1	0
76	1	3	-1.850045e+05	0	0	0	0	0	1	0
77	1	2	-1.850031e+05	0	0	0	0	0	1	0
78	1	3	-1.850017e+05	0	0	0	0	0	1	0
79	1	4	-1.850003e+05	0	0	0	0	0	1	0
80	1	1	-1.849989e+05	0	0	0	0	0	1	0
81	2	2	-1.849850e+05	0	0	0	0	0	1	0
82	2	4	-1.849836e+05	0	0	0	0	0	1	0
83	2	1	-1.849822e+05	0	0	0	0	0	1	0
84	2	3	-1.849808e+05	0	0	0	0	0	1	0
85	2	4	-1.849794e+05	0	0	0	0	0	1	0
86	2	2	-1.849780e+05	0	0	0	0	0	1	0
87	2	3	-1.849766e+05	0	0	0	0	0	1	0
88	2	1	-1.849752e+05	0	0	0	0	0	1	0
89	2	2	-1.849738e+05	0	0	0	0	0	1	0
90	2	4	-1.849724e+05	0	0	0	0	0	1	0
91	2	1	-1.849710e+05	0	0	0	0	0	1	0
92	2	3	-1.849696e+05	0	0	0	0	0	1	0
93	2	4	-1.849682e+05	0	0	0	0	0	1	0
94	2	2	-1.849668e+05	0	0	0	0	0	1	0
95	2	3	-1.849654e+05	0	0	0	0	0	1	0
96	2	1	-1.849640e+05	0	0	0	0	0	1	0
97	2	2	-1.849626e+05	0	0	0	0	0	1	0
98	2	4	-1.849612e+05	0	0	0	0	0	1	0
99	2	1	-1.849598e+05	0	0	0	0	0	1	0
100	2	3	-1.849584e+05	0	0	0	0	0	1	0
101	2	4	-1.849570e+05	0	0	0	0	0	1	0
102	2	2	-1.849556e+05	0	0	0	0	0	1	0
103	2	3	-1.849542e+05	0	0	0	0	0	1	0
104	2	1	-1.849528e+05	0	0	0	0	0	1	0
105	2	2	-1.849514e+05	0	0	0	0	0	1	0
106	2	4	-1.849500e+05	0	0	0	0	0	1	0
107	2	1	-1.849486e+05	0	0	0	0	0	1	0
108	2	3	-1.849472e+05	0	0	0	0	0	1	0
109	2	4	-1.849458e+05	0	0	0	0	0	1	0
110	2	2	-1.849444e+05	0	0	0	0	0	1	0
111	2	3	-1.849430e+05	0	0	0	0	0	1	0
112	2	1	-1.849416e+05	0	0	0	0	0	1	0
113	2	2	-1.849402e+05	0	0	0	0	0	1	0
114	2	4	-1.849388e+05	0	0	0	0	0	1	0
115	2	1	-1.849374e+05	0	0	0	0	0	1	0
116	2	3	-1.849360e+05	0	0	0	0	0	1	0
117	2	4	-1.849346e+05	0	0	0	0	0	1	0
118	2	2	-1.849332e+05	0	0	0	0	0	1	0
119	2	3	-1.849318e+05	0	0	0	0	0	1	0
120	2	1	-1.849304e+05	0	0	0	0	0	1	0
121	2	2	-1.849290e+05	0	0	0	0	0	1	0
122	2	4	-1.849276e+05	0	0	0	0	0	1	0
123	2	1	-1.849262e+05	0	0	0	0	0	1	0
124	2	3	-1.849248e+05	0	0	0	0	0	1	0
125	2	4	-1.849234e+05	0	0	0	0	0	1	0
126	2	2	-1.849220e+05	0	0	0	0	0	1	0
127	2	3	-1.849206e+05	0	0	0	0	0	1	0
128	2	1	-1.849192e+05	0	0	0	0	0	1	0
129	1	1	-1.849053e+05	0	0	0	0	0	1	0
130	1	4	-1.849039e+05	0	0	0	0	0	1	0
131	1	2	-1.849025e+05	0	0	0	0	0	1	0
132	1	3	-1.849011e+05	0	0	0	0	0	1	0
133	1	4	-1.848997e+05	0	0	0	0	0	1	0
134	1	3	-1.848983e+05	0	0	0	0	0	1	0
135	1	1	-1.848969e+05	0	0	0	0	0	1	0
136	1	2	-1.848955e+05	0	0	0	0	0	1	0
137	1	1	-1.848941e+05	0	0	0	0	0	1	0
138	1	2	-1.848927e+05	0	0	0	0	0	1	0
139	1	3	-1.848913e+05	0	0	0	0	0	1	0
140	1	4	-1.848899e+05	0	0	0	0	0	1	0
141	1	4	-1.848885e+05	0	0	0	0	0	1	0
142	1	2	-1.848871e+05	0	0	0	0	0	1	0
143	1	3	-1.848857e+05	0	0	0	0	0	1	0
144	1	1	-1.848843e+05	0	0	0	0	0	1	0
145	2	2	-1.848704e+05	0	0	0	0	0	1	0
146	2	4	-1.848690e+05	0	0	0	0	0	1	0
147	2	1	-1.848676e+05	0	0	0	0	0	1	0
148	2	3	-1.848662e+05	0	0	0	0	0	1	0
149	2	4	-1.848648e+05	0	0	0	0	0	1	0
150	2	2	-1.848634e+05	0	0	0	0	0	1	0
151	2	3	-1.848620e+05	0	0	0	0	0	1	0
152	2	1	-1.848606e+05	0	0	0	0	0	1	0
153	2	2	-1.848592e+05	0	0	0	0	0	1	0
154	2	4	-1.848578e+05	0	0	0	0	0	1	0
155	2	1	-1.848564e+05	0	0	0	0	0	1	0
156	2	3	-1.848550e+05	0	0	0	0	0	1	0
157	2	4	-1.848536e+05	0	0	0	0	0	1	0
158	2	2	-1.848522e+05	0	0	0	0	0	1	0
159	2	3	-1.848508e+05	0	0	0	0	0	1	0
160	2	1	-1.848494e+05	0	0	0	0	0	1	0
161	2	2	-1.848480e+05	0	0	0	0	0	1	0
162	2	4	-1.848466e+05	0	0	0	0	0	1	0
163	2	1	-1.848452e+05	0	0	0	0	0	1	0
164	2	3	-1.848438e+05	0	0	0	0	0	1	0
165	2	4	-1.848424e+05	0	0	0	0	0	1	0
166	2	2	-1.848410e+05	0	0	0	0	0	1	0
167	2	3	-1.848396e+05	0	0	0	0	0	1	0
168	2	1	-1.848382e+05	0	0	0	0	0	1	0
169	2	2	-1.848368e+05	0	0	0	0	0	1	0
170	2	4	-1.848354e+05	0	0	0	0	0	1	0
171	2	1	-1.848340e+05	0	0	0	0	0	1	0
172	2	3	-1.848326e+05	0	0	0	0	0	1	0
173	2	4	-1.848312e+05	0	0	0	0	0	1	0
174	2	2	-1.848298e+05	0	0	0	0	0	1	0
175	2	3	-1.848284e+05	0	0	0	0	0	1	0
176	2	1	-1.848270e+05	0	0	0	0	0	1	0
177	2	2	-1.848256e+05	0	0	0	0	0	1	0
178	2	4	-1.848242e+05	0	0	0	0	0	1	0
179	2	1	-1.848228e+05	0	0	0	0	0	1	0
180	2	3	-1.848214e+05	0	0	0	0	0	1	0
181	2	4	-1.848200e+05	0	0	0	0	0	1	0
182	2	2	-1.848186e+05	0	0	0	0	0	1	0
183	2	3	-1.848172e+05	0	0	0	0	0	1	0
184	2	1	-1.848158e+05	0	0	0	0	0	1	0
185	2	2	-1.848144e+05	0	0	0	0	0	1	0
186	2	4	-1.848130e+05	0	0	0	0	0	1	0
187	2	1	-1.848116e+05	0	0	0	0	0	1	0
188	2	3	-1.848102e+05	0	0	0	0	0	1	0
189	2	4	-1.848088e+05	0	0	0	0	0	1	0
190	2	2	-1.848074e+05	0	0	0	0	0	1	0
191	2	3	-1.848060e+05	0	0	0	0	0	1	0
192	2	1	-1.848046e+05	0	0	0	0	0	1	0
193	1	3	-1.847907e+05	0	0	0	0	0	1	0
194	1	4	-1.847893e+05	0	0	0	0	0	1	0
195	1	2	-1.847879e+05	0	0	0	0	0	1	0
196	1	1	-1.847865e+05	0	0	0	0	0	1	0
197	1	2	-1.847851e+05	0	0	0	0	0	1	0
198	1	4	-1.847837e+05	0	0	0	0	0	1	0
199	1	3	-1.847823e+05	0	0	0	0	0	1	0
200	1	1	-1.847809e+05	0	0	0	0	0	1	0
201	1	4	-1.847795e+05	0	0	0	0	0	1	0
202	1	3	-1.847781e+05	0	0	0	0	0	1	0
203	1	2	-1.847767e+05	0	0	0	0	0	1	0
204	1	1	-1.847753e+05	0	0	0	0	0	1	0
205	1	3	-1.847739e+05	0	0	0	0	0	1	0
206	1	1	-1.847725e+05	0	0	0	0	0	1	0
207	1	4	-1.847711e+05	0	0	0	0	0	1	0
208	1	2	-1.847697e+05	0	0	0	0	0	1	0
209	2	2	-1.847558e+05	0	0	0	0	0	1	0
210	2	4	-1.847544e+05	0	0	0	0	0	1	0
211	2	1	-1.847530e+05	0	0	0	0	0	1	0
212	2	3	-1.847516e+05	0	0	0	0	0	1	0
213	2	4	-1.847502e+05	0	0	0	0	0	1	0
214	2	2	-1.847488e+05	0	0	0	0	0	1	0
215	2	3	-1.847474e+05	0	0	0	0	0	1	0
216	2	1	-1.847460e+05	0	0	0	0	0	1	0
217	2	2	-1.847446e+05	0	0	0	0	0	1	0
218	2	4	-1.847432e+05	0	0	0	0	0	1	0
219	2	1	-1.847418e+05	0	0	0	0	0	1	0
220	2	3	-1.847404e+05	0	0	0	0	0	1	0
221	2	4	-1.847390e+05	0	0	0	0	0	1	0
222	2	2	-1.847376e+05	0	0	0	0	0	1	0
223	2	3	-1.847362e+05	0	0	0	0	0	1	0
224	2	1	-1.847348e+05	0	0	0	0	0	1	0
225	2	2	-1.847334e+05	0	0	0	0	0	1	0
226	2	4	-1.847320e+05	0	0	0	0	0	1	0
227	2	1	-1.847306e+05	0	0	0	0	0	1	0
228	2	3	-1.847292e+05	0	0	0	0	0	1	0
229	2	4	-1.847278e+05	0	0	0	0	0	1	0
230	2	2	-1.847264e+05	0	0	0	0	0	1	0
231	2	3	-1.847250e+05	0	0	0	0	0	1	0
232	2	1	-1.847236e+05	0	0	0	0	0	1	0
233	2	2	-1.847222e+05	0	0	0	0	0	1	0
234	2	4	-1.847208e+05	0	0	0	0	0	1	0
235	2	1	-1.847194e+05	0	0	0	0	0	1	0
236	2	3	-1.847180e+05	0	0	0	0	0	1	0
237	2	4	-1.847166e+05	0	0	0	0	0	1	0
238	2	2	-1.847152e+05	0	0	0	0	0	1	0
239	2	3	-1.847138e+05	0	0	0	0	0	1	0
240	2	1	-1.847124e+05	0	0	0	0	0	1	0
241	2	2	-1.847110e+05	0	0	0	0	0	1	0
242	2	4	-1.847096e+05	0	0	0	0	0	1	0
243	2	1	-1.847082e+05	0	0	0	0	0	1	0
244	2	3	-1.847068e+05	0	0	0	0	0	1	0
245	2	4	-1.847054e+05	0	0	0	0	0	1	0
246	2	2	-1.847040e+05	0	0	0	0	0	1	0
247	2	3	-1.847026e+05	0	0	0	0	0	1	0
248	2	1	-1.847012e+05	0	0	0	0	0	1	0
249	2	2	-1.846998e+05	0	0	0	0	0	1	0
250	2	4	-1.846984e+05	0	0	0	0	0	1	0
251	2	1	-1.846970e+05	0	0	0	0	0	1	0
252	2	3	-1.846956e+05	0	0	0	0	0	1	0
253	2	4	-1.846942e+05	0	0	0	0	0	1	0
254	2	2	-1.846928e+05	0	0	0	0	0	1	0
255	2	3	-1.846914e+05	0	0	0	0	0	1	0
256	2	1	-1.846900e+05	0	0	0	0	0	1	0
257	1	3	-1.846761e+05	0	0	0	0	0	1	0
258	1	1	-1.846747e+05	0	0	0	0	0	1	0
259	1	4	-1.846733e+05	0	0	0	0	0	1	0
260	1	2	-1.846719e+05	0	0	0	0	0	1	0
261	1	3	-1.846705e+05	0	0	0	0	0	1	0
262	1	4	-1.846691e+05	0	0	0	0	0	1	0
263	1	2	-1.846677e+05	0	0	0	0	0	1	0
264	1	1	-1.846663e+05	0	0	0	0	0	1	0
265	1	2	-1.846649e+05	0	0	0	0	0	1	0
266	1	4	-1.846635e+05	0	0	0	0	0	1	0
267	1	1	-1.846621e+05	0	0	0	0	0	1	0
268	1	3	-1.846607e+05	0	0	0	0	0	1	0
269	1	1	-1.846593e+05	0	0	0	0	0	1	0
270	1	2	-1.846579e+05	0	0	0	0	0	1	0
271	1	4	-1.846565e+05	0	0	0	0	0	1	0
272	1	3	-1.846551e+05	0	0	0	0	0	1	0
