Trial	Type	Onset	Target #	Time to Target	Endpoint Error	Est. Avg. Error Mag	Accum. Error x dMagProj	Max Error Mag.	Max Error Pos. (% of trajectory)	Feedback	Target (1)/Return (0)
1	1	0.5674	3	4.6511	0.000000	1.305579e-01	2.906254e+01	1.017356e+00	35.8908	1	1
1	0	5.3671	3	0.7188	0.000000	1.590694e-14	3.144344e-12	1.976810e-14	54.4402	1	0
2	1	6.2342	4	1.2524	-0.222327	2.418177e+01	2.256188e+03	3.169044e+01	85.6748	1	1
2	0	7.6515	4	0.5348	0.000000	5.316182e+00	1.041279e+03	1.673270e+01	100.0000	1	0
3	1	8.3675	1	1.0186	-0.065523	1.256845e+00	1.663259e+02	6.848652e+00	94.1912	1	1
3	0	9.5345	1	0.4519	0.000000	4.182099e+00	8.527209e+02	6.095491e+00	51.9431	1	0
4	1	10.2510	2	0.7023	0.041751	1.837765e+00	1.789092e+02	4.066903e+00	100.0000	1	1
4	0	11.1179	2	0.4021	0.000000	3.794203e+00	8.220376e+02	4.067947e+00	53.5117	1	0
5	1	11.8350	3	0.7182	-0.182748	8.930273e+00	8.824529e+02	1.826218e+01	100.0000	1	1
5	0	12.7016	3	0.6018	0.000000	8.923348e+00	1.895344e+03	1.660973e+01	52.8437	1	0
6	1	13.4515	1	0.8528	0.010666	1.385119e+00	1.321345e+02	3.558086e+00	83.3880	1	1
6	0	14.4685	1	0.4181	0.000000	6.387379e-01	1.236602e+02	2.535244e+00	90.1990	1	0
7	1	15.1858	4	0.9014	-0.061257	2.405067e+00	2.293533e+02	6.344188e+00	94.0833	1	1
7	0	16.2524	4	0.3356	0.000000	9.262262e+00	1.803203e+03	1.605133e+01	79.1682	1	0
8	1	16.9693	2	1.3181	0.000000	4.502411e+00	4.524200e+02	8.861147e+00	89.6303	1	1
8	0	18.4360	2	0.4521	0.000000	4.823690e+00	9.038056e+02	1.055124e+01	73.0926	1	0
9	1	19.1529	3	1.2017	0.000000	2.890288e+00	2.757981e+02	6.818189e+00	58.4854	1	1
9	0	20.5189	3	0.5529	0.000000	2.323267e+00	4.491782e+02	8.140972e+00	90.6745	1	0
10	1	21.2367	4	1.0349	0.000000	1.213454e-14	1.173084e-12	2.342886e-14	100.0000	1	1
10	0	22.4368	4	0.3183	0.000000	4.325777e+00	7.973416e+02	1.154773e+01	83.5014	1	0
11	1	23.1529	1	1.0018	0.000000	3.149387e-15	3.060637e-13	5.888370e-15	100.0000	1	1
11	0	24.3031	1	0.4861	0.000000	7.372665e+00	1.616737e+03	2.036050e+01	69.6631	1	0
12	1	25.0207	2	0.7010	0.000000	2.145905e+00	2.063596e+02	3.300611e+00	54.1241	1	1
12	0	25.8709	2	0.4340	0.000000	3.710418e-01	7.163041e+01	2.507041e+00	100.0000	1	0
13	1	26.5875	1	1.4017	0.057229	3.610987e+00	3.531315e+02	7.839273e+00	73.1897	1	1
13	0	28.1371	1	0.5845	0.000000	8.201782e+00	1.981970e+03	2.111320e+01	68.3196	1	0
14	1	28.8704	3	1.3359	-0.031735	1.561067e+00	1.500434e+02	3.559138e+00	98.6575	1	1
14	0	30.3707	3	0.4357	0.000000	3.259708e+00	6.338115e+02	4.573934e+00	61.3760	1	0
15	1	31.0879	2	1.2519	0.000000	1.411210e-14	1.428884e-12	2.586297e-14	100.0000	1	1
15	0	32.5043	2	0.4189	0.000000	2.272488e-14	5.509561e-12	3.016242e-14	53.7251	1	0
16	1	33.2214	4	0.9693	-0.012531	2.254207e-01	2.322385e+01	1.271916e+00	100.0000	1	1
16	0	34.3547	4	0.2515	0.000000	2.032719e+00	4.451817e+02	2.788768e+00	91.1027	1	0
17	3	40.6723	2	0.8025	0.525898	3.173915e+01	3.094326e+03	5.555285e+01	100.0000	0	1
17	0	41.6394	2	0.5681	0.000000	4.140367e+01	8.984630e+03	6.534740e+01	52.0418	1	0
18	3	42.3732	3	1.0851	0.124133	1.437707e+01	1.518789e+03	2.257836e+01	62.8767	1	1
18	0	43.6236	3	0.6514	0.000000	1.379022e+01	2.671513e+03	3.490122e+01	82.4701	1	0
19	3	44.4235	4	1.3512	0.148120	1.485325e+01	1.451620e+03	3.040117e+01	55.2316	0	1
19	0	45.9241	4	0.7341	0.000000	1.602427e+01	3.295735e+03	3.525113e+01	93.4422	1	0
20	3	46.8065	1	1.5194	0.178043	2.042469e+01	2.139689e+03	3.676125e+01	70.2502	1	1
20	0	48.4903	1	0.5518	0.000000	4.999850e+00	9.101419e+02	6.438499e+00	54.2499	1	0
21	3	49.2069	4	1.2856	0.069445	1.583900e+01	1.605971e+03	3.565030e+01	61.8359	1	1
21	0	50.6580	4	0.6344	0.000000	9.185793e+00	1.734335e+03	3.084474e+01	95.2840	1	0
22	3	51.4579	3	1.2177	0.097976	1.926802e+01	1.884240e+03	3.520789e+01	63.9202	1	1
22	0	52.8245	3	0.6851	0.000000	1.060062e+01	2.109300e+03	1.535387e+01	54.1748	1	0
23	3	53.6576	1	1.3853	0.193848	1.696969e+01	1.843463e+03	3.510763e+01	70.0307	0	1
23	0	55.2074	1	0.6359	0.000000	1.167289e+01	2.249913e+03	1.969050e+01	52.8733	1	0
24	3	56.0078	2	0.9689	0.181931	2.352309e+01	2.273764e+03	4.185548e+01	80.2965	1	1
24	0	57.1581	2	0.4519	0.000000	9.225469e+00	1.747602e+03	2.379451e+01	97.0864	1	0
25	3	57.8750	4	1.2190	0.063156	9.466099e+00	9.388167e+02	2.102682e+01	47.8835	1	1
25	0	59.2584	4	0.5687	0.000000	1.390010e+01	2.700225e+03	3.671492e+01	93.1980	1	0
26	3	59.9762	2	0.9846	0.201046	2.557898e+01	2.519991e+03	4.389084e+01	84.5977	1	1
26	0	61.1598	2	0.4009	0.000000	8.429339e+00	1.588686e+03	1.740525e+01	99.0551	1	0
27	3	61.8755	1	1.0681	0.193234	1.952016e+01	1.908629e+03	3.587084e+01	65.3638	0	1
27	0	63.0930	1	0.5514	0.000000	8.324720e+00	1.572066e+03	1.105937e+01	64.5563	1	0
28	3	63.8099	3	0.7513	0.263161	2.011161e+01	1.933775e+03	2.907166e+01	70.8079	1	1
28	0	64.7264	3	0.5845	0.000000	1.272968e+01	2.489106e+03	2.581902e+01	95.7395	1	0
29	3	65.4602	2	1.1350	0.117095	2.320264e+01	2.251546e+03	3.828767e+01	68.3402	1	1
29	0	66.7593	2	0.4362	0.000000	5.696417e+00	1.195540e+03	9.847905e+00	56.1840	1	0
30	3	67.4774	3	1.1178	0.088545	1.858260e+01	1.815622e+03	3.128684e+01	76.6398	1	1
30	0	68.7603	3	0.5846	0.000000	1.174907e+01	2.415576e+03	2.225807e+01	89.3819	1	0
31	3	69.4934	4	1.1353	-0.021501	2.997051e+00	2.866184e+02	9.205039e+00	72.2509	1	1
31	0	70.7776	4	0.6178	0.000000	1.482154e+01	2.854497e+03	4.847031e+01	86.3917	1	0
32	3	71.5435	1	1.3861	0.091360	2.301229e+01	2.290045e+03	4.057730e+01	74.9712	1	1
32	0	73.0942	1	0.5016	0.000000	5.626420e+00	1.127445e+03	7.395944e+00	54.0514	1	0
33	1	79.3459	1	0.9177	0.000000	3.125327e-15	3.037255e-13	5.950681e-15	100.0000	1	1
33	0	80.4124	1	0.4344	0.000000	2.109473e+00	4.442702e+02	8.995045e+00	92.9309	1	0
34	1	81.1287	4	0.6854	-0.177596	6.315363e+00	6.167372e+02	1.798329e+01	95.1432	1	1
34	0	81.9787	4	0.3852	0.000000	5.866960e+00	1.347793e+03	1.139422e+01	50.9218	1	0
35	1	82.6960	2	0.8010	0.000000	1.222407e-14	1.169301e-12	2.592528e-14	100.0000	1	1
35	0	83.6454	2	0.3355	0.000000	2.225024e-14	5.009569e-12	2.888505e-14	53.2203	1	0
36	1	84.3625	3	0.7181	-0.180552	9.082609e+00	8.592258e+02	1.773898e+01	97.7182	1	1
36	0	85.2461	3	0.4688	0.000000	1.180802e+01	2.413595e+03	1.485675e+01	50.5089	1	0
37	1	85.9632	4	0.8347	0.000000	1.255306e-14	1.239092e-12	2.417659e-14	100.0000	1	1
37	0	86.9637	4	0.3348	0.000000	1.773254e+00	3.684999e+02	2.543356e+00	53.1166	1	0
38	1	87.6795	3	0.6853	0.000000	4.830298e-02	4.657314e+00	7.631829e-01	94.9835	1	1
38	0	88.5298	3	0.4012	0.000000	6.985173e-01	1.366691e+02	1.780561e+00	54.2285	1	0
39	1	89.2461	1	0.7360	0.000000	3.097613e-15	2.978801e-13	5.888370e-15	100.0000	1	1
39	0	90.1468	1	0.3852	0.000000	3.631482e+00	7.407076e+02	1.024421e+01	81.5492	1	0
40	1	90.8641	2	0.5182	0.000000	1.234626e+01	1.180989e+03	1.745981e+01	57.5470	1	1
40	0	91.5802	2	0.3528	0.000000	1.360358e+00	3.028410e+02	2.797665e+00	53.5912	1	0
41	1	92.2975	1	0.7020	0.000000	3.094146e-15	2.951852e-13	5.841637e-15	100.0000	1	1
41	0	93.1641	1	0.4517	0.000000	1.803661e+00	3.753600e+02	7.246973e+00	88.5898	1	0
42	1	93.8809	2	0.4685	0.000000	4.048512e+00	3.975622e+02	6.268839e+00	37.2812	1	1
42	0	94.5979	2	0.3843	0.000000	2.309254e-14	5.786692e-12	3.013126e-14	51.8782	1	0
43	1	95.3149	3	0.6016	-0.039557	1.334319e+00	1.285528e+02	3.813062e+00	100.0000	1	1
43	0	96.0807	3	0.3853	0.000000	6.338321e+00	1.293647e+03	9.365182e+00	62.9020	1	0
44	1	96.7978	4	0.7689	-0.037217	1.151976e+00	1.101166e+02	4.064749e+00	80.2622	1	1
44	0	97.7157	4	0.3343	0.000000	4.231236e+00	8.919294e+02	6.338540e+00	71.5848	1	0
45	1	98.4312	4	0.5361	-0.028863	1.859562e+00	1.801678e+02	2.797269e+00	100.0000	1	1
45	0	99.1488	4	0.2849	0.000000	3.811160e+00	7.848322e+02	4.320118e+00	63.1220	1	0
46	1	99.8648	2	0.9524	0.033666	3.132271e+00	3.172856e+02	4.313581e+00	58.8662	1	1
46	0	100.9651	2	0.4185	0.000000	2.273091e+00	4.993790e+02	2.797540e+00	50.3570	1	0
47	1	101.6815	3	0.6354	0.000000	8.827099e-15	8.847828e-13	1.757164e-14	100.0000	1	1
47	0	102.4651	3	0.4515	0.000000	1.664586e-14	3.455563e-12	2.084296e-14	54.6569	1	0
48	1	103.1821	1	0.6179	0.138941	7.751194e+00	7.401586e+02	1.379120e+01	84.2924	1	1
48	0	103.9657	1	0.4186	0.000000	2.118340e+00	4.191216e+02	3.813684e+00	54.7418	1	0
49	3	110.2334	3	0.7016	0.515599	2.559781e+01	2.124588e+03	4.703812e+01	100.0000	0	1
49	0	111.0839	3	0.7173	0.000000	2.730538e+01	5.207907e+03	4.342830e+01	46.6238	1	0
50	3	111.9667	4	1.0358	-0.021501	1.071441e+01	1.070994e+03	2.253750e+01	55.0218	1	1
50	0	113.1674	4	0.5503	0.000000	9.004677e+00	1.877722e+03	3.279835e+01	92.0730	1	0
51	3	113.8833	2	0.6692	0.523599	2.747319e+01	2.380634e+03	4.757339e+01	100.0000	0	1
51	0	114.7001	2	0.5021	0.000000	1.459259e+01	2.645065e+03	2.234595e+01	53.0428	1	0
52	3	115.3512	1	1.2017	0.130708	1.552982e+01	1.589173e+03	3.094381e+01	59.7625	0	1
52	0	116.7178	1	0.5017	0.000000	1.282591e+01	2.513793e+03	1.692567e+01	53.3026	1	0
53	3	117.3848	2	0.9843	0.072868	1.334507e+01	1.419420e+03	2.360184e+01	72.7845	1	1
53	0	118.5348	2	0.5188	0.000000	7.303425e+00	1.433771e+03	1.709960e+01	98.4564	1	0
54	3	119.2518	4	0.9683	0.121278	8.295462e+00	7.876788e+02	1.276974e+01	90.0965	1	1
54	0	120.3855	4	0.4011	0.000000	4.522986e+00	8.951049e+02	1.674429e+01	100.0000	1	0
55	3	121.1015	3	0.6355	0.336967	1.839891e+01	1.660981e+03	3.248985e+01	95.1532	0	1
55	0	121.9017	3	0.8015	0.000000	1.567822e+01	2.858487e+03	2.378565e+01	52.1128	1	0
56	3	122.8516	1	1.1849	0.096573	1.743404e+01	1.687104e+03	3.599804e+01	64.4311	1	1
56	0	124.1853	1	0.4848	0.000000	8.806831e+00	1.764548e+03	1.705455e+01	97.5991	1	0
57	3	124.9029	4	1.1675	-0.040215	1.040850e+01	1.077617e+03	1.775545e+01	70.0357	1	1
57	0	126.2360	4	0.6020	0.000000	8.759659e+00	1.746036e+03	3.325390e+01	90.3901	1	0
58	3	127.0024	3	0.6518	0.207399	1.467879e+01	1.384980e+03	2.121665e+01	90.2637	0	1
58	0	127.8020	3	0.5859	0.000000	1.355044e+01	2.637295e+03	1.679361e+01	90.1703	1	0
59	3	128.5531	2	1.1509	0.202646	1.670504e+01	1.565232e+03	3.167319e+01	58.5492	0	1
59	0	129.8533	2	0.4854	0.000000	1.160273e+01	2.179639e+03	1.849407e+01	53.5432	1	0
60	3	130.5030	1	1.4347	0.067446	1.289521e+01	1.227421e+03	2.594912e+01	47.2191	1	1
60	0	132.0863	1	0.4685	0.000000	6.932685e+00	1.287213e+03	1.216230e+01	89.3225	1	0
61	3	132.8038	3	1.1841	0.058896	9.638249e+00	9.276970e+02	1.539303e+01	55.9059	1	1
61	0	134.1366	3	0.5184	0.000000	6.176302e+00	1.211037e+03	1.514807e+01	91.8555	1	0
62	3	134.8534	1	1.3687	0.051521	1.568381e+01	1.580590e+03	3.558952e+01	62.6812	1	1
62	0	136.3710	1	0.5516	0.000000	6.662687e+00	1.301757e+03	9.309480e+00	53.8632	1	0
63	3	137.0881	4	1.3342	-0.056983	1.184162e+01	1.258570e+03	2.181456e+01	74.2749	1	1
63	0	138.5714	4	0.6518	0.000000	1.110921e+01	2.311654e+03	3.567720e+01	82.5781	1	0
64	3	139.3879	2	1.4514	0.006173	2.295382e+01	2.472407e+03	4.248532e+01	69.1325	1	1
64	0	140.9888	2	0.5180	0.000000	6.095482e+00	1.207857e+03	7.997611e+00	95.8651	1	0
