Trial	Type	Target/Home(1,0)	Target #	Time(s)	Xpos	Ypos	Xvel	Yvel	Xaccel	Yaccel	Xerror	Yerror	Xprojection	Yprojection
1	1	0	3	0.649151	0.00	0.00	0.00	0.00	0.00	0.00	0.00	0.00	-0.00	-0.00
1	1	1	3	0.811129	0.00	0.00	0.00	0.00	0.00	0.00	0.00	0.00	-0.00	-0.00
1	1	1	3	0.839713	0.00	0.00	0.00	0.00	0.00	0.00	0.00	0.00	-0.00	-0.00
1	1	1	3	0.855872	0.00	0.00	0.00	0.00	0.00	0.00	0.00	0.00	-0.00	-0.00
1	1	1	3	0.871969	0.00	0.00	0.00	0.00	0.00	0.00	0.00	0.00	-0.00	-0.00
1	1	1	3	0.889123	0.00	0.00	0.00	0.00	0.00	0.00	0.00	0.00	-0.00	-0.00
1	1	1	3	0.905367	0.00	0.00	0.00	0.00	0.00	0.00	0.00	0.00	-0.00	-0.00
1	1	1	3	0.922613	0.00	0.00	0.00	0.00	0.00	0.00	0.00	0.00	-0.00	-0.00
1	1	1	3	0.938369	0.00	0.00	0.00	0.00	0.00	0.00	0.00	0.00	-0.00	-0.00
1	1	1	3	0.955661	0.00	0.00	0.00	0.00	0.00	0.00	0.00	0.00	-0.00	-0.00
1	1	1	3	0.972962	0.00	0.00	0.00	0.00	0.00	0.00	0.00	0.00	-0.00	-0.00
1	1	1	3	0.989189	0.00	0.00	0.00	0.00	0.00	0.00	0.00	0.00	-0.00	-0.00
1	1	1	3	1.005471	0.00	0.00	0.00	0.00	0.00	0.00	0.00	0.00	-0.00	-0.00
1	1	1	3	1.022630	0.00	0.00	0.00	0.00	0.00	0.00	0.00	0.00	-0.00	-0.00
1	1	1	3	1.038567	0.00	0.00	0.00	0.00	0.00	0.00	0.00	0.00	-0.00	-0.00
1	1	1	3	1.055701	0.00	0.00	0.00	0.00	0.00	0.00	0.00	0.00	-0.00	-0.00
1	1	1	3	1.072743	0.00	0.00	0.00	0.00	0.00	0.00	0.00	0.00	-0.00	-0.00
1	1	1	3	1.089033	0.00	0.00	0.00	0.00	0.00	0.00	0.00	0.00	-0.00	-0.00
1	1	1	3	1.106596	0.00	0.00	0.00	0.00	0.00	0.00	0.00	0.00	-0.00	-0.00
1	1	1	3	1.122655	0.00	0.00	0.00	0.00	0.00	0.00	0.00	0.00	-0.00	-0.00
1	1	1	3	1.138585	0.00	0.00	0.00	0.00	0.00	0.00	0.00	0.00	-0.00	-0.00
1	1	1	3	1.155708	0.00	0.00	0.00	0.00	0.00	0.00	0.00	0.00	-0.00	-0.00
1	1	1	3	1.171817	0.00	0.00	0.00	0.00	0.00	0.00	0.00	0.00	-0.00	-0.00
1	1	1	3	1.188855	0.00	0.00	0.00	0.00	0.00	0.00	0.00	0.00	-0.00	-0.00
1	1	1	3	1.206064	0.00	0.00	0.00	0.00	0.00	0.00	0.00	0.00	-0.00	-0.00
1	1	1	3	1.222268	0.00	0.00	0.00	0.00	0.00	0.00	0.00	0.00	-0.00	-0.00
1	1	1	3	1.239319	0.00	0.00	0.00	0.00	0.00	0.00	0.00	0.00	-0.00	-0.00
1	1	1	3	1.255130	0.00	0.00	0.00	0.00	0.00	0.00	0.00	0.00	-0.00	-0.00
1	1	1	3	1.272204	0.00	0.00	0.00	0.00	0.00	0.00	0.00	0.00	-0.00	-0.00
1	1	1	3	1.289527	0.00	0.00	0.00	0.00	0.00	0.00	0.00	0.00	-0.00	-0.00
1	1	1	3	1.305389	0.00	0.00	0.00	0.00	0.00	0.00	0.00	0.00	-0.00	-0.00
1	1	1	3	1.322534	0.00	0.00	0.00	0.00	0.00	0.00	0.00	0.00	-0.00	-0.00
1	1	1	3	1.339478	0.00	0.00	0.00	0.00	0.00	0.00	0.00	0.00	-0.00	-0.00
1	1	1	3	1.355557	0.00	0.00	0.00	0.00	0.00	0.00	0.00	0.00	-0.00	-0.00
1	1	1	3	1.372785	0.00	0.00	0.00	0.00	0.00	0.00	0.00	0.00	-0.00	-0.00
1	1	1	3	1.388932	0.00	0.00	0.00	0.00	0.00	0.00	0.00	0.00	-0.00	-0.00
1	1	1	3	1.406366	0.00	0.00	0.00	0.00	0.00	0.00	0.00	0.00	-0.00	-0.00
1	1	1	3	1.422394	0.00	0.00	0.00	0.00	0.00	0.00	0.00	0.00	-0.00	-0.00
1	1	1	3	1.439824	0.00	0.00	0.00	0.00	0.00	0.00	0.00	0.00	-0.00	-0.00
1	1	1	3	1.456022	0.00	0.00	0.00	0.00	0.00	0.00	0.00	0.00	-0.00	-0.00
1	1	1	3	1.472150	0.00	0.00	0.00	0.00	0.00	0.00	0.00	0.00	-0.00	-0.00
1	1	1	3	1.489574	0.00	0.00	0.00	0.00	0.00	0.00	0.00	0.00	-0.00	-0.00
1	1	1	3	1.505582	0.00	0.00	0.00	0.00	0.00	0.00	0.00	0.00	-0.00	-0.00
1	1	1	3	1.522647	0.00	0.00	0.00	0.00	0.00	0.00	0.00	0.00	-0.00	-0.00
1	1	1	3	1.538618	0.00	0.00	0.00	0.00	0.00	0.00	0.00	0.00	-0.00	-0.00
1	1	1	3	1.555570	0.00	0.00	0.00	0.00	0.00	0.00	0.00	0.00	-0.00	-0.00
1	1	1	3	1.572596	0.00	0.00	0.00	0.00	0.00	0.00	0.00	0.00	-0.00	-0.00
1	1	1	3	1.588602	0.00	0.00	0.00	0.00	0.00	0.00	0.00	0.00	-0.00	-0.00
1	1	1	3	1.605599	0.00	0.00	0.00	0.00	0.00	0.00	0.00	0.00	-0.00	-0.00
1	1	1	3	1.622620	0.00	0.00	0.00	0.00	0.00	0.00	0.00	0.00	-0.00	-0.00
1	1	1	3	1.638481	0.00	0.00	0.00	0.00	0.00	0.00	0.00	0.00	-0.00	-0.00
1	1	1	3	1.655495	0.00	0.00	0.00	0.00	0.00	0.00	0.00	0.00	-0.00	-0.00
1	1	1	3	1.672644	0.00	0.00	0.00	0.00	0.00	0.00	0.00	0.00	-0.00	-0.00
1	1	1	3	1.688550	0.00	0.00	0.00	0.00	0.00	0.00	0.00	0.00	-0.00	-0.00
1	1	1	3	1.705619	0.00	0.00	0.00	0.00	0.00	0.00	0.00	0.00	-0.00	-0.00
1	1	1	3	1.722760	0.00	0.00	0.00	0.00	0.00	0.00	0.00	0.00	-0.00	-0.00
1	1	1	3	1.738591	0.00	0.00	0.00	0.00	0.00	0.00	0.00	0.00	-0.00	-0.00
1	1	1	3	1.755764	0.00	0.00	0.00	0.00	0.00	0.00	0.00	0.00	-0.00	-0.00
1	1	1	3	1.772625	0.00	0.00	0.00	0.00	0.00	0.00	0.00	0.00	-0.00	-0.00
1	1	1	3	1.788346	0.00	0.00	0.00	0.00	0.00	0.00	0.00	0.00	-0.00	-0.00
1	1	1	3	1.805111	0.00	0.00	0.00	0.00	0.00	0.00	0.00	0.00	-0.00	-0.00
1	1	1	3	1.821594	0.00	0.00	0.00	0.00	0.00	0.00	0.00	0.00	-0.00	-0.00
1	1	1	3	1.838264	0.00	0.00	0.00	0.00	0.00	0.00	0.00	0.00	-0.00	-0.00
1	1	1	3	1.855001	0.00	0.00	0.00	0.00	0.00	0.00	0.00	0.00	-0.00	-0.00
1	1	1	3	1.872619	0.00	0.00	0.00	0.00	0.00	0.00	0.00	0.00	-0.00	-0.00
1	1	1	3	1.888275	0.00	0.00	0.00	0.00	0.00	0.00	0.00	0.00	-0.00	-0.00
1	1	1	3	1.904938	0.00	0.00	0.00	0.00	0.00	0.00	0.00	0.00	-0.00	-0.00
1	1	1	3	1.921455	0.00	0.00	0.00	0.00	0.00	0.00	0.00	0.00	-0.00	-0.00
1	1	1	3	1.938203	0.00	0.00	0.00	0.00	0.00	0.00	0.00	0.00	-0.00	-0.00
1	1	1	3	1.954998	0.00	0.00	0.00	0.00	0.00	0.00	0.00	0.00	-0.00	-0.00
1	1	1	3	1.971592	0.00	0.00	0.00	0.00	0.00	0.00	0.00	0.00	-0.00	-0.00
1	1	1	3	1.988167	0.00	0.00	0.00	0.00	0.00	0.00	0.00	0.00	-0.00	-0.00
1	1	1	3	2.005781	0.00	0.00	0.00	0.00	0.00	0.00	0.00	0.00	-0.00	-0.00
1	1	1	3	2.022711	0.00	0.00	0.00	0.00	0.00	0.00	0.00	0.00	-0.00	-0.00
1	1	1	3	2.038544	0.00	0.00	0.00	0.00	0.00	0.00	0.00	0.00	-0.00	-0.00
1	1	1	3	2.055253	0.00	0.00	0.00	0.00	0.00	0.00	0.00	0.00	-0.00	-0.00
1	1	1	3	2.072201	0.00	0.00	0.00	0.00	0.00	0.00	0.00	0.00	-0.00	-0.00
1	1	1	3	2.089189	0.00	0.00	0.00	0.00	0.00	0.00	0.00	0.00	-0.00	-0.00
1	1	1	3	2.106266	0.00	0.00	0.00	0.00	0.00	0.00	0.00	0.00	-0.00	-0.00
1	1	1	3	2.122295	0.00	0.00	0.00	0.00	0.00	0.00	0.00	0.00	-0.00	-0.00
1	1	1	3	2.139367	0.00	0.00	0.00	0.00	0.00	0.00	0.00	0.00	-0.00	-0.00
1	1	1	3	2.155208	0.00	0.00	0.00	0.00	0.00	0.00	0.00	0.00	-0.00	-0.00
1	1	1	3	2.172095	0.00	0.00	0.00	0.00	0.00	0.00	0.00	0.00	-0.00	-0.00
1	1	1	3	2.189602	0.00	0.00	0.00	0.00	0.00	0.00	0.00	0.00	-0.00	-0.00
1	1	1	3	2.205491	0.00	0.00	0.00	0.00	0.00	0.00	0.00	0.00	-0.00	-0.00
1	1	1	3	2.222301	0.00	0.00	0.00	0.00	0.00	0.00	0.00	0.00	-0.00	-0.00
1	1	1	3	2.239015	0.00	0.00	0.00	0.00	0.00	0.00	0.00	0.00	-0.00	-0.00
1	1	1	3	2.255729	0.00	0.00	0.00	0.00	0.00	0.00	0.00	0.00	-0.00	-0.00
1	1	1	3	2.272422	0.00	0.00	0.00	0.00	0.00	0.00	0.00	0.00	-0.00	-0.00
1	1	1	3	2.289213	0.00	0.00	0.00	0.00	0.00	0.00	0.00	0.00	-0.00	-0.00
1	1	1	3	2.305833	0.00	0.00	0.00	0.00	0.00	0.00	0.00	0.00	-0.00	-0.00
1	1	1	3	2.322544	0.00	0.00	0.00	0.00	0.00	0.00	0.00	0.00	-0.00	-0.00
1	1	1	3	2.339474	0.00	0.00	0.00	0.00	0.00	0.00	0.00	0.00	-0.00	-0.00
1	1	1	3	2.355314	0.00	0.00	0.00	0.00	0.00	0.00	0.00	0.00	-0.00	-0.00
1	1	1	3	2.372161	0.00	0.00	0.00	0.00	0.00	0.00	0.00	0.00	-0.00	-0.00
1	1	1	3	2.388989	0.00	0.00	0.00	0.00	0.00	0.00	0.00	0.00	-0.00	-0.00
1	1	1	3	2.405733	0.00	0.00	0.00	0.00	0.00	0.00	0.00	0.00	-0.00	-0.00
1	1	1	3	2.422530	0.00	0.00	0.00	0.00	0.00	0.00	0.00	0.00	-0.00	-0.00
1	1	1	3	2.439036	0.00	0.00	0.00	0.00	0.00	0.00	0.00	0.00	-0.00	-0.00
1	1	1	3	2.455782	0.00	0.00	0.00	0.00	0.00	0.00	0.00	0.00	-0.00	-0.00
1	1	1	3	2.472677	0.00	0.00	0.00	0.00	0.00	0.00	0.00	0.00	-0.00	-0.00
1	1	1	3	2.488384	0.00	0.00	0.00	0.00	0.00	0.00	0.00	0.00	-0.00	-0.00
1	1	1	3	2.506013	0.00	0.00	0.00	0.00	0.00	0.00	0.00	0.00	-0.00	-0.00
1	1	1	3	2.521563	0.00	0.00	0.00	0.00	0.00	0.00	0.00	0.00	-0.00	-0.00
1	1	1	3	2.539279	0.00	0.00	0.00	0.00	0.00	0.00	0.00	0.00	-0.00	-0.00
1	1	1	3	2.556034	0.00	0.00	0.00	0.00	0.00	0.00	0.00	0.00	-0.00	-0.00
1	1	1	3	2.572621	0.00	0.00	0.00	0.00	0.00	0.00	0.00	0.00	-0.00	-0.00
1	1	1	3	2.589436	0.00	0.00	0.00	0.00	0.00	0.00	0.00	0.00	-0.00	-0.00
1	1	1	3	2.606217	0.00	0.00	0.00	0.00	0.00	0.00	0.00	0.00	-0.00	-0.00
1	1	1	3	2.621941	0.00	0.00	0.00	0.00	0.00	0.00	0.00	0.00	-0.00	-0.00
1	1	1	3	2.638796	0.00	0.00	0.00	0.00	0.00	0.00	0.00	0.00	-0.00	-0.00
1	1	1	3	2.655561	0.00	0.00	0.00	0.00	0.00	0.00	0.00	0.00	-0.00	-0.00
1	1	1	3	2.672312	0.00	0.00	0.00	0.00	0.00	0.00	0.00	0.00	-0.00	-0.00
1	1	1	3	2.688935	0.00	0.00	0.00	0.00	0.00	0.00	0.00	0.00	-0.00	-0.00
1	1	1	3	2.705776	0.00	0.00	0.00	0.00	0.00	0.00	0.00	0.00	-0.00	-0.00
1	1	1	3	2.722530	0.00	0.00	0.00	0.00	0.00	0.00	0.00	0.00	-0.00	-0.00
1	1	1	3	2.739397	0.00	0.00	0.00	0.00	0.00	0.00	0.00	0.00	-0.00	-0.00
1	1	1	3	2.756149	0.00	0.00	0.00	0.00	0.00	0.00	0.00	0.00	-0.00	-0.00
1	1	1	3	2.771623	0.00	0.00	0.00	0.00	0.00	0.00	0.00	0.00	-0.00	-0.00
1	1	1	3	2.789448	0.00	0.00	0.00	0.00	0.00	0.00	0.00	0.00	-0.00	-0.00
1	1	1	3	2.806069	0.00	0.00	0.00	0.00	0.00	0.00	0.00	0.00	-0.00	-0.00
1	1	1	3	2.822844	0.00	0.00	0.00	0.00	0.00	0.00	0.00	0.00	-0.00	-0.00
1	1	1	3	2.838466	0.00	0.00	0.00	0.00	0.00	0.00	0.00	0.00	-0.00	-0.00
1	1	1	3	2.855210	0.00	0.00	0.00	0.00	0.00	0.00	0.00	0.00	-0.00	-0.00
1	1	1	3	2.871814	0.00	0.00	0.00	0.00	0.00	0.00	0.00	0.00	-0.00	-0.00
1	1	1	3	2.888609	0.00	0.00	0.00	0.00	0.00	0.00	0.00	0.00	-0.00	-0.00
1	1	1	3	2.905049	0.00	0.00	0.00	0.00	0.00	0.00	0.00	0.00	-0.00	-0.00
1	1	1	3	2.921741	0.00	0.00	0.00	0.00	0.00	0.00	0.00	0.00	-0.00	-0.00
1	1	1	3	2.939376	0.00	0.00	0.00	0.00	0.00	0.00	0.00	0.00	-0.00	-0.00
1	1	1	3	2.955062	0.00	0.00	0.00	0.00	0.00	0.00	0.00	0.00	-0.00	-0.00
1	1	1	3	2.972737	0.00	0.00	0.00	0.00	0.00	0.00	0.00	0.00	-0.00	-0.00
1	1	1	3	2.988466	0.00	0.00	0.00	0.00	0.00	0.00	0.00	0.00	-0.00	-0.00
1	1	1	3	3.005314	0.00	0.00	0.00	0.00	0.00	0.00	0.00	0.00	-0.00	-0.00
1	1	1	3	3.022287	0.00	0.00	0.00	0.00	0.00	0.00	0.00	0.00	-0.00	-0.00
1	1	1	3	3.039127	0.00	0.00	0.00	0.00	0.00	0.00	0.00	0.00	-0.00	-0.00
1	1	1	3	3.055907	0.00	0.00	0.00	0.00	0.00	0.00	0.00	0.00	-0.00	-0.00
1	1	1	3	3.072731	0.00	0.00	0.00	0.00	0.00	0.00	0.00	0.00	-0.00	-0.00
1	1	1	3	3.088317	0.00	0.00	0.00	0.00	0.00	0.00	0.00	0.00	-0.00	-0.00
1	1	1	3	3.105895	0.00	0.00	0.00	0.00	0.00	0.00	0.00	0.00	-0.00	-0.00
1	1	1	3	3.122907	0.00	0.00	0.00	0.00	0.00	0.00	0.00	0.00	-0.00	-0.00
1	1	1	3	3.138800	0.00	0.00	0.00	0.00	0.00	0.00	0.00	0.00	-0.00	-0.00
1	1	1	3	3.155676	0.00	0.00	0.00	0.00	0.00	0.00	0.00	0.00	-0.00	-0.00
1	1	1	3	3.172627	0.00	0.00	0.00	0.00	0.00	0.00	0.00	0.00	-0.00	-0.00
1	1	1	3	3.188630	0.00	0.00	0.00	0.00	0.00	0.00	0.00	0.00	-0.00	-0.00
1	1	1	3	3.205995	0.00	0.00	0.00	0.00	0.00	0.00	0.00	0.00	-0.00	-0.00
1	1	1	3	3.223001	0.00	0.00	0.00	0.00	0.00	0.00	0.00	0.00	-0.00	-0.00
1	1	1	3	3.238764	0.00	0.00	0.00	0.00	0.00	0.00	0.00	0.00	-0.00	-0.00
1	1	1	3	3.255647	0.00	0.00	0.00	0.00	0.00	0.00	0.00	0.00	-0.00	-0.00
1	1	1	3	3.272712	0.00	0.00	0.00	0.00	0.00	0.00	0.00	0.00	-0.00	-0.00
1	1	1	3	3.289462	0.00	0.00	0.00	0.00	0.00	0.00	0.00	0.00	-0.00	-0.00
1	1	1	3	3.306220	0.00	0.00	0.00	0.00	0.00	0.00	0.00	0.00	-0.00	-0.00
1	1	1	3	3.322037	0.00	0.00	0.00	0.00	0.00	0.00	0.00	0.00	-0.00	-0.00
1	1	1	3	3.338826	0.00	0.00	0.00	0.00	0.00	0.00	0.00	0.00	-0.00	-0.00
1	1	1	3	3.355967	0.00	0.00	0.00	0.00	0.00	0.00	0.00	0.00	-0.00	-0.00
1	1	1	3	3.372794	0.00	4.07	0.00	241.89	0.00	14375.01	-0.00	0.00	0.00	4.07
1	1	1	3	3.389600	0.00	12.97	0.00	529.85	0.00	17134.94	-0.00	0.00	0.00	12.97
1	1	1	3	3.405266	-4.97	23.13	-317.52	648.27	-20267.44	7559.32	-4.97	0.00	0.00	23.13
1	1	1	3	3.421853	-14.56	29.13	-578.09	361.44	-15709.64	-17293.00	-14.56	0.00	0.00	29.13
1	1	1	3	3.438724	-22.09	38.65	-446.05	564.80	7826.12	12053.16	-22.09	0.00	0.00	38.65
1	1	1	3	3.455550	-25.18	51.97	-183.94	791.32	15577.72	13462.60	-25.18	0.00	0.00	51.97
1	1	1	3	3.472462	-22.02	61.02	187.28	535.32	21949.68	-15136.73	-22.02	0.00	0.00	61.02
1	1	1	3	3.489663	-10.32	71.77	679.73	624.59	28629.73	5189.87	-10.32	0.00	0.00	71.77
1	1	1	3	3.505562	-3.56	86.17	425.53	905.91	-15987.97	17693.82	-3.56	0.00	0.00	86.17
1	1	1	3	3.522424	0.00	99.47	211.05	788.92	-12720.36	-6937.98	-0.00	0.00	0.00	99.47
1	1	1	3	3.538505	0.00	107.87	0.00	522.05	-13123.79	-16594.93	-0.00	0.00	0.00	107.87
1	1	1	3	3.555242	0.00	115.50	0.00	456.00	0.00	-3946.61	-0.00	0.00	0.00	115.50
1	1	1	3	3.572144	-3.05	118.00	-180.56	148.18	-10682.36	-18211.46	-3.05	0.00	0.00	118.00
1	1	1	3	3.589008	-6.35	123.73	-195.68	339.65	-896.80	11354.05	-6.35	0.00	0.00	123.73
1	1	1	3	3.605651	-7.37	129.79	-60.94	364.11	8096.37	1469.77	-7.37	0.00	0.00	129.79
1	1	1	3	3.622660	-8.38	129.73	-59.50	-3.61	84.54	-21618.89	-8.38	0.00	0.00	129.73
1	1	1	3	3.639237	-9.39	129.66	-60.96	-4.18	-88.05	-34.13	-9.39	0.00	0.00	129.66
1	0	1	3	3.689308	-5.59	129.88	-1.52	35.20	-0.41	9.54	-5.59	0.00	0.00	129.88
1	0	1	3	3.706988	0.00	130.00	316.26	6.80	17973.45	-1606.26	-0.00	0.00	0.00	130.00
1	0	1	3	3.722921	0.00	130.00	0.00	0.00	-19849.53	-427.09	-0.00	0.00	0.00	130.00
1	0	1	3	3.738790	0.00	130.00	0.00	0.00	0.00	0.00	-0.00	0.00	0.00	130.00
1	0	1	3	3.755707	0.00	130.00	0.00	0.00	0.00	0.00	-0.00	0.00	0.00	130.00
1	0	1	3	3.772595	0.00	130.00	0.00	0.00	0.00	0.00	-0.00	0.00	0.00	130.00
1	0	1	3	3.789950	0.00	130.00	0.00	0.00	0.00	0.00	-0.00	0.00	0.00	130.00
1	0	1	3	3.806307	0.00	123.39	0.00	-404.37	0.00	-24720.37	-0.00	0.00	0.00	123.39
1	0	1	3	3.822195	0.00	116.77	0.00	-416.34	0.00	-753.55	-0.00	0.00	0.00	116.77
1	0	1	3	3.839083	0.00	107.61	0.00	-542.29	0.00	-7457.86	-0.00	0.00	0.00	107.61
1	0	1	3	3.856249	0.00	93.87	0.00	-800.30	0.00	-15030.29	-0.00	0.00	0.00	93.87
1	0	1	3	3.872272	0.00	84.46	0.00	-587.45	0.00	13283.59	-0.00	0.00	0.00	84.46
1	0	1	3	3.889220	0.00	72.00	0.00	-735.52	0.00	-8736.75	-0.00	0.00	0.00	72.00
1	0	1	3	3.906124	0.00	58.77	0.00	-782.59	0.00	-2784.49	-0.00	0.00	0.00	58.77
1	0	1	3	3.922900	0.00	50.88	0.00	-470.11	0.00	18626.79	-0.00	0.00	0.00	50.88
1	0	1	3	3.938579	0.00	41.47	0.00	-600.36	0.00	-8307.17	-0.00	0.00	0.00	41.47
1	0	1	3	3.956788	0.00	32.56	0.00	-489.00	0.00	6115.92	-0.00	0.00	0.00	32.56
1	0	1	3	3.972567	0.00	30.78	0.00	-112.86	0.00	23837.84	-0.00	0.00	0.00	30.78
1	0	1	3	3.989316	0.00	22.90	0.00	-470.84	0.00	-21372.54	-0.00	0.00	0.00	22.90
1	0	1	3	4.005964	0.00	15.77	0.00	-427.90	0.00	2579.74	-0.00	0.00	0.00	15.77
1	0	1	3	4.022010	0.00	12.97	0.00	-174.40	0.00	15798.13	-0.00	0.00	0.00	12.97
1	0	1	3	4.038589	0.00	9.67	0.00	-199.49	0.00	-1513.36	-0.00	0.00	0.00	9.67
1	0	1	3	4.055254	0.00	3.31	0.00	-381.63	0.00	-10929.42	-0.00	0.00	0.00	3.31
1	0	1	3	4.071994	0.00	0.00	0.00	-197.56	0.00	10995.59	0.00	0.00	-0.00	-0.00
1	0	1	3	4.088738	0.00	0.00	0.00	0.00	0.00	11799.03	0.00	0.00	-0.00	-0.00
1	0	1	3	4.105572	0.00	0.00	0.00	0.00	0.00	0.00	0.00	0.00	-0.00	-0.00
1	0	1	3	4.122157	0.00	0.00	0.00	0.00	0.00	0.00	0.00	0.00	-0.00	-0.00
2	1	0	1	4.305536	0.00	0.00	0.00	0.00	0.00	0.00	0.00	0.00	0.00	0.00
2	1	1	1	4.322859	0.00	0.00	0.00	0.00	0.00	0.00	0.00	0.00	0.00	0.00
2	1	1	1	4.339812	0.00	0.00	0.00	0.00	0.00	0.00	0.00	0.00	0.00	0.00
2	1	1	1	4.355440	0.00	0.00	0.00	0.00	0.00	0.00	0.00	0.00	0.00	0.00
2	1	1	1	4.372227	0.00	0.00	0.00	0.00	0.00	0.00	0.00	0.00	0.00	0.00
2	1	1	1	4.388971	0.00	0.00	0.00	0.00	0.00	0.00	0.00	0.00	0.00	0.00
2	1	1	1	4.405808	0.00	0.00	0.00	0.00	0.00	0.00	0.00	0.00	0.00	0.00
2	1	1	1	4.422645	0.00	0.00	0.00	0.00	0.00	0.00	0.00	0.00	0.00	0.00
2	1	1	1	4.439438	0.00	0.00	0.00	0.00	0.00	0.00	0.00	0.00	0.00	0.00
2	1	1	1	4.456363	0.00	0.00	0.00	0.00	0.00	0.00	0.00	0.00	0.00	0.00
2	1	1	1	4.472051	0.00	0.00	0.00	0.00	0.00	0.00	0.00	0.00	0.00	0.00
2	1	1	1	4.488724	0.00	0.00	0.00	0.00	0.00	0.00	0.00	0.00	0.00	0.00
2	1	1	1	4.505427	0.00	0.00	0.00	0.00	0.00	0.00	0.00	0.00	0.00	0.00
2	1	1	1	4.522121	0.00	0.00	0.00	0.00	0.00	0.00	0.00	0.00	0.00	0.00
2	1	1	1	4.538998	0.00	0.00	0.00	0.00	0.00	0.00	0.00	0.00	0.00	0.00
2	1	1	1	4.555848	0.00	0.00	0.00	0.00	0.00	0.00	0.00	0.00	0.00	0.00
2	1	1	1	4.572756	0.00	0.00	0.00	0.00	0.00	0.00	0.00	0.00	0.00	0.00
2	1	1	1	4.589586	0.00	0.00	0.00	0.00	0.00	0.00	0.00	0.00	0.00	0.00
2	1	1	1	4.605323	0.00	0.00	0.00	0.00	0.00	0.00	0.00	0.00	0.00	0.00
2	1	1	1	4.622060	0.00	0.00	0.00	0.00	0.00	0.00	0.00	0.00	0.00	0.00
2	1	1	1	4.638971	0.00	0.00	0.00	0.00	0.00	0.00	0.00	0.00	0.00	0.00
2	1	1	1	4.655875	0.00	0.00	0.00	0.00	0.00	0.00	0.00	0.00	0.00	0.00
2	1	1	1	4.672664	0.00	0.00	0.00	0.00	0.00	0.00	0.00	0.00	0.00	0.00
2	1	1	1	4.689224	0.00	0.00	0.00	0.00	0.00	0.00	0.00	0.00	0.00	0.00
2	1	1	1	4.706133	0.00	0.00	0.00	0.00	0.00	0.00	0.00	0.00	0.00	0.00
2	1	1	1	4.723207	0.00	0.00	0.00	0.00	0.00	0.00	0.00	0.00	0.00	0.00
2	1	1	1	4.739045	0.00	0.00	0.00	0.00	0.00	0.00	0.00	0.00	0.00	0.00
2	1	1	1	4.755821	0.00	0.00	0.00	0.00	0.00	0.00	0.00	0.00	0.00	0.00
2	1	1	1	4.772658	0.00	0.00	0.00	0.00	0.00	0.00	0.00	0.00	0.00	0.00
2	1	1	1	4.789629	0.00	0.00	0.00	0.00	0.00	0.00	0.00	0.00	0.00	0.00
2	1	1	1	4.806411	0.00	0.00	0.00	0.00	0.00	0.00	0.00	0.00	0.00	0.00
2	1	1	1	4.823090	0.00	0.00	0.00	0.00	0.00	0.00	0.00	0.00	0.00	0.00
2	1	1	1	4.839800	0.00	0.00	0.00	0.00	0.00	0.00	0.00	0.00	0.00	0.00
2	1	1	1	4.855424	0.00	0.00	0.00	0.00	0.00	0.00	0.00	0.00	0.00	0.00
2	1	1	1	4.872203	0.00	1.27	0.00	75.81	0.00	4518.42	-0.00	0.00	0.00	1.27
2	1	1	1	4.888685	0.00	6.61	0.00	324.14	0.00	15066.58	-0.00	0.00	0.00	6.61
2	1	1	1	4.905462	0.00	9.67	0.00	181.96	0.00	-8474.38	-0.00	0.00	0.00	9.67
2	1	1	1	4.922030	0.00	11.96	0.00	138.20	0.00	-2641.62	-0.00	0.00	0.00	11.96
2	1	1	1	4.938820	0.00	12.97	0.00	60.61	0.00	-4621.02	-0.00	0.00	0.00	12.97
2	1	1	1	4.955608	-4.34	13.03	-258.78	3.47	-15415.05	-3403.66	-4.34	0.00	0.00	13.03
2	1	1	1	4.972614	-6.72	14.83	-139.69	105.70	7002.30	6011.09	-6.72	0.00	0.00	14.83
2	1	1	1	4.989449	-9.44	20.02	-161.29	308.34	-1282.73	12037.17	-9.44	0.00	0.00	20.02
2	1	1	1	5.006473	-9.74	25.42	-17.90	317.07	8423.04	512.96	-9.74	0.00	0.00	25.42
2	1	1	1	5.022247	-12.15	28.28	-153.04	181.48	-8567.25	-8595.60	-12.15	0.00	0.00	28.28
2	1	1	1	5.039114	-15.45	28.66	-195.51	22.67	-2517.99	-9415.72	-15.45	0.00	0.00	28.66
2	1	1	1	5.056168	-17.11	30.66	-97.02	116.92	5775.29	5526.48	-17.11	0.00	0.00	30.66
2	1	1	1	5.072879	-18.56	34.21	-87.00	212.76	599.26	5734.79	-18.56	0.00	0.00	34.21
2	1	1	1	5.089682	-19.50	36.31	-55.87	124.69	1852.80	-5241.26	-19.50	0.00	0.00	36.31
2	1	1	1	5.106516	-19.80	39.59	-17.66	195.09	2269.86	4181.91	-19.80	0.00	0.00	39.59
2	1	1	1	5.122193	-20.05	42.86	-16.07	208.54	101.46	858.06	-20.05	0.00	0.00	42.86
2	1	1	1	5.138782	-20.14	44.22	-5.64	81.85	628.51	-7637.09	-20.14	0.00	0.00	44.22
2	1	1	1	5.155577	-20.33	47.20	-11.07	177.33	-322.94	5685.66	-20.33	0.00	0.00	47.20
2	1	1	1	5.172497	-20.54	51.24	-12.74	238.92	-99.12	3639.70	-20.54	0.00	0.00	51.24
2	1	1	1	5.189353	-21.22	56.98	-40.04	340.49	-1619.51	6026.05	-21.22	0.00	0.00	56.98
2	1	1	1	5.206266	-21.32	59.65	-6.06	157.90	2009.42	-10795.57	-21.32	0.00	0.00	59.65
2	1	1	1	5.223344	-22.45	61.14	-66.02	86.99	-3511.38	-4152.42	-22.45	0.00	0.00	61.14
2	1	1	1	5.239028	-23.34	62.16	-56.88	65.40	583.21	-1376.67	-23.34	0.00	0.00	62.16
2	1	1	1	5.255829	-23.79	62.81	-26.80	38.44	1789.94	-1604.45	-23.79	0.00	0.00	62.81
2	1	1	1	5.272541	-24.22	62.92	-25.51	6.55	77.07	-1908.10	-24.22	0.00	0.00	62.92
2	1	1	1	5.290403	-23.86	64.41	20.18	83.74	2558.37	4321.32	-23.86	0.00	0.00	64.41
2	1	1	1	5.306150	-23.92	66.02	-3.94	101.78	-1532.19	1145.81	-23.92	0.00	0.00	66.02
2	1	1	1	5.323010	-23.96	67.08	-2.34	63.30	95.14	-2282.52	-23.96	0.00	0.00	67.08
2	1	1	1	5.340700	-23.59	68.83	21.08	98.79	1323.91	2005.96	-23.59	0.00	0.00	68.83
2	1	1	1	5.356653	-23.61	69.63	-1.61	50.00	-1422.12	-3058.45	-23.61	0.00	0.00	69.63
2	1	1	1	5.372392	-23.19	70.04	27.04	26.11	1820.24	-1517.91	-23.19	0.00	0.00	70.04
2	1	1	1	5.388977	-22.81	72.30	22.86	136.35	-252.02	6647.00	-22.81	0.00	0.00	72.30
2	1	1	1	5.405731	-21.27	73.83	91.80	91.13	4114.55	-2698.85	-21.27	0.00	0.00	73.83
2	1	1	1	5.422612	-18.99	75.23	134.77	83.24	2545.87	-467.39	-18.99	0.00	0.00	75.23
2	1	1	1	5.439807	-14.98	76.91	233.23	97.58	5725.61	833.65	-14.98	0.00	0.00	76.91
2	1	1	1	5.455490	-9.35	78.31	359.37	89.19	8043.06	-534.87	-9.35	0.00	0.00	78.31
2	1	1	1	5.472374	-8.35	78.68	59.12	21.83	-17783.15	-3989.70	-8.35	0.00	0.00	78.68
2	1	1	1	5.489387	-6.34	81.42	118.01	161.01	3461.62	8181.49	-6.34	0.00	0.00	81.42
2	1	1	1	5.506217	-6.34	81.93	-0.01	30.32	-7012.47	-7765.24	-6.34	0.00	0.00	81.93
2	1	1	1	5.522938	-6.34	81.42	0.01	-30.52	1.68	-3638.60	-6.34	0.00	0.00	81.42
2	1	1	1	5.539734	-6.85	82.14	-30.02	43.17	-1788.39	4387.13	-6.85	0.00	0.00	82.14
2	1	1	1	5.555376	-6.85	82.91	-0.03	48.96	1917.69	370.23	-6.85	0.00	0.00	82.91
2	1	1	1	5.572042	-6.34	83.71	30.22	48.33	1814.97	-37.76	-6.34	0.00	0.00	83.71
2	1	1	1	5.588675	-5.58	84.28	45.53	33.90	920.40	-867.45	-5.58	0.00	0.00	84.28
2	1	1	1	5.606407	-5.08	84.31	28.52	1.80	-959.13	-1810.09	-5.08	0.00	0.00	84.31
2	1	1	1	5.623238	-5.08	84.56	-0.00	15.14	-1694.79	792.41	-5.08	0.00	0.00	84.56
2	1	1	1	5.638743	-5.58	83.51	-32.60	-67.83	-2102.49	-5351.54	-5.58	0.00	0.00	83.51
2	1	1	1	5.655529	-6.34	82.95	-45.11	-33.62	-744.95	2038.11	-6.34	0.00	0.00	82.95
2	1	1	1	5.672411	-6.34	83.46	-0.01	30.23	2671.21	3782.11	-6.34	0.00	0.00	83.46
2	1	1	1	5.689204	-6.34	83.46	0.00	0.00	0.79	-1799.92	-6.34	0.00	0.00	83.46
2	1	1	1	5.706011	-6.34	83.71	-0.01	15.18	-0.39	903.21	-6.34	0.00	0.00	83.71
2	1	1	1	5.722848	-6.85	84.95	-29.98	73.43	-1780.17	3459.84	-6.85	0.00	0.00	84.95
2	1	1	1	5.739625	-7.35	86.44	-30.07	88.80	-5.33	916.08	-7.35	0.00	0.00	86.44
2	1	1	1	5.756458	-8.86	87.83	-89.59	82.74	-3535.66	-360.16	-8.86	0.00	0.00	87.83
2	1	1	1	5.773207	-7.86	91.50	59.80	219.16	8919.41	8145.00	-7.86	0.00	0.00	91.50
2	1	1	1	5.789839	-8.36	92.74	-30.29	74.11	-5416.58	-8720.85	-8.36	0.00	0.00	92.74
2	1	1	1	5.805513	-9.37	92.90	-64.06	10.19	-2154.43	-4078.05	-9.37	0.00	0.00	92.90
2	1	1	1	5.822397	-9.37	94.94	-0.12	121.13	3787.16	6571.06	-9.37	0.00	0.00	94.94
2	1	1	1	5.839200	-9.37	97.75	-0.15	167.31	-1.98	2748.52	-9.37	0.00	0.00	97.75
2	1	1	1	5.856267	-9.37	99.28	-0.08	89.83	4.40	-4539.84	-9.37	0.00	0.00	99.28
2	1	1	1	5.873098	-9.37	100.82	-0.07	91.08	0.14	74.39	-9.37	0.00	0.00	100.82
2	1	1	1	5.889790	-9.87	101.28	-30.10	27.75	-1798.71	-3793.96	-9.87	0.00	0.00	101.28
2	1	1	1	5.906568	-10.38	101.49	-29.89	12.25	12.21	-923.86	-10.38	0.00	0.00	101.49
2	1	1	1	5.922145	-10.38	102.00	-0.03	32.83	1916.84	1320.97	-10.38	0.00	0.00	102.00
2	1	1	1	5.938880	-9.37	102.86	59.93	51.60	3583.13	1121.40	-9.37	0.00	0.00	102.86
2	0	1	1	5.973472	-8.87	102.40	-1.49	17.14	-0.25	2.87	-8.87	0.00	0.00	102.40
2	0	1	1	5.989516	-8.87	102.91	-0.02	31.83	91.30	915.53	-8.87	0.00	0.00	102.91
2	0	1	1	6.006343	-8.87	102.40	0.02	-30.35	2.35	-3695.36	-8.87	0.00	0.00	102.40
2	0	1	1	6.023202	-8.37	102.18	29.87	-12.63	1770.63	1051.25	-8.37	0.00	0.00	102.18
2	0	1	1	6.038851	-7.86	101.71	32.22	-30.05	150.27	-1113.37	-7.86	0.00	0.00	101.71
2	0	1	1	6.056625	-7.36	100.98	28.40	-40.93	-214.77	-612.05	-7.36	0.00	0.00	100.98
2	0	1	1	6.072102	-6.85	100.00	32.65	-63.60	274.44	-1465.08	-6.85	0.00	0.00	100.00
2	0	1	1	6.090156	-5.59	97.02	70.08	-165.01	2073.16	-5617.07	-5.59	0.00	0.00	97.02
2	0	1	1	6.106693	-4.57	93.00	61.31	-243.21	-530.49	-4728.22	-4.57	0.00	0.00	93.00
2	0	1	1	6.122164	-4.07	90.22	32.80	-179.55	-1842.79	4115.01	-4.07	0.00	0.00	90.22
2	0	1	1	6.139953	-3.56	85.91	28.54	-242.11	-239.35	-3516.70	-3.56	0.00	0.00	85.91
2	0	1	1	6.155390	-2.54	81.11	65.80	-310.92	2413.68	-4457.78	-2.54	0.00	0.00	81.11
2	0	1	1	6.173211	-1.02	76.82	85.59	-240.83	1110.41	3933.18	-1.02	0.00	0.00	76.82
2	0	1	1	6.189874	0.00	73.52	61.07	-198.08	-1471.81	2565.91	-0.00	0.00	0.00	73.52
2	0	1	1	6.206647	0.00	70.47	0.00	-182.00	-3640.58	958.30	-0.00	0.00	0.00	70.47
2	0	1	1	6.222373	0.00	65.89	0.00	-291.20	0.00	-6943.64	-0.00	0.00	0.00	65.89
2	0	1	1	6.239384	0.00	58.77	0.00	-418.75	0.00	-7498.45	-0.00	0.00	0.00	58.77
2	0	1	1	6.256266	0.00	53.17	0.00	-331.52	0.00	5167.11	-0.00	0.00	0.00	53.17
2	0	1	1	6.272844	0.00	45.79	0.00	-445.04	0.00	-6847.73	-0.00	0.00	0.00	45.79
2	0	1	1	6.289582	0.00	38.67	0.00	-425.59	0.00	1162.08	-0.00	0.00	0.00	38.67
2	0	1	1	6.306197	0.00	34.34	0.00	-260.29	0.00	9948.28	-0.00	0.00	0.00	34.34
2	0	1	1	6.322936	0.00	30.27	0.00	-243.18	0.00	1022.09	-0.00	0.00	0.00	30.27
2	0	1	1	6.339680	0.00	25.44	0.00	-288.68	0.00	-2717.22	-0.00	0.00	0.00	25.44
2	0	1	1	6.356512	0.00	22.13	0.00	-196.48	0.00	5477.27	-0.00	0.00	0.00	22.13
2	0	1	1	6.372167	0.00	17.55	0.00	-292.50	0.00	-6133.35	-0.00	0.00	0.00	17.55
2	0	1	1	6.388982	0.00	13.48	0.00	-242.08	0.00	2998.69	-0.00	0.00	0.00	13.48
2	0	1	1	6.406658	0.00	12.21	0.00	-71.96	0.00	9624.19	-0.00	0.00	0.00	12.21
2	0	1	1	6.422287	0.00	11.19	0.00	-65.11	0.00	438.17	-0.00	0.00	0.00	11.19
2	0	1	1	6.439080	0.00	8.40	0.00	-166.64	0.00	-6045.43	-0.00	0.00	0.00	8.40
2	0	1	1	6.455880	0.00	7.12	0.00	-75.72	0.00	5412.01	-0.00	0.00	0.00	7.12
2	0	1	1	6.472670	0.00	6.36	0.00	-45.46	0.00	1802.17	-0.00	0.00	0.00	6.36
