Trial	Type	Onset	Target #	Time to Target	Endpoint Error	Est. Avg. Error Mag	Accum. Error x dMagProj	Max Error Mag.	Max Error Pos. (% of trajectory)	Feedback	Target (1)/Return (0)
1	1	0.7487	3	2.6194	-0.002653	5.337537e-01	5.582977e+01	2.542994e+00	93.3987	1	1
1	0	3.6093	3	0.7021	0.000000	6.569798e-01	1.203308e+02	3.558715e+00	62.9526	1	0
2	1	4.4659	4	2.3858	-0.057830	1.398389e+01	1.394940e+03	2.360764e+01	60.3031	1	1
2	0	6.9914	4	0.6354	0.000000	5.239645e+00	9.767419e+02	5.588423e+00	54.5211	1	0
3	1	7.7742	1	3.1007	0.000000	5.600511e-01	6.086199e+01	7.463211e+00	3.5379	1	1
3	0	11.0229	1	0.8022	0.000000	2.096584e-02	3.818984e+00	5.087893e-01	75.5598	1	0
4	1	11.9725	2	2.0352	0.000000	1.508027e-01	1.490720e+01	1.119374e+01	0.0000	1	1
4	0	14.1384	2	0.9522	0.000000	1.001428e-14	1.890366e-12	1.261794e-14	54.5822	1	0
5	1	15.2384	3	2.2852	-0.002674	5.375166e+00	5.591799e+02	1.195695e+01	0.0000	1	1
5	0	17.8039	3	1.2685	0.000000	1.292362e+00	2.426377e+02	8.857575e+00	62.7062	1	0
6	1	19.2038	1	2.6344	0.002667	2.540667e-01	3.044242e+01	2.544031e-01	20.3803	1	1
6	0	21.9858	1	0.7856	0.000000	2.544006e-01	4.536920e+01	2.544023e-01	55.4917	1	0
7	1	22.9188	4	1.7021	-0.068675	2.319732e+00	2.245711e+02	9.663973e+00	0.2627	1	1
7	0	24.7519	4	0.7686	0.000000	4.196039e+00	8.050954e+02	6.094877e+00	53.3397	1	0
8	1	25.6519	2	2.5029	0.000000	5.106001e-15	6.040270e-13	1.174559e-14	100.0000	1	1
8	0	28.2862	2	1.1856	0.000000	2.057582e+00	3.945098e+02	6.816800e+00	80.0957	1	0
9	1	29.6197	3	1.9692	-0.037316	4.042776e+00	4.141931e+02	1.057754e+01	1.4749	1	1
9	0	31.7367	3	1.0855	0.000000	3.701856e+00	7.188892e+02	8.861859e+00	63.2789	1	0
10	1	32.9536	4	2.2025	0.000000	6.877761e+00	6.632831e+02	1.068190e+01	0.2637	1	1
10	0	35.2872	4	0.8523	0.000000	9.282270e-01	1.714319e+02	2.794603e+00	81.5778	1	0
11	1	36.2707	1	2.2690	0.000000	1.958765e-03	1.896008e-01	1.119374e+01	0.0000	1	1
11	0	38.6808	1	0.9182	0.000000	5.110232e-15	9.490431e-13	6.293390e-15	55.3425	1	0
12	1	39.7377	2	2.3539	-0.002645	2.257938e-01	2.171324e+01	5.342466e+00	0.0000	1	1
12	0	42.2461	2	1.0354	0.000000	1.422709e-01	2.841234e+01	2.544024e-01	54.6497	1	0
13	1	43.4291	1	2.3683	0.024060	1.863665e+00	1.889789e+02	8.835802e+00	32.0744	1	1
13	0	45.9447	1	1.0025	0.000000	1.407882e+00	2.492800e+02	2.543067e+00	58.7822	1	0
14	1	47.0943	3	1.9520	-0.037416	4.854709e-01	5.926560e+01	3.559151e+00	100.0000	1	1
14	0	49.1932	3	1.1692	0.000000	2.964087e+00	5.814635e+02	4.574461e+00	53.8407	1	0
15	1	50.5095	2	1.8185	0.050623	2.564961e+00	2.444597e+02	1.093638e+01	0.2669	1	1
15	0	52.4595	2	1.0015	0.000000	8.037010e+00	1.459996e+03	1.698742e+01	73.2284	1	0
16	1	53.5921	4	2.0180	-0.040085	6.754674e+00	7.188971e+02	1.139610e+01	41.9657	1	1
16	0	55.7414	4	0.8853	0.000000	1.684103e+00	3.191521e+02	2.543191e+00	52.2035	1	0
17	3	62.3578	2	4.4193	0.052591	1.495321e+01	1.829875e+03	3.218200e+01	45.5498	1	1
17	0	66.9085	2	1.2021	0.000000	6.397333e+00	1.194754e+03	8.997278e+00	88.4458	1	0
18	3	68.2587	3	2.4356	0.053555	1.007322e+01	1.098516e+03	2.066123e+01	41.5549	1	1
18	0	70.8257	3	1.3021	0.000000	4.927634e+00	9.581601e+02	7.000320e+00	93.7840	1	0
19	3	72.2691	4	2.6678	0.010200	5.569231e+00	5.850733e+02	1.407946e+01	2.3591	1	1
19	0	75.0930	4	1.2689	0.000000	5.513329e+00	1.036320e+03	1.862418e+01	78.2137	1	0
20	3	76.5010	1	4.1672	0.049313	8.342344e+00	1.058031e+03	2.047945e+01	41.4531	1	1
20	0	80.8662	1	1.3682	0.000000	5.475486e+00	9.919461e+02	1.342291e+01	78.8273	1	0
21	3	82.3656	4	2.9010	0.072798	6.957554e+00	8.429440e+02	1.882583e+01	41.4773	1	1
21	0	85.3981	4	1.1682	0.000000	5.857505e+00	1.057612e+03	1.317783e+01	88.0720	1	0
22	3	86.7141	3	3.1177	0.007915	1.169861e+01	1.319746e+03	2.270867e+01	45.1523	1	1
22	0	90.0797	3	2.1513	0.000000	2.028284e+00	4.117967e+02	6.407722e+00	78.7635	1	0
23	3	92.3790	1	4.4360	0.041983	8.390396e+00	1.096185e+03	2.191239e+01	52.0551	1	1
23	0	96.9630	1	1.5522	0.000000	3.590236e+00	6.591846e+02	6.969405e+00	54.8773	1	0
24	3	98.6466	2	2.6190	0.064216	8.897194e+00	9.677152e+02	1.755627e+01	39.7078	1	1
24	0	101.3971	2	1.3021	0.000000	5.095277e+00	9.600635e+02	9.334951e+00	54.7591	1	0
25	3	102.8472	4	2.8524	-0.035481	4.182493e+00	5.198906e+02	1.405818e+01	37.8400	1	1
25	0	105.8311	4	0.9688	0.000000	5.218617e+00	9.797943e+02	1.495808e+01	81.8830	1	0
26	3	106.9313	2	3.7359	0.048287	9.216536e+00	1.162061e+03	2.064035e+01	43.2318	1	1
26	0	110.8227	2	1.2516	0.000000	6.091984e+00	1.143017e+03	1.139435e+01	60.6026	1	0
27	3	112.2223	1	3.4674	0.042986	1.062699e+01	1.168140e+03	2.531311e+01	47.8646	1	1
27	0	115.8377	1	1.5348	0.000000	3.678193e+00	6.990548e+02	5.089233e+00	60.7279	1	0
28	3	117.5205	3	3.2343	0.021268	6.220077e+00	8.662561e+02	1.720584e+01	47.6409	1	1
28	0	120.9027	3	1.5181	0.000000	2.316422e+00	4.414620e+02	5.747500e+00	76.3938	1	0
29	3	122.5521	2	2.8178	0.037803	1.114207e+01	1.326226e+03	2.544031e+01	50.6522	1	1
29	0	125.5178	2	1.0684	0.000000	3.961490e+00	7.357847e+02	5.141035e+00	54.3072	1	0
30	3	126.7343	3	2.1356	0.021268	4.387286e+00	4.611907e+02	1.181260e+01	33.3392	1	1
30	0	129.0013	3	1.2522	0.000000	5.268141e+00	1.035026e+03	1.543659e+01	70.6725	1	0
31	3	130.4016	4	2.2355	0.061018	3.461456e+00	3.754492e+02	1.203296e+01	1.9173	1	1
31	0	132.7686	4	1.0354	0.000000	7.774398e+00	1.514872e+03	1.572095e+01	85.3921	1	0
32	3	133.9354	1	3.4025	-0.002145	7.555887e+00	8.733396e+02	1.933464e+01	44.2928	1	1
32	0	137.4859	1	1.1856	0.000000	3.132268e+00	5.976765e+02	1.031694e+01	68.1590	1	0
