Trial	Type	Onset	Target #	Time to Target	Endpoint Error	Est. Avg. Error Mag	Accum. Error x dMagProj	Max Error Mag.	Max Error Pos. (% of trajectory)	Feedback	Target (1)/Return (0)
1	1	0.5495	4	4.5498	-0.037416	1.295970e+01	1.572789e+03	1.802556e+01	23.8532	1	1
1	0	5.2480	4	0.4845	0.000000	1.757275e+00	3.304409e+02	2.289060e+00	54.6496	1	0
2	1	5.9645	1	0.7510	0.038149	2.770325e+00	2.787065e+02	4.059014e+00	53.8417	1	1
2	0	6.8641	1	0.3846	0.000000	1.672787e+00	3.549636e+02	4.783607e+00	93.7894	1	0
3	1	7.5805	2	0.6175	-0.056091	9.050087e+00	9.681538e+02	1.942591e+01	13.5571	1	1
3	0	8.3303	2	0.3175	0.000000	7.680751e+00	1.355938e+03	7.859544e+00	53.7120	1	0
4	1	9.0470	3	1.2848	0.026589	8.134992e+00	9.975594e+02	1.296818e+01	74.0484	1	1
4	0	10.4804	3	0.7346	0.000000	7.810200e+00	1.392324e+03	8.867542e+00	54.7164	1	0
5	1	11.3640	4	0.8181	0.021161	7.659732e+00	7.713128e+02	1.314177e+01	1.9995	1	1
5	0	12.3307	4	0.3678	0.000000	3.312560e+00	5.944962e+02	6.070619e+00	78.5484	1	0
6	1	13.0475	1	0.6679	0.128911	1.283485e+01	1.264350e+03	1.497344e+01	79.9505	1	1
6	0	13.8476	1	0.5679	0.000000	5.985148e+00	1.167850e+03	9.877353e+00	53.3465	1	0
7	1	14.5645	3	0.7845	0.010695	1.289833e+00	1.227516e+02	3.049827e+00	72.1334	1	1
7	0	15.4812	3	0.6179	0.000000	4.044345e+00	6.969110e+02	1.258558e+01	61.5327	1	0
8	1	16.2314	2	0.5846	0.066746	6.779317e+00	6.475002e+02	7.102978e+00	98.8754	1	1
8	0	16.9649	2	0.4847	0.000000	4.343354e+00	7.417479e+02	4.573962e+00	55.6494	1	0
9	1	17.6817	3	1.6182	-0.064083	9.087319e+00	1.069743e+03	1.620923e+01	47.4161	1	1
9	0	19.4486	3	0.7179	0.000000	5.408113e+00	9.798533e+02	6.094379e+00	55.2203	1	0
10	1	20.3153	2	0.5015	0.048091	4.494769e+00	4.274738e+02	4.573962e+00	100.0000	1	1
10	0	21.0321	2	0.4182	0.000000	7.619467e+00	1.328147e+03	8.111264e+00	54.7496	1	0
11	1	21.7591	4	0.7841	-0.160833	6.055463e+00	5.829649e+02	1.531831e+01	100.0000	0	1
11	0	22.6990	4	0.4515	0.000000	1.392619e+01	2.519791e+03	1.533679e+01	54.8870	1	0
12	1	23.3325	1	0.9683	-0.039144	1.748636e+00	1.743878e+02	5.333401e+00	1.7016	1	1
12	0	24.4493	1	0.4514	0.000000	5.183718e+00	1.053732e+03	8.782960e+00	82.6420	1	0
13	1	25.1746	3	0.6679	0.108043	4.584657e+00	5.508113e+02	1.085907e+01	94.6245	1	1
13	0	25.9911	3	0.7008	0.000000	8.423009e+00	1.553979e+03	1.012486e+01	54.4680	1	0
14	1	26.8241	4	0.7009	0.032075	4.623691e+00	4.567148e+02	7.002871e+00	3.0721	1	1
14	0	27.6738	4	0.6011	0.000000	8.696399e+00	1.556997e+03	1.712492e+01	89.4903	1	0
15	1	28.4068	2	0.4843	0.177264	7.314499e+00	7.206413e+02	1.677791e+01	100.0000	0	1
15	0	29.1333	2	0.4012	0.000000	1.559793e+01	2.742046e+03	1.726551e+01	53.5193	1	0
16	1	29.7669	1	0.7680	0.125978	9.756785e+00	1.049855e+03	1.247314e+01	69.0630	1	1
16	0	30.6728	1	0.4679	0.000000	7.666716e+00	1.615399e+03	1.164214e+01	54.1728	1	0
17	3	43.9356	3	1.8347	-0.003814	1.918973e+01	1.996115e+03	3.751741e+01	85.0519	1	1
17	0	45.9026	3	0.8181	0.000000	2.756154e+00	5.173608e+02	9.510841e+00	99.3140	1	0
18	3	46.8694	2	0.4011	0.582355	3.146778e+01	2.553553e+03	5.232996e+01	100.0000	0	1
18	0	47.5862	2	0.6678	0.000000	1.937537e+01	4.181020e+03	4.007203e+01	52.4658	1	0
19	3	48.3863	4	0.5015	0.366997	1.561707e+01	1.414920e+03	3.493274e+01	94.4546	0	1
19	0	49.1031	4	0.9013	0.000000	2.107439e+01	4.846868e+03	3.873512e+01	78.1152	1	0
20	3	50.1532	1	0.4849	0.624587	2.976684e+01	2.888165e+03	5.578704e+01	100.0000	0	1
20	0	50.8700	1	1.1518	0.000000	2.323168e+01	6.131817e+03	4.985932e+01	80.1833	1	0
21	3	52.1702	2	0.5845	0.472840	3.460588e+01	2.981470e+03	5.194273e+01	91.3757	0	1
21	0	52.8870	2	0.6844	0.000000	2.118687e+01	3.847090e+03	3.229780e+01	49.2883	1	0
22	3	53.7038	4	1.2016	-0.075399	8.925977e+00	8.619054e+02	1.951340e+01	72.7858	1	1
22	0	55.0373	4	0.6848	0.000000	9.688542e+00	1.870192e+03	2.003307e+01	97.3097	1	0
23	3	56.0541	1	0.9516	0.312871	2.169844e+01	2.246547e+03	3.647660e+01	78.9876	0	1
23	0	57.1544	1	1.0681	0.000000	2.063801e+01	4.660454e+03	4.781101e+01	83.1568	1	0
24	3	58.3545	3	2.3515	0.023318	1.508963e+01	3.784909e+03	3.630713e+01	32.7268	1	1
24	0	60.8460	3	0.6177	0.000000	9.796453e+00	1.740232e+03	1.319242e+01	54.6348	1	0
25	3	61.6124	1	0.4842	0.551510	3.106536e+01	2.685850e+03	5.252047e+01	100.0000	0	1
25	0	62.3385	1	1.1349	0.000000	2.606645e+01	7.514287e+03	5.345558e+01	77.7417	1	0
26	3	63.6284	3	1.4505	-0.036198	1.275072e+01	1.319730e+03	2.543025e+01	55.3427	1	1
26	0	65.2111	3	0.8010	0.000000	4.104268e+00	7.844849e+02	1.770713e+01	95.9143	1	0
27	3	66.1442	2	0.4009	0.343745	1.897956e+01	2.001473e+03	3.590591e+01	96.5192	0	1
27	0	66.8606	2	0.4012	0.000000	9.363976e+00	1.661960e+03	2.999743e+01	59.8648	1	0
28	3	67.5058	4	0.6721	0.104151	8.451057e+00	9.367907e+02	1.514288e+01	87.7501	1	1
28	0	68.3101	4	0.7674	0.000000	1.070643e+01	2.378165e+03	2.817247e+01	87.3173	1	0
29	3	69.2098	3	1.7005	-0.161116	1.774341e+01	2.175622e+03	3.811007e+01	72.9055	1	1
29	0	71.0592	3	0.7008	0.000000	9.019247e+00	1.688873e+03	2.383926e+01	81.4986	1	0
30	3	72.1755	2	0.5178	-0.027758	5.199382e+00	5.014356e+02	1.050624e+01	6.4535	1	1
30	0	72.8919	2	0.3676	0.000000	6.844139e+00	1.204127e+03	1.082332e+01	100.0000	1	0
31	3	73.6084	1	0.6345	0.388654	1.966737e+01	2.407288e+03	3.692283e+01	100.0000	0	1
31	0	74.3914	1	0.4012	0.000000	2.290141e+01	4.384447e+03	3.053901e+01	53.4828	1	0
32	3	75.0245	4	0.9342	0.019221	1.475119e+01	1.573589e+03	3.360018e+01	41.2729	1	1
32	0	76.0908	4	0.9346	0.000000	8.999845e+00	1.964391e+03	2.710329e+01	85.8178	1	0
33	3	77.1741	2	0.6011	0.177191	1.266952e+01	1.192847e+03	2.276735e+01	89.4357	0	1
33	0	77.9742	2	0.5345	0.000000	7.463204e+00	1.313688e+03	1.111573e+01	53.6838	1	0
34	3	78.6409	1	0.8179	0.101727	6.206854e+00	7.274293e+02	1.280972e+01	7.8527	1	1
34	0	79.6078	1	0.6682	0.000000	7.052136e+00	1.465817e+03	1.150589e+01	95.2734	1	0
35	3	80.4245	4	1.2347	0.021268	1.676888e+01	1.737476e+03	2.146556e+01	53.2691	1	1
35	0	81.8082	4	0.5845	0.000000	5.740901e+00	1.093329e+03	1.858223e+01	100.0000	1	0
36	3	82.5415	3	1.4680	-0.112240	1.107306e+01	1.093248e+03	2.267361e+01	80.8067	1	1
36	0	84.1417	3	0.9680	0.000000	7.883284e+00	1.408323e+03	1.107665e+01	53.7578	1	0
37	3	85.2419	2	0.4182	0.462179	2.722111e+01	2.345119e+03	4.640210e+01	96.2077	0	1
37	0	85.9587	2	0.5849	0.000000	1.294483e+01	2.300125e+03	1.534905e+01	99.3199	1	0
38	3	86.6923	1	0.7178	0.421392	1.842063e+01	2.153967e+03	4.058293e+01	100.0000	0	1
38	0	87.5590	1	1.0680	0.000000	2.487615e+01	6.027149e+03	3.590210e+01	42.9829	1	0
39	3	88.7591	3	0.9849	0.049370	7.906098e+00	8.148966e+02	1.726447e+01	59.4797	1	1
39	0	89.8927	3	0.8848	0.000000	4.703022e+00	8.167537e+02	8.551288e+00	69.8560	1	0
40	3	90.9261	4	1.0513	-0.035481	9.331470e+00	1.071340e+03	1.662456e+01	56.2393	1	1
40	0	92.1098	4	0.5843	0.000000	1.004703e+01	2.009525e+03	2.181376e+01	91.2754	1	0
41	3	92.8351	2	0.5679	0.053555	1.745224e+01	1.675779e+03	2.009616e+01	78.2803	1	1
41	0	93.5516	2	0.3843	0.000000	3.793561e+00	6.570848e+02	9.597137e+00	89.7706	1	0
42	3	94.2767	3	1.2846	-0.010918	2.247812e+01	2.438633e+03	3.794425e+01	74.9662	1	1
42	0	95.7176	3	0.9506	0.000000	6.530373e+00	1.161527e+03	1.890428e+01	67.0664	1	0
43	3	96.8005	4	1.4506	-0.099931	1.308663e+01	1.385621e+03	2.576167e+01	52.5241	1	1
43	0	98.3833	4	0.6345	0.000000	1.247873e+01	2.467155e+03	2.574188e+01	89.7542	1	0
44	3	99.3830	1	0.6341	0.333610	1.622396e+01	1.910667e+03	3.248933e+01	100.0000	0	1
44	0	100.1494	1	0.8508	0.000000	1.975181e+01	4.909515e+03	3.988531e+01	82.6123	1	0
45	3	101.1323	2	0.4843	0.225288	2.321168e+01	2.191007e+03	3.269757e+01	92.0911	1	1
45	0	101.8488	2	0.3511	0.000000	6.367204e+00	1.123827e+03	1.376375e+01	54.5128	1	0
46	3	102.5653	1	0.7508	0.093134	5.391314e+00	5.618898e+02	2.691829e+01	1.5503	1	1
46	0	103.4483	1	0.6009	0.000000	9.402154e+00	2.050008e+03	2.032552e+01	96.6590	1	0
47	3	104.1981	3	1.0008	-0.022682	8.088883e+00	7.861104e+02	1.299980e+01	55.7198	1	1
47	0	105.3477	3	0.5675	0.000000	7.694805e+00	1.340643e+03	1.325735e+01	74.1597	1	0
48	3	106.0641	4	1.0677	-0.074820	1.189842e+01	1.301373e+03	2.427105e+01	37.9181	1	1
48	0	107.2804	4	0.8340	0.000000	1.414899e+01	3.096726e+03	3.004402e+01	93.2298	1	0
49	3	108.2467	3	1.4006	0.007314	1.703854e+01	1.912154e+03	3.970994e+01	73.4805	1	1
49	0	109.7795	3	0.7341	0.000000	5.822611e+00	1.083871e+03	1.465948e+01	93.5949	1	0
50	3	110.6458	2	0.5181	0.307763	3.147697e+01	2.866701e+03	4.534282e+01	81.6435	1	1
50	0	111.3626	2	0.4345	0.000000	5.543968e+00	9.607608e+02	1.072716e+01	78.5581	1	0
51	3	112.0794	4	0.9183	0.075575	5.476815e+00	5.844101e+02	1.127566e+01	81.6279	1	1
51	0	113.1459	4	0.4518	0.000000	3.232253e+00	6.611162e+02	5.358187e+00	83.4404	1	0
52	3	113.8630	1	1.0179	0.072798	3.892121e+00	4.099044e+02	7.299106e+00	12.2496	1	1
52	0	115.0132	1	0.9679	0.000000	1.318521e+01	3.349209e+03	3.378894e+01	79.2675	1	0
53	3	116.1134	4	1.1345	0.023698	1.412241e+01	1.578624e+03	2.665252e+01	57.7958	1	1
53	0	117.3803	4	0.4681	0.000000	3.297623e+00	6.158492e+02	8.265692e+00	100.0000	1	0
54	3	118.0970	3	1.0014	-0.005798	9.794270e+00	9.944562e+02	2.333032e+01	75.4970	1	1
54	0	119.2471	3	0.4349	0.000000	5.325032e+00	9.751123e+02	1.710483e+01	70.1120	1	0
55	3	119.9640	2	0.5014	0.036700	6.689934e+00	6.360970e+02	1.220008e+01	93.5730	1	1
55	0	120.6807	2	0.3845	0.000000	1.239105e+00	2.115659e+02	3.722313e+00	81.1337	1	0
56	3	121.4089	1	0.8344	0.163375	8.500326e+00	8.743231e+02	1.832113e+01	4.1343	0	1
56	0	122.3976	1	0.5178	0.000000	1.749975e+01	3.698479e+03	3.768433e+01	92.0266	1	0
57	3	123.0478	3	1.1012	-0.112609	1.640744e+01	1.593376e+03	3.180246e+01	53.5404	1	1
57	0	124.2813	3	0.6511	0.000000	1.098664e+01	2.053363e+03	2.106157e+01	88.6695	1	0
58	3	125.0647	4	0.7348	0.020140	1.425762e+01	1.459594e+03	2.093429e+01	40.0125	1	1
58	0	125.9483	4	0.7511	0.000000	6.596938e+00	1.285225e+03	2.363132e+01	93.4786	1	0
59	3	127.0150	1	1.2680	0.166230	1.995841e+01	2.906396e+03	3.991284e+01	66.5388	1	1
59	0	128.4233	1	0.7676	0.000000	1.755721e+01	4.114133e+03	4.231868e+01	85.6604	1	0
60	3	129.3395	2	0.9175	0.177191	1.281206e+01	1.222282e+03	2.918884e+01	94.3182	0	1
60	0	130.3891	2	0.4343	0.000000	1.287832e+01	2.205473e+03	1.677110e+01	54.6887	1	0
61	3	131.0323	3	1.3846	-0.080151	9.241733e+00	1.098590e+03	2.341829e+01	9.4031	1	1
61	0	132.5551	3	0.4345	0.000000	6.947893e+00	1.287799e+03	1.632948e+01	100.0000	1	0
62	3	133.2716	4	0.8677	0.026315	7.849340e+00	8.828669e+02	1.802377e+01	1.0527	1	1
62	0	134.2712	4	0.4676	0.000000	4.399529e+00	8.179468e+02	1.767424e+01	100.0000	1	0
63	3	134.9877	2	0.5175	0.230181	1.254608e+01	1.242100e+03	2.434432e+01	97.2076	0	1
63	0	135.7164	2	0.8512	0.000000	1.727103e+01	3.545012e+03	2.593815e+01	92.5896	1	0
64	3	136.7038	1	0.8175	0.339056	1.778712e+01	2.048613e+03	3.184233e+01	97.6183	1	1
64	0	137.6700	1	0.4011	0.000000	6.217524e+00	1.200930e+03	1.699917e+01	100.0000	1	0
65	1	151.2854	2	0.6514	-0.315320	2.029426e+01	2.020430e+03	2.950696e+01	100.0000	0	1
65	0	152.0856	2	0.8515	0.000000	3.137508e+01	5.686335e+03	5.565738e+01	42.9250	1	0
66	1	153.0857	3	0.8179	-0.242474	1.701400e+01	1.602393e+03	2.939487e+01	86.9186	1	1
66	0	154.0357	3	0.7017	0.000000	5.329725e+00	9.657278e+02	9.371264e+00	55.5333	1	0
67	1	154.8861	1	0.6678	-0.163423	9.844588e+00	1.037917e+03	1.556284e+01	100.0000	1	1
67	0	155.6860	1	0.3846	0.000000	9.959789e+00	1.899973e+03	1.485601e+01	53.9854	1	0
68	1	156.4029	4	1.0512	-0.058599	1.961164e+01	1.916856e+03	2.957088e+01	79.0443	1	1
68	0	157.5864	4	0.8679	0.000000	1.393291e+01	2.802706e+03	4.793016e+01	92.8035	1	0
69	1	158.5866	3	1.0013	-0.151243	1.364647e+01	1.637743e+03	1.890954e+01	61.2119	1	1
69	0	159.7201	3	0.7012	0.000000	6.096543e+00	1.156834e+03	1.667913e+01	89.2486	1	0
70	1	160.5535	4	0.6178	-0.153855	5.708156e+00	5.950235e+02	1.458109e+01	100.0000	0	1
70	0	161.3203	4	0.6179	0.000000	1.873013e+01	3.758712e+03	2.214776e+01	51.9584	1	0
71	1	162.0871	1	0.7012	-0.115276	4.874552e+00	4.904104e+02	1.134623e+01	88.5045	1	1
71	0	162.9283	1	0.3346	0.000000	8.227124e+00	1.549158e+03	1.062622e+01	53.6111	1	0
72	1	163.6447	2	1.3340	-0.312901	2.089078e+01	2.168755e+03	2.972979e+01	12.0287	0	1
72	0	165.1108	2	0.4177	0.000000	2.119375e+01	3.808760e+03	3.016043e+01	50.2138	1	0
73	1	165.7543	1	1.1846	-0.023742	5.408138e+00	6.739774e+02	8.871580e+00	22.4417	1	1
73	0	167.0769	1	0.3843	0.000000	2.241351e+00	4.787576e+02	5.078276e+00	69.3884	1	0
74	1	167.7933	3	0.6675	-0.076772	1.317452e+01	1.264942e+03	2.042506e+01	55.8115	1	1
74	0	168.5930	3	0.7342	0.000000	6.131556e+00	1.135854e+03	8.616346e+00	52.8056	1	0
75	1	169.4594	4	0.7842	-0.144113	9.174711e+00	9.620775e+02	1.384713e+01	100.0000	1	1
75	0	170.3924	4	0.4343	0.000000	1.013895e+01	1.855246e+03	1.410194e+01	53.6719	1	0
76	1	171.1089	2	0.4179	-0.072067	6.660260e+00	6.346963e+02	6.851055e+00	100.0000	1	1
76	0	171.8253	2	0.2343	0.000000	5.132512e+00	9.095698e+02	7.859829e+00	53.7939	1	0
77	1	172.5417	3	1.0510	0.021387	6.875525e+00	7.554393e+02	1.553910e+01	93.4981	1	1
77	0	173.7246	3	0.3844	0.000000	2.573651e+00	4.489944e+02	4.066155e+00	58.9477	1	0
78	1	174.4411	1	0.6175	-0.022781	8.834520e-01	8.937250e+01	2.446147e+00	9.1547	1	1
78	0	175.2075	1	0.3845	0.000000	5.077717e+00	1.092670e+03	1.061992e+01	63.0176	1	0
79	1	175.9239	2	0.5346	-0.064083	5.495983e+00	5.357727e+02	1.244246e+01	1.8169	1	1
79	0	176.6403	2	0.2345	0.000000	6.997425e+00	1.247114e+03	7.607788e+00	53.3581	1	0
80	1	177.3567	4	0.4676	-0.304096	1.315173e+01	1.360778e+03	2.864221e+01	100.0000	0	1
80	0	178.0733	4	0.3342	0.000000	2.098363e+01	3.912082e+03	2.880996e+01	52.7762	1	0
81	3	191.2749	2	1.0179	0.249896	1.175592e+01	1.093300e+03	2.780038e+01	96.4228	0	1
81	0	192.4252	2	0.4180	0.000000	1.225485e+01	2.109725e+03	1.832875e+01	54.2332	1	0
82	3	193.1085	1	0.6678	0.394223	1.632434e+01	1.864180e+03	3.830390e+01	100.0000	0	1
82	0	193.9087	1	0.6513	0.000000	2.980194e+01	6.478478e+03	4.328931e+01	91.5108	1	0
83	3	194.6920	3	0.8349	0.182773	1.546879e+01	1.465273e+03	2.993871e+01	73.3216	1	1
83	0	195.6756	3	0.5510	0.000000	7.583842e+00	1.411619e+03	1.695317e+01	53.4830	1	0
84	3	196.4004	4	0.6009	0.237547	1.975970e+01	1.973405e+03	3.025876e+01	83.0798	1	1
84	0	197.1501	4	0.7176	0.000000	1.251257e+01	2.575424e+03	2.140329e+01	96.4340	1	0
85	3	198.0164	1	0.7343	0.315036	2.135429e+01	2.418612e+03	3.784623e+01	81.6402	0	1
85	0	198.8995	1	0.9675	0.000000	1.856630e+01	3.963543e+03	4.142475e+01	82.7163	1	0
86	3	200.0158	2	1.5674	-0.048819	2.439138e+01	2.429019e+03	4.122336e+01	82.5555	1	1
86	0	201.7319	2	0.5509	0.000000	7.957951e+00	1.489581e+03	2.140329e+01	99.2718	1	0
87	3	202.4483	4	0.9177	-0.041225	6.995275e+00	7.188269e+02	2.181932e+01	32.1814	1	1
87	0	203.5147	4	0.3511	0.000000	6.649679e+00	1.308693e+03	9.898676e+00	53.0197	1	0
88	3	204.2311	3	0.6342	0.380957	2.302469e+01	2.110349e+03	4.410795e+01	82.0306	0	1
88	0	205.0141	3	0.9674	0.000000	1.641145e+01	3.240233e+03	2.504395e+01	90.5604	1	0
89	3	206.1137	4	2.2007	0.075036	1.413223e+01	4.221392e+03	2.513390e+01	26.3523	1	1
89	0	208.4629	4	0.7341	0.000000	5.292916e+00	1.070149e+03	1.311084e+01	100.0000	1	0
90	3	209.3293	1	0.6512	0.434549	2.681752e+01	2.657895e+03	4.198481e+01	100.0000	0	1
90	0	210.1291	1	0.8841	0.000000	2.836740e+01	7.330216e+03	4.978564e+01	85.0270	1	0
91	3	211.1620	3	0.8677	0.051477	1.122465e+01	1.125680e+03	2.544810e+01	80.5159	1	1
91	0	212.1784	3	0.6009	0.000000	5.011101e+00	9.031721e+02	1.368176e+01	62.5775	1	0
92	3	212.9284	2	0.5176	0.724078	2.900001e+01	2.163632e+03	6.302948e+01	100.0000	0	1
92	0	213.6449	2	0.4845	0.000000	3.077957e+01	5.845497e+03	5.558252e+01	40.8272	1	0
93	3	214.3617	4	0.5513	0.265894	3.003947e+01	3.088740e+03	3.679308e+01	54.3802	0	1
93	0	215.0785	4	0.3347	0.000000	1.710619e+01	3.119860e+03	2.326338e+01	55.1775	1	0
94	3	215.7119	1	0.8515	0.195675	1.497478e+01	1.682709e+03	1.919179e+01	100.0000	0	1
94	0	216.6955	1	0.8178	0.000000	2.298377e+01	5.632178e+03	5.028892e+01	94.0249	1	0
95	3	217.6622	3	0.7348	-0.002982	8.469786e+00	8.540475e+02	2.129110e+01	86.7073	1	1
95	0	218.5291	3	0.4681	0.000000	9.532158e+00	1.735185e+03	1.430562e+01	54.2174	1	0
96	3	219.2458	2	0.4181	0.372356	1.896356e+01	1.684169e+03	3.700894e+01	95.1626	0	1
96	0	219.9627	2	0.5181	0.000000	1.572921e+01	3.269830e+03	3.524828e+01	52.6019	1	0
97	3	220.6294	1	0.7680	0.283239	1.568030e+01	1.806589e+03	2.900770e+01	100.0000	0	1
97	0	221.5295	1	0.5014	0.000000	2.564118e+01	5.938266e+03	3.788231e+01	92.1025	1	0
98	3	222.1630	4	0.5345	0.455641	2.065398e+01	1.837720e+03	4.276375e+01	100.0000	0	1
98	0	222.8914	4	0.6012	0.000000	2.810599e+01	6.280266e+03	3.726891e+01	42.6215	1	0
99	3	223.6299	3	1.2846	-0.079028	1.523276e+01	1.855343e+03	4.260725e+01	67.4796	1	1
99	0	225.0467	3	1.3012	0.000000	1.138649e+01	2.224354e+03	3.905684e+01	67.2092	1	0
100	3	226.4803	2	0.9513	-0.098167	8.844776e+00	9.278169e+02	1.899854e+01	65.0093	1	1
100	0	227.5637	2	0.7850	0.000000	8.949623e+00	1.603920e+03	1.761858e+01	99.2862	1	0
101	3	228.9639	4	1.4181	-0.071752	1.172541e+01	1.341795e+03	1.685056e+01	4.2984	1	1
101	0	230.5222	4	0.8674	0.000000	1.618851e+01	3.262294e+03	3.352235e+01	82.8304	1	0
102	3	231.5218	1	1.1011	0.272405	1.930383e+01	3.420923e+03	6.015862e+01	30.3530	0	1
102	0	232.7715	1	0.4841	0.000000	1.650496e+01	3.280590e+03	2.518315e+01	49.0760	1	0
103	3	233.7712	2	0.7508	-0.027758	1.316852e+01	1.274177e+03	1.997982e+01	52.0604	1	1
103	0	234.6541	2	0.3510	0.000000	6.523325e+00	1.127887e+03	9.492299e+00	55.0619	1	0
104	3	235.3706	3	0.9840	0.335992	1.599150e+01	1.835932e+03	4.661530e+01	88.0981	1	1
104	0	236.4868	3	0.6510	0.000000	3.161561e+00	5.474104e+02	1.659165e+01	57.8127	1	0
105	3	237.2699	4	1.0007	-0.018000	1.171575e+01	1.261696e+03	2.063142e+01	88.4223	1	1
105	0	238.5528	4	0.7509	0.000000	8.190509e+00	1.556619e+03	1.988076e+01	92.8485	1	0
106	3	239.4359	2	0.6009	-0.016034	4.526418e+00	4.329036e+02	9.512268e+00	95.5034	1	1
106	0	240.1856	2	0.4679	0.000000	8.611813e+00	1.495594e+03	1.421073e+01	54.6840	1	0
107	3	240.9021	3	1.0173	0.201046	1.268447e+01	1.495656e+03	3.320299e+01	87.2656	1	1
107	0	242.0517	3	0.6012	0.000000	4.063825e+00	7.306328e+02	7.720710e+00	97.9492	1	0
108	3	242.8014	1	0.5013	0.421155	2.524649e+01	2.508742e+03	4.451360e+01	100.0000	0	1
108	0	243.5178	1	1.0677	0.000000	2.245414e+01	5.696125e+03	3.518550e+01	43.9970	1	0
109	3	244.7341	2	0.7675	-0.091064	4.571274e+00	4.598982e+02	8.652492e+00	100.0000	1	1
109	0	245.6338	2	0.6176	0.000000	1.205299e+01	2.066911e+03	1.333101e+01	55.8066	1	0
110	3	246.4001	1	1.4013	0.084651	9.714697e+00	1.307233e+03	1.853714e+01	11.5795	1	1
110	0	247.9335	1	0.4345	0.000000	9.339230e+00	1.868582e+03	1.534781e+01	54.8360	1	0
111	3	248.6503	3	0.8345	0.284245	2.225895e+01	2.691432e+03	4.412258e+01	77.4147	0	1
111	0	249.6172	3	0.7515	0.000000	1.136322e+01	2.123810e+03	1.941558e+01	51.7812	1	0
112	3	250.5173	4	0.9012	-0.029527	1.337263e+01	1.553075e+03	2.401767e+01	73.1271	1	1
112	0	251.5508	4	0.5178	0.000000	6.160871e+00	1.164847e+03	1.571283e+01	100.0000	1	0
113	3	252.2676	1	0.6515	0.407840	2.322780e+01	2.582747e+03	3.904952e+01	100.0000	0	1
113	0	253.0510	1	0.4178	0.000000	2.507849e+01	5.197443e+03	3.861167e+01	52.7841	1	0
114	3	254.3179	4	0.9179	0.007041	4.888036e+00	5.715866e+02	1.066532e+01	67.8391	1	1
114	0	255.3681	4	0.6011	0.000000	5.849108e+00	1.093548e+03	1.852441e+01	100.0000	1	0
115	3	256.1014	2	0.4682	0.343745	2.677674e+01	2.445921e+03	4.253861e+01	92.6059	0	1
115	0	256.8183	2	0.4186	0.000000	5.109110e+00	8.953492e+02	9.934355e+00	56.8971	1	0
116	3	257.4631	3	2.8001	0.250590	8.514609e+00	2.594305e+03	2.539071e+01	99.1551	0	1
116	0	260.4022	3	0.7012	0.000000	1.810055e+01	3.525402e+03	2.579344e+01	50.4062	1	0
117	3	261.4857	1	0.8681	0.278620	1.537091e+01	1.980878e+03	2.742757e+01	100.0000	0	1
117	0	262.5024	1	1.2850	0.000000	2.229133e+01	6.762330e+03	3.785494e+01	83.8538	1	0
118	3	263.9443	2	0.8345	0.700863	3.865944e+01	4.018212e+03	6.599571e+01	93.2308	0	1
118	0	264.9272	2	0.4010	0.000000	2.920837e+01	5.344088e+03	4.391006e+01	46.2906	1	0
119	3	265.6439	4	1.3171	-0.132998	1.027417e+01	1.377233e+03	1.958181e+01	66.8292	1	1
119	0	267.0933	4	0.5509	0.000000	1.544467e+01	3.072900e+03	2.711084e+01	93.9994	1	0
120	3	267.8096	3	1.1511	0.211479	1.146032e+01	1.559115e+03	2.697950e+01	96.7478	1	1
120	0	269.1093	3	0.4845	0.000000	5.248465e+00	1.034499e+03	1.465209e+01	67.7902	1	0
121	3	269.8256	1	0.7345	0.478417	2.285915e+01	2.021600e+03	4.403737e+01	100.0000	0	1
121	0	270.7087	1	0.4175	0.000000	3.281562e+01	7.012429e+03	4.711704e+01	49.0865	1	0
122	3	271.3539	4	2.7217	0.117747	1.176730e+01	4.845640e+03	2.634206e+01	7.5279	1	1
122	0	274.2242	4	0.6342	0.000000	4.361916e+00	8.483567e+02	5.561729e+00	54.6013	1	0
123	3	274.9906	2	0.5345	-0.006137	1.391920e+01	1.336653e+03	1.709163e+01	82.7225	0	1
123	0	275.7070	2	0.5009	0.000000	2.587206e+01	5.122822e+03	3.910962e+01	54.1169	1	0
124	3	276.3568	3	1.0843	-0.207155	1.399381e+01	1.671325e+03	2.191799e+01	93.4405	0	1
124	0	277.5896	3	1.2343	0.000000	2.020425e+01	3.815641e+03	4.039134e+01	70.5242	1	0
125	3	278.9559	1	0.6012	0.642400	3.168945e+01	3.235249e+03	5.746147e+01	100.0000	0	1
125	0	279.7057	1	0.7510	0.000000	3.813188e+01	8.188825e+03	6.320109e+01	46.0040	1	0
126	3	280.5887	2	0.8844	0.077209	1.714806e+01	1.956373e+03	2.619725e+01	45.5986	1	1
126	0	281.6054	2	0.8015	0.000000	2.507177e+00	4.477304e+02	1.266411e+01	100.0000	1	0
127	3	283.4556	4	0.8678	0.117095	6.755945e+00	7.943012e+02	1.372438e+01	81.5029	1	1
127	0	284.4559	4	0.4344	0.000000	4.612482e+00	9.107146e+02	7.304540e+00	53.8600	1	0
128	3	285.1726	3	0.9346	0.105374	2.284208e+01	2.363790e+03	3.180005e+01	43.4164	1	1
128	0	286.2395	3	0.3848	0.000000	7.099793e+00	1.437759e+03	1.373654e+01	74.9407	1	0
129	1	299.4915	3	2.6849	-0.074331	1.742247e+01	2.899787e+03	3.305825e+01	91.4122	1	1
129	0	302.3148	3	1.1839	0.000000	1.300315e+01	2.426331e+03	2.194382e+01	78.3214	1	0
130	1	303.6309	2	0.6343	-0.446389	1.257345e+01	1.168650e+03	4.107596e+01	100.0000	0	1
130	0	304.3974	2	0.5845	0.000000	2.932255e+01	5.109624e+03	5.251920e+01	46.6450	1	0
131	1	305.1305	1	0.8174	0.033579	4.275092e+00	4.555836e+02	1.349914e+01	3.4547	1	1
131	0	306.0968	1	0.4513	0.000000	5.578267e+00	1.051728e+03	1.077472e+01	97.9551	1	0
132	1	306.8132	4	0.8174	-0.310658	2.508905e+01	2.845740e+03	3.565371e+01	8.2319	0	1
132	0	307.7795	4	0.5009	0.000000	1.753834e+01	3.328721e+03	2.699208e+01	51.9733	1	0
133	1	308.4293	2	1.0177	-0.305623	1.114040e+01	1.071185e+03	2.862845e+01	100.0000	0	1
133	0	309.5956	2	0.4009	0.000000	2.357611e+01	3.875597e+03	3.273696e+01	54.5108	1	0
134	1	310.2286	1	1.3674	-0.050759	6.086721e+00	6.246043e+02	2.950090e+01	8.1431	1	1
134	0	311.7282	1	0.4343	0.000000	5.187245e+00	1.057264e+03	9.816700e+00	100.0000	1	0
135	1	312.4446	4	0.6846	-0.240582	1.143321e+01	1.371147e+03	2.273101e+01	100.0000	0	1
135	0	313.2778	4	0.8843	0.000000	1.898630e+01	3.719226e+03	2.878570e+01	96.9067	1	0
136	1	314.3107	3	1.2180	-0.249343	1.473846e+01	1.982333e+03	2.606295e+01	84.2298	0	1
136	0	315.6607	3	0.9345	0.000000	1.564733e+01	2.969563e+03	2.470205e+01	52.8454	1	0
137	1	316.7275	2	0.6845	-0.295866	5.402095e+00	5.046673e+02	2.774182e+01	100.0000	0	1
137	0	317.5443	2	0.8180	0.000000	2.329271e+01	5.077260e+03	4.092908e+01	39.7448	1	0
138	1	318.5112	4	0.8011	-0.238065	1.506793e+01	1.430273e+03	2.515458e+01	93.1511	0	1
138	0	319.4445	4	0.6349	0.000000	1.538996e+01	3.096848e+03	2.136291e+01	96.3231	1	0
139	1	320.2280	1	2.7848	-0.049439	6.415208e+00	2.465298e+03	1.818872e+01	38.3822	1	1
139	0	323.1452	1	0.3343	0.000000	2.729991e+00	5.600364e+02	5.829090e+00	100.0000	1	0
140	1	323.8619	3	0.7681	-0.521734	2.061780e+01	2.030966e+03	4.741963e+01	100.0000	0	1
140	0	324.7620	3	0.7345	0.000000	2.167896e+01	4.129185e+03	3.573076e+01	50.0248	1	0
141	1	325.6288	4	0.5679	-0.129931	7.862007e+00	8.290927e+02	1.236068e+01	100.0000	1	1
141	0	326.3456	4	0.5179	0.000000	1.023401e+01	1.911214e+03	1.336712e+01	54.1903	1	0
142	1	327.0731	2	0.8841	-0.355837	1.917518e+01	1.795662e+03	3.314679e+01	100.0000	0	1
142	0	328.0958	2	0.4350	0.000000	2.770108e+01	4.692011e+03	3.316815e+01	52.9702	1	0
143	1	328.7293	1	2.0679	0.049568	2.063614e+00	2.752886e+02	4.827723e+00	100.0000	1	1
143	0	330.9384	1	0.4344	0.000000	7.707834e+00	1.670962e+03	1.123691e+01	81.2321	1	0
144	1	331.6549	3	0.7507	-0.280041	2.411146e+01	2.256421e+03	3.098530e+01	59.3988	0	1
144	0	332.5379	3	0.8678	0.000000	1.966175e+01	3.736232e+03	2.470187e+01	69.1048	1	0
145	3	346.1166	1	0.9011	0.508176	2.744573e+01	2.426014e+03	4.815376e+01	100.0000	0	1
145	0	347.1663	1	0.9841	0.000000	3.367896e+01	8.203245e+03	5.065512e+01	43.3113	1	0
146	3	348.2993	2	0.7176	0.215546	2.366227e+01	2.233887e+03	3.389395e+01	78.7643	1	1
146	0	349.1658	2	0.5015	0.000000	6.763646e+00	1.178662e+03	1.333101e+01	56.3457	1	0
147	3	349.8825	4	0.5848	0.130106	8.131429e+00	1.058526e+03	1.264134e+01	100.0000	1	1
147	0	350.6160	4	0.5845	0.000000	8.769177e+00	1.724445e+03	1.685896e+01	53.5236	1	0
148	3	351.3494	3	0.6514	0.361921	2.171621e+01	1.973371e+03	4.353681e+01	92.3355	0	1
148	0	352.1496	3	1.1015	0.000000	9.575579e+00	1.691003e+03	1.671224e+01	90.9109	1	0
149	3	353.3998	4	0.5181	0.205864	1.212890e+01	1.297981e+03	1.944926e+01	100.0000	0	1
149	0	354.1165	4	0.6345	0.000000	1.187429e+01	2.354437e+03	1.529573e+01	49.9601	1	0
150	3	354.8833	1	1.1010	0.558068	2.461546e+01	2.734685e+03	5.078896e+01	100.0000	0	1
150	0	356.1168	1	1.1515	0.000000	3.117321e+01	7.443984e+03	4.579108e+01	91.2387	1	0
151	3	357.4170	3	0.8178	0.281743	1.289990e+01	1.377183e+03	2.666590e+01	100.0000	0	1
151	0	358.3672	3	0.7514	0.000000	1.324595e+01	2.363133e+03	1.602938e+01	54.0160	1	0
152	3	359.2673	2	0.4511	0.653873	3.117963e+01	2.368931e+03	5.787444e+01	100.0000	0	1
152	0	359.9840	2	0.5681	0.000000	2.362734e+01	4.354215e+03	3.613167e+01	47.9113	1	0
153	3	360.7009	3	1.3180	-0.067483	2.440780e+01	3.225838e+03	5.089452e+01	80.6171	1	1
153	0	362.1677	3	0.8182	0.000000	3.834330e+00	7.075337e+02	1.313190e+01	94.6142	1	0
154	3	363.1346	2	0.5845	0.348927	2.772146e+01	2.493769e+03	3.851473e+01	93.9085	0	1
154	0	363.8606	2	0.5176	0.000000	2.976020e+01	5.290347e+03	3.833509e+01	54.4044	1	0
155	3	364.5181	1	0.6346	0.533881	2.448393e+01	2.927970e+03	5.036002e+01	100.0000	0	1
155	0	365.2848	1	0.4512	0.000000	3.253059e+01	6.786066e+03	5.460837e+01	48.5108	1	0
156	3	367.1263	4	0.9008	0.031063	1.631480e+01	1.847080e+03	2.709945e+01	51.1735	1	1
156	0	368.1759	4	0.4180	0.000000	2.248937e+00	4.155511e+02	1.333661e+01	100.0000	1	0
157	3	368.8924	2	2.1173	-0.211281	1.607422e+01	3.747926e+03	3.523710e+01	40.0224	0	1
157	0	371.1582	2	0.7842	0.000000	1.612342e+01	2.782686e+03	3.252872e+01	63.3145	1	0
158	3	372.0746	1	1.0676	0.656309	3.312479e+01	3.264826e+03	6.395725e+01	100.0000	0	1
158	0	373.2909	1	0.7342	0.000000	3.719260e+01	9.175576e+03	6.350074e+01	39.8447	1	0
159	3	374.1739	4	0.7177	0.127314	1.866699e+01	1.943819e+03	2.675870e+01	48.0294	1	1
159	0	375.0236	4	0.4176	0.000000	3.007004e+00	5.927476e+02	4.571961e+00	94.2041	1	0
160	3	375.7400	3	0.5676	0.286143	2.062937e+01	1.952794e+03	3.215416e+01	94.2238	1	1
160	0	376.4565	3	0.6009	0.000000	8.603974e+00	1.501245e+03	1.608030e+01	79.1282	1	0
161	3	377.2062	4	0.7345	0.093201	2.067156e+01	2.497244e+03	3.125958e+01	45.8792	1	1
161	0	378.0892	4	0.7009	0.000000	8.831346e+00	1.807898e+03	2.106497e+01	95.5387	1	0
162	3	378.9223	3	0.5842	-0.240639	1.076994e+01	1.194474e+03	2.392627e+01	95.8564	0	1
162	0	379.6554	3	0.6342	0.000000	2.141338e+01	4.062670e+03	4.498484e+01	60.0447	1	0
163	3	380.4384	1	0.7842	0.451913	2.321583e+01	2.035028e+03	4.177160e+01	100.0000	0	1
163	0	381.3548	1	0.7679	0.000000	2.805328e+01	6.636338e+03	4.504528e+01	44.7241	1	0
164	3	382.2712	2	0.7179	-0.071160	7.163805e+00	6.854709e+02	1.054377e+01	4.9267	1	1
164	0	383.1377	2	1.6349	0.000000	7.223894e+00	1.352464e+03	9.644769e+00	83.5985	1	0
165	3	384.9213	3	0.7845	0.245299	1.732962e+01	2.009636e+03	3.418561e+01	75.4395	0	1
165	0	385.8547	3	0.5679	0.000000	1.613274e+01	3.008716e+03	2.137075e+01	72.1908	1	0
166	3	386.5716	2	0.5514	0.217976	2.038573e+01	1.893739e+03	3.280859e+01	88.8124	1	1
166	0	387.2884	2	0.4010	0.000000	3.529508e+00	6.058389e+02	8.496020e+00	78.7730	1	0
167	3	388.0050	4	1.4179	-0.062555	9.344166e+00	1.201878e+03	1.986769e+01	71.5018	1	1
167	0	389.5553	4	0.5848	0.000000	1.029510e+01	2.057960e+03	2.362428e+01	95.0970	1	0
168	3	390.2888	1	0.8344	0.611606	2.641772e+01	2.627710e+03	5.463168e+01	100.0000	0	1
168	0	391.2555	1	0.8346	0.000000	3.727707e+01	8.345894e+03	5.192463e+01	88.7207	1	0
169	3	392.2391	2	0.5012	0.092548	8.063166e+00	7.663826e+02	1.625629e+01	95.4231	1	1
169	0	392.9558	2	0.4345	0.000000	1.489482e+01	2.633333e+03	2.156738e+01	54.6334	1	0
170	3	393.6840	3	1.0177	0.310524	1.316303e+01	1.322576e+03	3.179251e+01	86.5067	0	1
170	0	394.8394	3	0.8845	0.000000	2.654519e+01	5.124964e+03	4.284454e+01	82.7914	1	0
171	3	395.8563	4	0.9682	0.098977	3.592443e+01	4.141082e+03	5.452422e+01	47.9176	1	1
171	0	396.9564	4	0.4678	0.000000	2.768398e+00	5.235958e+02	5.515717e+00	58.1779	1	0
172	3	397.6732	1	1.4846	0.112305	1.393901e+01	1.945106e+03	3.340874e+01	59.8412	1	1
172	0	399.3154	1	0.6842	0.000000	1.574921e+01	3.522670e+03	3.643000e+01	92.4079	1	0
173	3	400.1318	3	0.7009	0.128053	1.457630e+01	1.403304e+03	2.499244e+01	78.0354	1	1
173	0	400.9816	3	0.7342	0.000000	1.141089e+01	2.044271e+03	1.477918e+01	78.3578	1	0
174	3	401.8645	4	0.7510	0.119353	1.790818e+01	1.858695e+03	2.582040e+01	48.6398	1	1
174	0	402.7642	4	0.5676	0.000000	6.953687e+00	1.232537e+03	9.632732e+00	54.4136	1	0
175	3	403.4807	1	0.9674	0.484657	2.731500e+01	2.718267e+03	4.563319e+01	100.0000	0	1
175	0	404.5804	1	1.2339	0.000000	2.665765e+01	6.163271e+03	3.950731e+01	40.0837	1	0
176	3	405.9632	2	1.0341	0.011971	1.538103e+01	1.567410e+03	2.187162e+01	57.1939	1	1
176	0	407.1461	2	0.4012	0.000000	7.946186e+00	1.362784e+03	1.205246e+01	56.2198	1	0
177	3	407.8625	4	0.6175	0.091360	1.031832e+01	1.155784e+03	1.415006e+01	57.3968	1	1
177	0	408.6290	4	0.5344	0.000000	4.542315e+00	8.966148e+02	7.105920e+00	48.7136	1	0
178	3	409.3453	1	0.9677	0.430668	2.532730e+01	2.939258e+03	4.216447e+01	100.0000	0	1
178	0	410.4617	1	0.8840	0.000000	2.884521e+01	6.900016e+03	4.319740e+01	44.5503	1	0
179	3	411.4781	2	1.2510	-0.208329	1.540545e+01	1.749073e+03	2.896287e+01	36.3194	0	1
179	0	412.8775	2	0.7341	0.000000	2.228613e+01	3.786164e+03	2.724698e+01	67.6528	1	0
180	3	413.7440	3	1.0009	0.188346	8.656573e+00	9.541314e+02	2.207960e+01	90.8644	0	1
180	0	414.8935	3	0.7675	0.000000	1.901035e+01	3.828604e+03	2.986221e+01	90.5684	1	0
181	3	415.7932	4	1.8674	-0.069324	7.732292e+00	1.103631e+03	1.345284e+01	20.0885	1	1
181	0	417.7930	4	0.8012	0.000000	5.923208e+00	1.154437e+03	1.242384e+01	100.0000	1	0
182	3	418.7264	3	1.0513	0.185275	1.833100e+01	1.763259e+03	3.273581e+01	85.8286	1	1
182	0	419.9100	3	0.7345	0.000000	9.701348e+00	1.823409e+03	1.794895e+01	66.4270	1	0
183	3	420.7768	1	0.6181	0.395439	2.263609e+01	2.115167e+03	3.802381e+01	100.0000	0	1
183	0	421.5269	1	0.6012	0.000000	2.650133e+01	5.999763e+03	4.417095e+01	47.3816	1	0
184	3	422.7104	2	1.1845	0.137573	1.117880e+01	1.364353e+03	2.086958e+01	96.2722	1	1
184	0	424.0273	2	0.4011	0.000000	3.068832e+00	5.407423e+02	6.242331e+00	90.5588	1	0
185	3	424.7440	3	0.8682	0.003877	1.410019e+01	1.663112e+03	3.236219e+01	83.1354	0	1
185	0	425.7608	3	0.6515	0.000000	1.643798e+01	2.974468e+03	2.350682e+01	79.8010	1	0
186	3	426.5611	1	0.7347	0.494811	2.786105e+01	2.516455e+03	4.614835e+01	100.0000	0	1
186	0	427.4445	1	0.8680	0.000000	2.698498e+01	7.080654e+03	4.355644e+01	40.6630	1	0
187	3	428.6947	2	0.8013	-0.018000	6.760541e+00	6.737482e+02	1.165087e+01	91.8331	0	1
187	0	429.6448	2	0.9512	0.000000	1.857113e+01	3.381542e+03	2.501997e+01	75.7330	1	0
188	3	431.1785	4	0.9511	0.075036	6.571376e+00	1.005885e+03	9.526966e+00	39.0885	1	1
188	0	432.2619	4	0.5178	0.000000	2.619207e+00	5.143275e+02	9.215073e+00	100.0000	1	0
189	3	432.9874	2	0.5512	0.001865	7.323227e+00	6.967802e+02	1.159730e+01	88.4693	1	1
189	0	433.7040	2	0.4175	0.000000	4.911176e+00	8.361625e+02	9.325243e+00	56.0182	1	0
190	3	434.4202	3	0.7342	0.081453	1.556569e+01	1.653476e+03	3.697455e+01	82.0035	1	1
190	0	435.3033	3	0.6009	0.000000	6.462349e+00	1.198047e+03	2.112293e+01	94.4052	1	0
191	3	436.0531	1	0.4676	0.350103	1.993349e+01	2.067872e+03	3.385645e+01	100.0000	0	1
191	0	436.7695	1	0.3342	0.000000	1.659803e+01	3.539877e+03	2.286386e+01	53.8143	1	0
192	3	437.4127	4	1.6015	0.068544	8.718079e+00	2.318282e+03	3.010315e+01	12.0939	1	1
192	0	439.1687	4	0.4511	0.000000	4.550011e+00	8.735287e+02	9.137686e+00	100.0000	1	0
193	1	452.4483	3	1.5846	-0.074727	1.297702e+01	1.838009e+03	2.117651e+01	66.8564	1	1
193	0	454.1653	3	0.7682	0.000000	7.974585e+00	1.484981e+03	1.912134e+01	83.1461	1	0
194	1	455.0820	2	0.6347	-0.437651	1.395305e+01	1.517203e+03	4.032447e+01	100.0000	0	1
194	0	455.8654	2	0.5346	0.000000	2.451695e+01	4.362078e+03	3.662825e+01	49.3556	1	0
195	1	456.5989	1	0.7516	-0.106547	7.075398e+00	7.220663e+02	1.033932e+01	83.4045	1	1
195	0	457.4991	1	0.6511	0.000000	1.005041e+01	1.989169e+03	1.113682e+01	85.5141	1	0
196	1	458.2992	4	0.8678	-0.390871	1.895826e+01	1.707438e+03	3.692882e+01	100.0000	0	1
196	0	459.2993	4	1.1179	0.000000	2.956124e+01	5.423912e+03	4.330200e+01	51.8702	1	0
197	1	460.5496	3	0.9012	-0.151243	8.651236e+00	1.048484e+03	1.457353e+01	98.2700	1	1
197	0	461.5831	3	0.8012	0.000000	1.429233e+01	2.694831e+03	1.767194e+01	88.1857	1	0
198	1	462.5331	2	0.7679	-0.192764	7.995910e+00	7.689144e+02	1.822746e+01	100.0000	0	1
198	0	463.4333	2	0.7512	0.000000	1.422708e+01	2.385169e+03	2.202679e+01	55.2777	1	0
199	1	464.3168	1	0.9516	-0.091606	7.476577e+00	7.467879e+02	1.891991e+01	3.9878	1	1
199	0	465.4169	1	0.3679	0.000000	6.768934e+00	1.368653e+03	8.874895e+00	54.0505	1	0
200	1	466.1430	4	1.0341	-0.275480	1.870414e+01	2.094500e+03	3.071028e+01	95.7925	0	1
200	0	467.3173	4	0.8512	0.000000	1.311380e+01	2.534536e+03	1.793044e+01	99.4872	1	0
201	1	468.3089	2	2.2670	-0.103903	1.960032e+01	2.529454e+03	2.608113e+01	91.2830	0	1
201	0	470.7248	2	1.0340	0.000000	1.438528e+01	2.532615e+03	2.503477e+01	54.3062	1	0
202	1	471.8910	3	0.8842	0.023868	9.259792e+00	9.643606e+02	1.475164e+01	83.3175	1	1
202	0	472.9073	3	0.7676	0.000000	7.539338e+00	1.448579e+03	1.588186e+01	91.7464	1	0
203	1	473.8069	1	1.0342	-0.124355	6.342865e+00	6.055488e+02	1.186461e+01	100.0000	1	1
203	0	474.9899	1	0.3513	0.000000	8.149858e+00	1.458698e+03	1.086886e+01	53.2405	1	0
204	1	475.7064	4	2.1506	0.037416	1.901604e+01	2.169973e+03	2.320399e+01	67.0787	1	1
204	0	478.0056	4	0.3013	0.000000	2.337692e+00	4.289728e+02	8.472563e+00	100.0000	1	0
205	1	478.7221	1	0.7843	-0.173182	5.500600e+00	5.815945e+02	1.723659e+01	93.8066	0	1
205	0	479.6550	1	0.4343	0.000000	1.012146e+01	1.998593e+03	1.658320e+01	52.9342	1	0
206	1	480.2882	3	0.9842	-0.160413	1.274584e+01	1.272991e+03	1.665578e+01	49.2768	1	1
206	0	481.4211	3	0.9175	0.000000	1.431225e+01	2.698414e+03	2.456365e+01	59.6710	1	0
207	1	482.4875	2	2.1504	-0.151243	3.109941e+01	3.862616e+03	4.359318e+01	60.7521	0	1
207	0	484.7701	2	0.4012	0.000000	1.696119e+01	2.982846e+03	1.774733e+01	53.3005	1	0
208	1	485.4033	4	2.1013	-0.021387	8.117741e+00	9.371388e+02	2.326169e+01	88.6655	1	1
208	0	487.6370	4	0.7511	0.000000	1.166559e+01	2.296136e+03	3.091179e+01	96.5502	1	0
209	3	501.0724	4	0.9681	0.237689	2.724859e+01	3.475625e+03	3.570585e+01	61.2212	0	1
209	0	502.1889	4	0.5515	0.000000	1.335398e+01	2.508596e+03	2.163612e+01	54.4555	1	0
210	3	502.8972	2	0.6010	0.235088	1.941034e+01	1.797069e+03	3.485369e+01	93.0205	1	1
210	0	503.6470	2	0.4178	0.000000	2.351515e+00	4.083529e+02	7.897181e+00	100.0000	1	0
211	3	504.3730	3	1.3512	-0.069324	1.487497e+01	2.016350e+03	2.950532e+01	79.1716	1	1
211	0	505.8629	3	0.6842	0.000000	8.075166e+00	1.423710e+03	2.388575e+01	58.8526	1	0
212	3	506.6960	1	2.1003	0.254684	1.054117e+01	1.088510e+03	2.441986e+01	100.0000	0	1
212	0	508.9452	1	0.4009	0.000000	1.183193e+01	2.147860e+03	1.885559e+01	54.5160	1	0
213	3	509.5783	4	0.5346	0.330835	1.425229e+01	1.340159e+03	3.177050e+01	95.3629	0	1
213	0	510.3071	4	0.6513	0.000000	1.642031e+01	3.328714e+03	2.733290e+01	45.0879	1	0
214	3	511.0946	3	0.7344	0.235088	1.210218e+01	1.176875e+03	2.700956e+01	94.2923	1	1
214	0	511.9609	3	0.6176	0.000000	7.997041e+00	1.470609e+03	1.592601e+01	75.4564	1	0
215	3	512.7273	2	0.6342	0.310315	2.333695e+01	2.119395e+03	3.912651e+01	93.2717	0	1
215	0	513.5103	2	0.5012	0.000000	8.752010e+00	1.533034e+03	1.252343e+01	53.9927	1	0
216	3	514.1435	1	1.3340	0.321723	2.415135e+01	2.468371e+03	3.237760e+01	73.1565	0	1
216	0	515.6260	1	0.5679	0.000000	2.124310e+01	3.984309e+03	2.559006e+01	52.6526	1	0
217	3	516.3261	3	0.7675	0.407414	2.238903e+01	2.039862e+03	3.864307e+01	98.4722	0	1
217	0	517.2424	3	0.9008	0.000000	2.059842e+01	4.032255e+03	3.094713e+01	47.7451	1	0
218	3	518.2921	2	1.8512	0.139870	3.506430e+01	4.294160e+03	6.256042e+01	63.2689	0	1
218	0	520.2921	2	0.4181	0.000000	9.405251e+00	1.649111e+03	1.413385e+01	53.6623	1	0
219	3	520.9255	4	1.7680	0.018309	1.699174e+01	2.491146e+03	3.240509e+01	48.8976	1	1
219	0	522.8258	4	0.6181	0.000000	5.756294e+00	1.153194e+03	1.911588e+01	97.3397	1	0
220	3	523.5926	1	0.9012	0.072868	1.573107e+01	1.899835e+03	2.301288e+01	82.7833	1	1
220	0	524.6261	1	0.8511	0.000000	1.075900e+01	2.609370e+03	3.154119e+01	83.9912	1	0
221	3	525.6095	4	0.7681	0.225288	1.469537e+01	1.736513e+03	2.125454e+01	100.0000	0	1
221	0	526.5098	4	0.4680	0.000000	1.362580e+01	2.478851e+03	2.279998e+01	52.7910	1	0
222	3	527.1431	1	0.5512	0.345309	1.665403e+01	1.698620e+03	3.392825e+01	100.0000	0	1
222	0	527.8722	1	0.4508	0.000000	2.051954e+01	4.266689e+03	3.009389e+01	52.9938	1	0
223	3	528.5053	3	1.4672	-0.052028	2.254809e+01	2.444923e+03	4.633363e+01	73.8353	1	1
223	0	530.1269	3	0.6511	0.000000	6.578477e+00	1.234333e+03	1.574379e+01	92.3089	1	0
224	3	530.9103	2	0.5011	0.335992	2.202865e+01	2.014019e+03	3.827619e+01	88.1399	0	1
224	0	531.6270	2	0.4346	0.000000	1.135687e+01	1.986454e+03	1.935050e+01	53.4086	1	0
225	3	532.2707	4	0.9173	-0.060072	8.962151e+00	8.768428e+02	1.442131e+01	76.6294	1	1
225	0	533.3274	4	0.4678	0.000000	9.173783e+00	1.650970e+03	1.484069e+01	100.0000	1	0
226	3	534.0442	2	1.5183	-0.089277	1.156360e+01	1.307722e+03	1.522697e+01	41.3243	0	1
226	0	535.7195	2	0.4009	0.000000	1.052804e+01	1.847852e+03	1.520811e+01	53.5124	1	0
227	3	536.3528	3	1.6008	-0.092108	1.251810e+01	1.433533e+03	2.684702e+01	70.2214	1	1
227	0	538.1021	3	0.7175	0.000000	8.018133e+00	1.427833e+03	2.464935e+01	85.7408	1	0
228	3	538.9684	1	0.9843	0.177386	1.362727e+01	1.500271e+03	1.850415e+01	94.3068	1	1
228	0	540.0848	1	0.4675	0.000000	1.216198e+01	2.266057e+03	1.364154e+01	95.1113	1	0
229	3	540.8012	4	1.0007	0.079387	9.819988e+00	1.012595e+03	2.625231e+01	17.7411	1	1
229	0	541.9509	4	0.6008	0.000000	3.239425e+00	6.648445e+02	8.704621e+00	100.0000	1	0
230	3	542.8338	2	0.8675	0.094758	1.770358e+01	2.154165e+03	3.495714e+01	92.6292	1	1
230	0	544.7332	2	0.8511	0.000000	1.447123e+01	2.587614e+03	2.642872e+01	93.0743	1	0
231	3	545.7328	3	1.3843	0.003311	7.995240e+00	9.881951e+02	2.488331e+01	11.9486	1	1
231	0	547.2657	3	0.8508	0.000000	7.812727e+00	1.443855e+03	2.348217e+01	76.1013	1	0
232	3	548.2487	1	1.4009	0.099888	3.158503e+01	4.364040e+03	5.872597e+01	60.4603	1	1
232	0	549.7981	1	0.6176	0.000000	1.375540e+01	3.011149e+03	2.339260e+01	91.5724	1	0
233	3	550.5646	2	0.7174	0.215546	3.613569e+01	3.695845e+03	4.879135e+01	85.7854	1	1
233	0	551.4142	2	0.3843	0.000000	7.583331e+00	1.423356e+03	2.196669e+01	63.1582	1	0
234	3	552.1307	3	0.7674	0.013110	2.855259e+00	3.063067e+02	1.126794e+01	12.9647	1	1
234	0	553.0471	3	0.6852	0.000000	5.902539e+00	1.112270e+03	8.269055e+00	55.5716	1	0
235	3	553.8804	1	0.6346	0.380259	2.347783e+01	2.296542e+03	3.663669e+01	100.0000	0	1
235	0	554.6473	1	0.8849	0.000000	2.813542e+01	7.184974e+03	5.146830e+01	88.0785	1	0
236	3	555.6808	4	2.1513	0.119663	6.384363e+00	8.339746e+02	1.528907e+01	73.5754	1	1
236	0	557.9644	4	0.3678	0.000000	4.083964e+00	7.435279e+02	1.225153e+01	100.0000	1	0
237	3	558.6811	3	0.7347	0.086683	5.414389e+00	5.354166e+02	1.621437e+01	87.2102	1	1
237	0	559.5480	3	0.6845	0.000000	4.392751e+00	7.922240e+02	8.962492e+00	81.6466	1	0
238	3	560.3648	2	0.4683	0.181931	2.357839e+01	2.275072e+03	3.127453e+01	85.7493	1	1
238	0	561.0816	2	0.3847	0.000000	4.907287e+00	8.536553e+02	6.554708e+00	87.0105	1	0
239	3	561.7983	4	0.7846	0.095193	8.268251e+00	7.999186e+02	1.483702e+01	83.8059	1	1
239	0	562.7153	4	0.4011	0.000000	3.747874e+00	7.240865e+02	5.581677e+00	74.5664	1	0
240	3	563.4320	1	0.7011	0.273156	1.662069e+01	1.780790e+03	2.656008e+01	100.0000	0	1
240	0	564.2655	1	0.4344	0.000000	2.080921e+01	4.148861e+03	2.637895e+01	49.2951	1	0
241	3	564.8990	3	0.8345	0.099189	1.387833e+01	1.351481e+03	2.774981e+01	84.9696	1	1
241	0	565.8657	3	0.7845	0.000000	2.524271e+00	4.564977e+02	1.672421e+01	55.4187	1	0
242	3	566.7824	2	0.6346	0.014007	1.254740e+01	1.198903e+03	1.771147e+01	78.9475	1	1
242	0	567.5660	2	0.5343	0.000000	3.088826e+00	5.340763e+02	4.283130e+00	55.5718	1	0
243	3	568.2920	4	0.8344	0.001616	3.538151e+00	3.799986e+02	7.014327e+00	76.7193	1	1
243	0	569.2749	4	0.5009	0.000000	2.601093e+00	4.861284e+02	4.989496e+00	100.0000	1	0
244	3	569.9997	1	0.9182	0.302469	1.847247e+01	1.945315e+03	2.932727e+01	100.0000	0	1
244	0	571.0744	1	0.7174	0.000000	2.328211e+01	5.222742e+03	3.785590e+01	90.9538	1	0
245	3	571.9240	2	1.0673	0.351521	3.028877e+01	3.996942e+03	4.487563e+01	92.3649	1	1
245	0	573.1237	2	0.4343	0.000000	5.669402e+00	9.926393e+02	1.202431e+01	60.1961	1	0
246	3	573.8400	1	2.2003	0.059951	1.602633e+01	1.591381e+03	2.837224e+01	74.1589	1	1
246	0	576.1727	1	0.7008	0.000000	9.737821e+00	2.156188e+03	2.567765e+01	89.8006	1	0
247	3	577.0056	4	0.7342	0.120944	5.704001e+00	5.775589e+02	1.204468e+01	17.6324	1	1
247	0	577.8720	4	0.5843	0.000000	8.973213e+00	1.735267e+03	1.208085e+01	52.6469	1	0
248	3	578.6051	3	0.9176	0.016046	4.572803e+00	5.116877e+02	1.270121e+01	20.2272	1	1
248	0	579.6714	3	0.7177	0.000000	4.550212e+00	8.268162e+02	7.411597e+00	64.4541	1	0
249	3	580.5379	2	0.7341	0.094758	2.203290e+01	2.156727e+03	3.003610e+01	86.1009	1	1
249	0	581.4042	2	0.5509	0.000000	7.594266e+00	1.307277e+03	1.465683e+01	70.0503	1	0
250	3	582.1207	4	0.6841	0.222847	1.904011e+01	2.283869e+03	3.018059e+01	66.6438	0	1
250	0	582.9537	4	0.5678	0.000000	1.273023e+01	2.480004e+03	2.097017e+01	50.4470	1	0
251	3	583.6701	1	1.9836	0.388071	2.215494e+01	6.749711e+03	3.949849e+01	27.2939	0	1
251	0	585.7861	1	0.7677	0.000000	2.287366e+01	5.679307e+03	3.639804e+01	44.2554	1	0
252	3	586.7025	3	0.8014	-0.071160	6.905604e+00	7.559010e+02	1.887827e+01	84.2081	1	1
252	0	587.6525	3	0.6847	0.000000	4.060819e+00	7.748477e+02	5.682606e+00	50.9775	1	0
253	3	588.4858	1	0.5012	0.420340	2.515970e+01	2.272932e+03	4.007244e+01	100.0000	0	1
253	0	589.2027	1	1.0345	0.000000	1.969396e+01	5.333364e+03	2.462495e+01	81.9714	1	0
254	3	590.3861	4	1.5514	0.098514	6.685268e+00	1.886974e+03	1.571695e+01	9.4387	1	1
254	0	592.0698	4	0.6676	0.000000	1.075045e+01	2.440424e+03	2.830835e+01	94.1666	1	0
255	3	592.9866	3	1.0346	-0.057622	1.362669e+01	1.805660e+03	4.639700e+01	17.1281	1	1
255	0	594.1534	3	0.5182	0.000000	8.136472e+00	1.516179e+03	2.154090e+01	71.7033	1	0
256	3	594.8701	2	1.5680	-0.078462	1.382572e+01	3.204303e+03	3.523710e+01	77.8972	0	1
256	0	596.5704	2	0.5847	0.000000	1.585282e+01	2.898906e+03	2.460761e+01	95.9073	1	0
257	1	611.0060	4	1.1516	-0.151463	1.299818e+01	1.275120e+03	2.619241e+01	3.3602	1	1
257	0	612.3105	4	0.6511	0.000000	2.219869e+01	4.442252e+03	3.922558e+01	90.1293	1	0
258	1	613.1102	3	0.7012	-0.366287	1.637349e+01	1.489845e+03	3.444140e+01	100.0000	0	1
258	0	613.9600	3	0.8344	0.000000	2.876515e+01	5.655298e+03	3.387651e+01	55.2746	1	0
259	1	614.9263	2	0.5342	-0.203045	3.226784e+00	3.083631e+02	1.918662e+01	100.0000	0	1
259	0	615.6427	2	0.5675	0.000000	2.829152e+01	5.803874e+03	4.111663e+01	42.1008	1	0
260	1	616.3591	1	0.6179	-0.203045	1.201207e+01	1.283455e+03	2.093086e+01	100.0000	0	1
260	0	617.1255	1	0.2678	0.000000	1.424167e+01	3.035071e+03	2.029442e+01	54.0806	1	0
261	1	617.7585	4	1.1675	0.098610	3.534127e+01	4.143815e+03	5.240149e+01	19.2297	1	1
261	0	619.0582	4	0.7008	0.000000	1.720198e+01	3.222034e+03	2.842840e+01	96.5956	1	0
262	1	619.8912	3	0.9844	-0.691123	3.694391e+01	2.968699e+03	6.194405e+01	100.0000	0	1
262	0	621.0242	3	0.8011	0.000000	2.492132e+01	4.617856e+03	3.342943e+01	52.3058	1	0
263	1	621.9577	1	0.5682	-0.173496	1.202493e+01	1.327026e+03	1.703970e+01	100.0000	0	1
263	0	622.6744	1	0.3010	0.000000	1.003813e+01	1.907286e+03	1.706739e+01	54.2922	1	0
264	1	623.3078	2	0.5016	-0.372181	1.225161e+01	1.174830e+03	3.459993e+01	100.0000	0	1
264	0	624.0245	2	0.4346	0.000000	2.700289e+01	4.620904e+03	4.311797e+01	49.7301	1	0
265	1	624.6747	1	0.7179	-0.053283	5.868027e+00	5.826325e+02	8.835834e+00	75.4992	1	1
265	0	625.5248	1	0.4013	0.000000	3.633637e+00	7.716750e+02	4.829338e+00	53.7387	1	0
266	1	626.2417	2	0.8011	-0.344040	1.174720e+01	1.090792e+03	3.209234e+01	100.0000	0	1
266	0	627.1751	2	0.4179	0.000000	1.834688e+01	3.264308e+03	3.102437e+01	50.5541	1	0
267	1	627.8084	4	0.8848	0.117109	8.006318e+00	8.567564e+02	1.747290e+01	74.0186	1	1
267	0	628.8253	4	0.4512	0.000000	1.027622e+01	1.777466e+03	1.208717e+01	62.0417	1	0
268	1	629.5421	3	0.7846	-0.029403	8.933983e+00	8.586721e+02	1.226395e+01	71.0975	1	1
268	0	630.4590	3	0.7512	0.000000	7.209171e+00	1.278669e+03	1.439609e+01	72.9377	1	0
269	1	631.3591	4	0.7178	-0.211637	5.958876e+00	5.903954e+02	2.014689e+01	100.0000	0	1
269	0	632.2259	4	0.5179	0.000000	1.014254e+01	1.947091e+03	1.386175e+01	52.5141	1	0
270	1	632.8761	2	0.8511	-0.348771	1.232637e+01	1.128021e+03	3.251575e+01	100.0000	0	1
270	0	633.8761	2	0.4181	0.000000	2.132280e+01	3.908631e+03	3.336696e+01	48.7573	1	0
271	1	634.5196	1	1.9004	-0.093064	5.190179e+00	7.412116e+02	9.765665e+00	34.7138	1	1
271	0	636.5599	1	0.5346	0.000000	6.514852e+00	1.397719e+03	1.139328e+01	54.3670	1	0
272	1	637.2767	3	0.7011	-0.158240	1.016316e+01	1.022125e+03	1.507348e+01	100.0000	0	1
272	0	638.1101	3	0.7513	0.000000	1.531852e+01	2.899847e+03	1.851324e+01	52.9952	1	0
