Trial	Type	Onset	Target #	Time to Target	Endpoint Error	Est. Avg. Error Mag	Accum. Error x dMagProj	Max Error Mag.	Max Error Pos. (% of trajectory)	Feedback	Target (1)/Return (0)
1	1	0.5330	4	1.7017	-0.040085	1.374126e+01	1.642663e+03	2.220768e+01	83.5524	1	1
1	0	2.3902	4	0.5846	0.000000	4.200605e+00	7.608582e+02	1.264230e+01	79.5875	1	0
2	1	3.1334	1	0.5011	-0.002591	4.938033e-01	4.909611e+01	1.628180e+00	1.2282	1	1
2	0	3.8501	1	0.3180	0.000000	1.426225e+00	2.822774e+02	4.070450e+00	100.0000	1	0
3	1	4.5669	2	0.6014	-0.026660	2.555200e+00	2.436825e+02	6.413310e+00	26.6408	1	1
3	0	5.3059	2	0.3677	0.000000	4.125927e+00	7.594943e+02	5.587706e+00	57.2354	1	0
4	1	6.0223	3	0.9507	-0.034745	3.298001e+00	3.240360e+02	7.538545e+00	4.8228	1	1
4	0	7.1052	3	0.7842	0.000000	3.923980e+00	7.191168e+02	5.219055e+00	97.7030	1	0
5	1	8.0216	4	0.9011	-0.034745	3.740825e+00	3.688229e+02	3.812881e+00	98.4313	1	1
5	0	9.0713	4	0.3510	0.000000	3.496753e+00	6.308154e+02	3.813228e+00	55.2699	1	0
6	1	9.7878	1	0.5509	0.069655	5.450518e+00	5.826701e+02	7.095488e+00	83.0334	1	1
6	0	10.5040	1	0.3516	0.000000	6.003645e+00	1.125475e+03	6.600126e+00	53.3524	1	0
7	1	11.2371	3	0.9844	0.008021	2.927468e+00	3.807225e+02	6.211122e+00	13.0418	1	1
7	0	12.3535	3	0.3682	0.000000	1.343989e+00	2.546259e+02	6.435362e+00	100.0000	1	0
8	1	13.0699	2	0.9511	-0.111241	7.783755e+00	8.440127e+02	3.835871e+01	7.3508	1	1
8	0	14.1696	2	0.3175	0.000000	7.711242e+00	1.460522e+03	1.062849e+01	54.3792	1	0
9	1	14.8861	3	0.9674	-0.013368	3.860257e+00	3.696652e+02	1.303279e+01	4.5365	1	1
9	0	16.0024	3	0.3341	0.000000	2.898745e+00	5.175670e+02	5.079334e+00	61.4806	1	0
10	1	16.7190	2	0.7683	-0.046719	4.280202e+00	4.360623e+02	1.922840e+01	2.4787	1	1
10	0	17.6357	2	0.2845	0.000000	4.114907e+00	7.895441e+02	4.574871e+00	54.4417	1	0
11	1	18.3524	4	0.8846	-0.106265	7.666547e+00	7.372037e+02	1.011872e+01	100.0000	1	1
11	0	19.3858	4	0.6181	0.000000	1.159922e+01	2.205820e+03	2.201203e+01	77.3863	1	0
12	1	20.1527	1	0.6512	-0.010498	1.096075e+01	1.203056e+03	1.319909e+01	69.3275	1	1
12	0	20.9529	1	0.3844	0.000000	6.359643e-01	1.185140e+02	2.693352e+00	100.0000	1	0
13	1	21.6696	3	0.7346	-0.034745	3.826884e+00	3.736181e+02	4.833659e+00	0.5204	1	1
13	0	22.5531	3	0.4344	0.000000	3.591565e+00	6.282802e+02	5.097921e+00	100.0000	1	0
14	1	23.2697	4	1.0514	-0.039767	1.440771e+00	1.426577e+02	1.038124e+01	1.0229	1	1
14	0	24.4534	4	0.5511	0.000000	5.098002e+00	9.261597e+02	8.902357e+00	88.5861	1	0
15	1	25.1701	2	0.6180	0.039662	3.756988e+00	3.610043e+02	3.813046e+00	100.0000	1	1
15	0	25.9369	2	0.2844	0.000000	2.425978e+00	4.748457e+02	2.797457e+00	54.0503	1	0
16	1	26.6538	1	0.6845	0.028490	2.978742e+00	3.158630e+02	5.661792e+00	2.1702	1	1
16	0	27.4705	1	0.3344	0.000000	1.518431e+00	2.785886e+02	2.289031e+00	54.6182	1	0
17	3	40.7274	3	1.2507	-0.047604	1.394258e+01	1.362524e+03	2.511544e+01	58.8225	1	1
17	0	42.1102	3	0.6341	0.000000	4.203908e+00	8.030129e+02	1.073473e+01	68.8566	1	0
18	3	42.8933	2	0.5508	0.342107	1.250540e+01	1.208260e+03	3.208988e+01	100.0000	0	1
18	0	43.6096	2	0.4843	0.000000	2.145240e+01	4.583141e+03	2.874531e+01	53.0981	1	0
19	3	44.2595	4	0.9675	0.009941	7.525215e+00	8.485206e+02	2.030706e+01	76.6450	1	1
19	0	45.3758	4	0.6343	0.000000	5.661751e+00	1.085497e+03	2.431423e+01	91.1159	1	0
20	3	46.1421	1	0.8675	0.064216	1.648645e+01	2.194030e+03	3.874385e+01	63.5047	1	1
20	0	47.1419	1	0.6008	0.000000	1.487961e+01	3.228412e+03	3.997840e+01	85.7024	1	0
21	3	47.8916	2	1.0340	-0.027758	1.490232e+01	1.689019e+03	2.355397e+01	66.4087	1	1
21	0	49.0745	2	0.3509	0.000000	4.038142e+00	8.203010e+02	6.390982e+00	92.3029	1	0
22	3	49.7910	4	0.7846	0.102409	4.835964e+00	4.598139e+02	1.164205e+01	95.4611	1	1
22	0	50.7239	4	0.6349	0.000000	8.262556e+00	1.698376e+03	2.574496e+01	95.0432	1	0
23	3	51.7742	1	0.7512	0.066188	9.999027e+00	1.216829e+03	1.565248e+01	62.1129	1	1
23	0	52.6744	1	0.5845	0.000000	6.737218e+00	1.259109e+03	1.790428e+01	88.6262	1	0
24	3	53.4079	3	0.9677	-0.021917	7.507423e+00	7.197390e+02	1.193657e+01	80.5721	1	1
24	0	54.5080	3	0.3012	0.000000	1.366612e+00	2.538212e+02	5.204004e+00	65.1489	1	0
25	3	55.2248	1	0.6011	0.299450	1.563409e+01	1.749696e+03	2.896841e+01	100.0000	1	1
25	0	55.9581	1	0.3844	0.000000	7.326445e+00	1.376287e+03	9.719377e+00	100.0000	1	0
26	3	56.6749	3	1.0348	0.061018	8.914021e+00	1.247375e+03	1.868188e+01	75.9669	1	1
26	0	57.8586	3	0.3846	0.000000	2.312528e+00	4.282632e+02	6.846955e+00	68.4428	1	0
27	3	58.5753	2	0.6350	0.155008	9.723928e+00	9.238841e+02	1.962524e+01	90.0385	1	1
27	0	59.3587	2	0.3013	0.000000	7.091076e+00	1.297457e+03	1.467793e+01	100.0000	1	0
28	3	60.0755	4	1.2348	-0.036911	8.126701e+00	7.775650e+02	2.527220e+01	27.3500	1	1
28	0	61.4590	4	0.5182	0.000000	2.483335e+00	4.534938e+02	3.981102e+00	55.1242	1	0
29	3	62.1758	3	0.9679	0.062081	7.488059e+00	7.173486e+02	1.746498e+01	58.3581	1	1
29	0	63.2759	3	0.3513	0.000000	5.893455e+00	1.111322e+03	1.177003e+01	75.9718	1	0
30	3	63.9928	2	0.5179	0.015143	2.746980e+00	3.306618e+02	9.227528e+00	15.4588	1	1
30	0	64.7193	2	0.2511	0.000000	3.109027e+00	5.969880e+02	9.166556e+00	64.1180	1	0
31	3	65.4357	1	1.5172	0.008714	1.166063e+01	1.699723e+03	3.204210e+01	13.1885	1	1
31	0	67.0933	1	0.2511	0.000000	3.814679e+00	7.026214e+02	9.097810e+00	100.0000	1	0
32	3	67.8101	4	0.6514	0.027434	9.550492e+00	1.181834e+03	2.482152e+01	15.0286	1	1
32	0	68.6102	4	0.3510	0.000000	2.516171e+00	4.663100e+02	3.637457e+00	100.0000	1	0
33	3	69.3343	2	0.6843	-0.085604	2.400540e+01	2.415621e+03	4.194657e+01	61.8435	1	1
33	0	70.1674	2	0.3180	0.000000	2.654872e+00	5.852916e+02	4.914516e+00	96.8064	1	0
34	3	70.8839	1	0.7009	0.330774	1.320319e+01	1.767082e+03	3.131443e+01	100.0000	0	1
34	0	71.7335	1	0.7347	0.000000	1.487169e+01	3.476153e+03	2.213688e+01	77.1325	1	0
35	3	72.6168	4	0.7341	-0.005798	8.869884e+00	8.982074e+02	2.036359e+01	28.6711	1	1
35	0	73.4830	4	0.3515	0.000000	1.622903e+00	2.978181e+02	4.543262e+00	100.0000	1	0
36	3	74.1994	3	1.0845	0.034746	3.976561e+00	4.260175e+02	2.400978e+01	5.5297	1	1
36	0	75.4324	3	0.6175	0.000000	6.105901e+00	1.143761e+03	1.378960e+01	64.8210	1	0
37	3	76.1821	2	0.7842	0.092198	1.037489e+01	1.073952e+03	1.665213e+01	79.0675	1	1
37	0	77.0985	2	0.3509	0.000000	6.635061e+00	1.254964e+03	8.713795e+00	54.9540	1	0
38	3	77.8150	1	1.0675	0.050644	1.585211e+01	1.690304e+03	3.047301e+01	69.0281	1	1
38	0	79.0311	1	0.4009	0.000000	8.577287e+00	1.684871e+03	2.434414e+01	95.5085	1	0
39	3	79.7975	3	0.9008	-0.076643	3.697977e+00	3.617197e+02	7.285208e+00	100.0000	1	1
39	0	80.8472	3	0.4176	0.000000	4.770355e+00	9.042623e+02	7.085103e+00	52.2075	1	0
40	3	81.5637	4	0.7006	-0.016821	2.992624e+00	2.965398e+02	5.818956e+00	30.3097	1	1
40	0	82.3967	4	0.2846	0.000000	3.515801e+00	6.387382e+02	4.629652e+00	85.0805	1	0
41	3	83.1131	2	0.6345	-0.003488	1.145237e+01	1.104030e+03	2.008685e+01	66.7273	1	1
41	0	83.8962	2	0.3176	0.000000	6.940610e+00	1.321698e+03	9.452284e+00	85.8232	1	0
42	3	84.6126	3	0.8512	-0.045187	7.470873e+00	7.468971e+02	2.462902e+01	56.9732	1	1
42	0	85.5960	3	0.6180	0.000000	1.312854e+00	2.597216e+02	5.829809e+00	88.8455	1	0
43	3	86.3629	4	1.0846	-0.007777	5.760570e+00	6.777798e+02	1.227956e+01	30.8312	1	1
43	0	87.5797	4	0.3178	0.000000	2.182655e+00	4.082357e+02	5.745722e+00	86.1939	1	0
44	3	88.2964	1	0.6846	0.337159	1.965996e+01	2.238935e+03	3.274561e+01	94.2370	1	1
44	0	89.1133	1	0.5012	0.000000	1.446948e+01	2.831186e+03	2.788634e+01	92.1538	1	0
45	3	89.8631	2	1.3184	-0.014858	1.141243e+01	1.231165e+03	2.684908e+01	69.1999	1	1
45	0	91.3303	2	0.3180	0.000000	4.469991e+00	8.450469e+02	1.012360e+01	82.3302	1	0
46	3	92.0471	1	1.0179	0.127881	7.617360e+00	1.112289e+03	1.702827e+01	89.7600	1	1
46	0	93.2139	1	0.4507	0.000000	1.240012e+01	2.434672e+03	2.869840e+01	91.5834	1	0
47	3	94.0307	3	0.8679	0.015375	5.293507e+00	6.922297e+02	1.785658e+01	10.9591	1	1
47	0	95.0308	3	0.3515	0.000000	4.210910e+00	7.838017e+02	1.255635e+01	89.0999	1	0
48	3	95.7476	4	0.9346	0.091855	7.887480e+00	7.903613e+02	1.152314e+01	46.8664	1	1
48	0	96.8145	4	0.4344	0.000000	5.855589e+00	1.108819e+03	7.582289e+00	52.2426	1	0
49	3	97.5312	3	0.9679	-0.045031	5.943796e+00	5.656412e+02	1.701119e+01	87.7529	1	1
49	0	98.6315	3	0.4677	0.000000	1.113633e+01	2.079272e+03	1.765882e+01	89.1381	1	0
50	3	99.3483	2	0.8011	0.021268	1.292092e+01	1.271149e+03	2.204321e+01	67.2613	1	1
50	0	100.2816	2	0.3012	0.000000	5.148752e+00	1.182591e+03	1.412765e+01	95.7440	1	0
51	3	101.0070	4	0.9344	-0.026875	1.393769e+01	1.369218e+03	3.996961e+01	15.6048	1	1
51	0	102.0733	4	0.3677	0.000000	2.274148e+00	4.109768e+02	8.389630e+00	95.5982	1	0
52	3	102.7987	1	0.6013	0.330774	1.967917e+01	2.412170e+03	3.141884e+01	93.3508	1	1
52	0	103.5395	1	0.4343	0.000000	9.298682e+00	1.758866e+03	1.885984e+01	99.3350	1	0
53	3	104.2559	4	0.6675	0.025374	1.175100e+01	1.300343e+03	1.763201e+01	69.5158	1	1
53	0	105.0724	4	0.5174	0.000000	3.120859e+00	5.752170e+02	1.036635e+01	90.8974	1	0
54	3	105.7887	3	0.8342	-0.041225	7.831613e+00	7.837239e+02	1.518331e+01	75.2750	1	1
54	0	106.7553	3	0.4177	0.000000	2.036153e+00	3.765969e+02	2.790071e+00	52.6595	1	0
55	3	107.4716	2	0.4178	0.507727	3.400817e+01	2.893169e+03	4.675438e+01	100.0000	0	1
55	0	108.1995	2	0.3011	0.000000	1.647538e+01	2.122104e+03	2.904171e+01	67.1468	1	0
56	3	108.8331	1	0.7177	0.178951	8.191549e+00	1.096544e+03	1.837193e+01	95.8365	1	1
56	0	109.6874	1	0.4177	0.000000	9.175474e+00	1.692924e+03	1.282266e+01	55.0960	1	0
57	3	110.4039	3	0.6842	0.026665	2.158660e+00	2.077552e+02	4.448842e+00	68.9533	1	1
57	0	111.2203	3	0.5012	0.000000	4.345741e+00	8.158271e+02	1.399054e+01	79.5438	1	0
58	3	111.9368	4	0.8843	-0.010198	3.860036e+00	4.297351e+02	7.052446e+00	55.4266	1	1
58	0	112.9530	4	0.2687	0.000000	2.323356e+00	4.201738e+02	3.854049e+00	98.2004	1	0
59	3	113.6695	1	0.4845	0.306851	1.725528e+01	1.652757e+03	2.966198e+01	100.0000	0	1
59	0	114.3858	1	0.5513	0.000000	5.596193e+00	1.066425e+03	2.003770e+01	95.5642	1	0
60	3	115.0856	2	0.8175	-0.146040	8.210748e+00	8.013395e+02	1.421612e+01	100.0000	1	1
60	0	116.0355	2	0.2843	0.000000	1.171470e+01	2.533856e+03	1.646847e+01	54.4820	1	0
61	3	116.7517	3	0.6680	0.005894	5.284856e+00	5.041437e+02	7.374896e+00	76.4086	1	1
61	0	117.5681	3	0.3344	0.000000	8.480940e+00	1.672059e+03	1.690429e+01	83.7238	1	0
62	3	118.2845	4	0.7846	-0.016821	2.024125e+00	1.938720e+02	1.195494e+01	0.6388	1	1
62	0	119.2179	4	0.2845	0.000000	2.503845e+00	4.410548e+02	4.688811e+00	97.1745	1	0
63	3	119.9346	2	0.6846	-0.100633	1.097298e+01	1.103180e+03	1.894324e+01	67.3526	1	1
63	0	120.7514	2	0.3345	0.000000	8.238159e+00	1.731266e+03	1.286857e+01	85.9609	1	0
64	3	121.4683	1	0.9178	0.133772	5.400931e+00	5.632088e+02	1.431153e+01	92.1895	1	1
64	0	122.5184	1	0.3511	0.000000	4.343140e+00	8.165366e+02	1.130298e+01	100.0000	1	0
65	1	135.7870	2	0.7180	-0.036923	4.146388e+00	3.995173e+02	5.327179e+00	72.9276	1	1
65	0	136.6451	2	0.4842	0.000000	4.276315e+00	8.098621e+02	6.711623e+00	93.5241	1	0
66	1	137.3615	3	1.0008	-0.218110	1.801056e+01	1.808616e+03	3.321069e+01	45.0957	0	1
66	0	138.5110	3	0.7175	0.000000	1.645510e+01	3.587849e+03	3.053850e+01	83.5349	1	0
67	1	139.3609	1	0.5675	-0.192330	1.097638e+01	1.218842e+03	1.847871e+01	100.0000	0	1
67	0	140.0772	1	0.3844	0.000000	1.138389e+01	2.254153e+03	1.898811e+01	49.9656	1	0
68	1	140.7212	4	0.7184	-0.301833	3.815017e+01	4.208494e+03	4.715065e+01	29.2652	0	1
68	0	141.5935	4	0.6008	0.000000	2.094045e+01	3.835919e+03	4.616365e+01	60.9098	1	0
69	1	142.3432	3	0.8175	-0.037118	1.879542e+01	1.842199e+03	3.068330e+01	76.0555	1	1
69	0	143.2928	3	0.7509	0.000000	2.581644e+00	4.511273e+02	7.192556e+00	93.2190	1	0
70	1	144.1925	4	1.5174	-0.053001	1.797456e+01	2.150126e+03	3.181943e+01	57.4736	1	1
70	0	145.8420	4	0.6509	0.000000	1.157812e+01	2.171645e+03	3.098377e+01	87.2825	1	0
71	1	146.6417	1	0.6345	-0.157135	1.160090e+01	1.208508e+03	1.660664e+01	61.7597	0	1
71	0	147.4081	1	0.4009	0.000000	1.257486e+01	2.318628e+03	1.558126e+01	53.7006	1	0
72	1	148.0413	2	0.6841	-0.010610	1.824916e+00	1.772113e+02	9.549020e+00	2.0544	1	1
72	0	148.8577	2	0.2843	0.000000	1.672890e+00	3.089742e+02	7.447642e+00	97.2392	1	0
73	1	149.5739	1	0.9845	-0.061257	5.127149e+00	5.174233e+02	8.970667e+00	48.3409	1	1
73	0	150.7070	1	0.4343	0.000000	4.257569e+00	7.959694e+02	6.094206e+00	53.1228	1	0
74	1	151.4235	3	0.8177	-0.085127	9.932608e+00	9.459612e+02	1.200220e+01	67.4037	1	1
74	0	152.3898	3	0.7177	0.000000	9.016271e-01	1.617464e+02	2.779468e+00	97.3724	1	0
75	1	153.2398	4	1.6181	0.037118	1.051222e+01	1.133299e+03	3.034360e+01	89.0408	1	1
75	0	154.9901	4	0.6011	0.000000	1.156926e+01	2.169006e+03	2.909799e+01	84.9515	1	0
76	1	155.7235	2	0.6179	-0.078124	3.649479e+00	3.685199e+02	7.862443e+00	100.0000	1	1
76	0	156.4736	2	0.3010	0.000000	9.057357e+00	1.959584e+03	1.189555e+01	54.0463	1	0
77	1	157.1904	3	0.8178	-0.029247	2.977934e+00	2.904877e+02	5.279892e+00	37.0342	1	1
77	0	158.1407	3	0.5343	0.000000	4.243258e+00	7.942341e+02	6.094660e+00	54.1642	1	0
78	1	158.8573	1	0.2844	-0.132888	6.332755e+00	6.309766e+02	1.311233e+01	100.0000	1	1
78	0	159.5741	1	0.4011	0.000000	3.602068e+00	7.269140e+02	1.261895e+01	50.5572	1	0
79	1	160.2908	2	1.0680	0.064083	2.086533e+01	2.001628e+03	2.651557e+01	81.9158	1	1
79	0	161.4911	2	0.4511	0.000000	9.256650e+00	1.910011e+03	1.336795e+01	81.2028	1	0
80	1	162.2078	4	1.4013	-0.042755	6.869738e+00	6.739703e+02	1.077845e+01	41.7670	1	1
80	0	163.7415	4	0.5678	0.000000	1.500920e+01	2.845829e+03	2.559573e+01	79.7377	1	0
81	3	176.9934	2	0.7845	0.232633	2.496827e+01	2.386985e+03	3.120000e+01	40.3688	1	1
81	0	178.3477	2	0.3176	0.000000	3.271473e+00	6.269176e+02	7.677020e+00	53.3786	1	0
82	3	179.0641	1	0.7845	0.119028	1.679858e+01	1.772496e+03	2.737390e+01	75.4342	1	1
82	0	179.9971	1	0.4679	0.000000	1.302156e+01	2.620236e+03	3.921001e+01	90.7850	1	0
83	3	180.7136	3	0.9841	0.046253	4.658194e+00	4.517702e+02	1.025936e+01	71.7155	1	1
83	0	181.8299	3	0.5511	0.000000	2.918226e+00	5.778365e+02	7.577744e+00	76.3098	1	0
84	3	182.5463	4	0.6342	0.198694	1.141265e+01	1.391872e+03	2.604751e+01	82.6655	1	1
84	0	183.3294	4	0.6008	0.000000	1.019405e+01	1.904049e+03	1.586983e+01	97.6886	1	0
85	3	184.0625	1	0.8343	0.182395	1.428806e+01	1.678062e+03	2.813658e+01	52.1442	1	1
85	0	185.0455	1	0.6179	0.000000	1.564419e+01	3.295605e+03	3.234148e+01	87.5364	1	0
86	3	185.8119	2	0.5509	0.784037	4.371987e+01	3.607451e+03	6.808551e+01	100.0000	0	1
86	0	186.5283	2	0.3177	0.000000	3.161715e+01	5.873542e+03	4.756222e+01	49.8163	1	0
87	3	187.1616	4	0.9512	0.076079	4.504230e+00	4.552714e+02	9.999486e+00	91.3967	1	1
87	0	188.2452	4	0.4176	0.000000	4.849069e+00	9.107917e+02	7.460605e+00	51.5872	1	0
88	3	188.9619	3	1.0513	0.059951	7.885934e+00	7.523568e+02	1.762999e+01	74.9903	1	1
88	0	190.1454	3	0.5678	0.000000	6.061114e+00	1.126848e+03	8.711115e+00	87.4811	1	0
89	3	190.8622	4	0.7346	0.021469	2.345283e+00	2.468605e+02	1.041613e+01	2.2626	1	1
89	0	191.7456	4	0.3679	0.000000	2.288006e+00	4.038906e+02	5.309846e+00	100.0000	1	0
90	3	192.4626	1	0.4015	0.526223	2.605174e+01	2.409333e+03	4.868395e+01	100.0000	0	1
90	0	193.1792	1	0.4181	0.000000	3.644712e+00	6.847592e+02	1.233288e+01	58.4110	1	0
91	3	193.8294	3	0.9345	0.026491	2.573872e+00	2.475831e+02	8.159360e+00	89.7666	1	1
91	0	194.9129	3	0.3177	0.000000	4.936938e+00	9.529989e+02	1.063572e+01	80.3467	1	0
92	3	195.6297	2	0.4349	0.574357	3.421778e+01	2.748925e+03	5.287262e+01	97.5068	0	1
92	0	196.3463	2	0.3343	0.000000	2.371202e+01	4.219377e+03	3.539808e+01	55.9102	1	0
93	3	196.9915	4	0.9507	0.126153	1.376061e+01	1.392328e+03	2.662330e+01	73.2666	1	1
93	0	198.0801	4	0.4844	0.000000	8.715323e+00	1.618836e+03	1.141247e+01	54.5774	1	0
94	3	198.7968	1	0.8346	0.338096	1.103528e+01	2.505214e+03	3.282509e+01	100.0000	0	1
94	0	199.7802	1	0.7179	0.000000	1.530594e+01	3.517643e+03	2.071059e+01	85.5525	1	0
95	3	200.6471	3	0.8181	0.003877	3.315659e+00	3.180094e+02	8.639428e+00	91.3310	1	1
95	0	201.6139	3	0.6179	0.000000	3.880275e+00	6.984652e+02	1.170573e+01	82.9965	1	0
96	3	202.3896	2	0.8841	0.063139	1.257645e+01	1.222423e+03	2.390718e+01	79.1301	1	1
96	0	203.4059	2	0.3011	0.000000	5.049100e+00	9.911239e+02	7.977829e+00	53.7606	1	0
97	3	204.1309	1	0.6179	0.194156	8.513722e+00	9.289397e+02	1.909374e+01	100.0000	1	1
97	0	204.9054	1	0.4011	0.000000	1.293297e+01	2.561854e+03	2.425698e+01	88.5149	1	0
98	3	205.6218	4	0.9675	0.071690	1.176124e+01	1.340233e+03	1.608722e+01	76.3624	1	1
98	0	206.7382	4	0.3515	0.000000	4.753775e+00	8.789675e+02	1.435098e+01	95.2150	1	0
99	3	207.4648	3	0.8513	0.046253	7.754777e+00	8.513387e+02	1.312970e+01	62.7652	1	1
99	0	208.4708	3	0.4346	0.000000	4.289574e+00	7.899916e+02	1.048752e+01	90.0822	1	0
100	3	209.1873	2	0.4842	-0.069285	2.490741e+00	2.383137e+02	8.115709e+00	95.8777	1	1
100	0	209.9037	2	0.2844	0.000000	2.413978e+00	4.869079e+02	5.845236e+00	64.0389	1	0
101	3	210.6202	4	1.0176	0.045169	2.861525e+01	4.000949e+03	5.077153e+01	27.0636	1	1
101	0	211.7698	4	0.3676	0.000000	2.577471e+00	4.685773e+02	5.116082e+00	100.0000	1	0
102	3	212.4862	1	0.7341	0.314275	1.472841e+01	1.734218e+03	3.035619e+01	100.0000	1	1
102	0	213.3693	1	0.6675	0.000000	5.819846e+00	1.099986e+03	1.026325e+01	86.8744	1	0
103	3	214.1690	2	0.8840	-0.018380	2.233013e+01	2.350163e+03	3.763794e+01	32.7680	1	1
103	0	215.2019	2	0.2843	0.000000	3.617455e+00	7.842637e+02	8.503928e+00	65.2985	1	0
104	3	215.9184	3	0.7674	-0.004641	7.795781e+00	7.573667e+02	1.376306e+01	41.2649	1	1
104	0	216.8181	3	0.4676	0.000000	1.596141e+00	2.945363e+02	9.259186e+00	91.2248	1	0
105	3	217.5345	4	0.8509	0.053622	2.361260e+00	2.684732e+02	5.154069e+00	100.0000	1	1
105	0	218.5343	4	0.3509	0.000000	4.999044e+00	9.255835e+02	6.521544e+00	91.0237	1	0
106	3	219.2506	2	0.4181	0.511162	3.321256e+01	3.009477e+03	5.002956e+01	100.0000	0	1
106	0	219.9670	2	0.3515	0.000000	2.871215e+01	4.170998e+03	5.852601e+01	62.8559	1	0
107	3	220.6002	3	0.8011	0.040100	5.037171e+00	4.944010e+02	7.084431e+00	87.0732	1	1
107	0	221.5504	3	0.3510	0.000000	3.950047e+00	7.733188e+02	1.241234e+01	85.5576	1	0
108	3	222.2670	1	0.4174	0.342363	2.226709e+01	2.234371e+03	3.359262e+01	95.3148	0	1
108	0	222.9838	1	0.4012	0.000000	1.218886e+01	1.768882e+03	3.283438e+01	63.7439	1	0
109	3	223.6339	2	0.6679	-0.056828	4.700760e+00	4.858821e+02	1.612340e+01	4.1215	1	1
109	0	224.4340	2	0.2677	0.000000	7.880342e+00	1.711590e+03	1.013526e+01	78.0422	1	0
110	3	225.1508	1	0.7846	0.179596	9.683313e+00	1.338166e+03	1.763245e+01	100.0000	1	1
110	0	226.0843	1	0.3846	0.000000	1.075159e+01	2.094043e+03	1.783347e+01	94.6656	1	0
111	3	226.8011	3	1.0178	0.024252	9.863477e+00	9.616925e+02	2.040147e+01	84.1408	1	1
111	0	227.9512	3	0.6845	0.000000	4.189985e+00	7.710029e+02	7.527156e+00	79.5007	1	0
112	3	228.7680	4	0.6679	-0.003814	2.713339e+00	2.791020e+02	9.647885e+00	2.2505	1	1
112	0	229.5848	4	0.3513	0.000000	4.491314e+00	8.156988e+02	1.173468e+01	100.0000	1	0
113	3	230.3016	1	1.0349	0.422904	1.284578e+01	3.380480e+03	4.030215e+01	100.0000	0	1
113	0	231.4851	1	0.3845	0.000000	1.570245e+01	2.880681e+03	2.368724e+01	53.2327	1	0
114	3	232.1295	4	0.5343	0.028383	5.531759e+00	5.931541e+02	1.457738e+01	6.2126	1	1
114	0	232.9020	4	0.4511	0.000000	1.332501e+00	2.429683e+02	4.989496e+00	100.0000	1	0
115	3	233.6188	2	0.5846	0.100099	1.363146e+01	1.348430e+03	1.727905e+01	75.3196	1	1
115	0	234.3523	2	0.2344	0.000000	6.064089e+00	1.325768e+03	7.733038e+00	93.6208	1	0
116	3	235.0690	3	0.7344	0.005590	5.707378e+00	5.755481e+02	1.044542e+01	51.7052	1	1
116	0	235.9358	3	0.5178	0.000000	4.932490e+00	9.321515e+02	9.363327e+00	53.7975	1	0
117	3	236.6614	1	0.7177	0.301122	1.040202e+01	1.148763e+03	2.935161e+01	100.0000	0	1
117	0	237.5111	1	0.5843	0.000000	1.477150e+01	2.720994e+03	1.907856e+01	53.7012	1	0
118	3	238.2361	2	0.8678	-0.127875	1.975959e+01	2.218226e+03	2.755547e+01	35.6618	1	1
118	0	239.2439	2	0.2843	0.000000	6.349411e+00	1.479096e+03	8.583974e+00	89.5352	1	0
119	3	239.9603	4	0.7513	-0.242728	2.210456e+01	2.220845e+03	2.904899e+01	21.5634	0	1
119	0	240.8599	4	0.6344	0.000000	2.631754e+01	4.808922e+03	3.376161e+01	90.8747	1	0
120	3	241.6431	3	0.8511	0.022194	1.589311e+01	1.587976e+03	3.108770e+01	75.0718	1	1
120	0	242.6427	3	0.4842	0.000000	4.506240e+00	8.360951e+02	1.007996e+01	91.7240	1	0
121	3	243.3592	1	0.5678	0.152081	9.827595e+00	9.890807e+02	1.847200e+01	9.0750	1	1
121	0	244.0870	1	0.3346	0.000000	5.827310e+00	1.119832e+03	1.285216e+01	53.5543	1	0
122	3	244.8586	4	0.8675	0.019433	6.648946e+00	6.785958e+02	1.145887e+01	76.3066	1	1
122	0	245.8750	4	0.3341	0.000000	3.354490e+00	6.201460e+02	1.121967e+01	100.0000	1	0
123	3	246.5914	2	0.4842	0.243187	1.834157e+01	1.755695e+03	2.524855e+01	72.5684	0	1
123	0	247.3079	2	0.2509	0.000000	6.900868e+00	1.372795e+03	1.498038e+01	91.5090	1	0
124	3	248.0577	3	0.8839	0.025732	4.482295e+00	5.744757e+02	1.289522e+01	2.3039	1	1
124	0	249.0739	3	0.4175	0.000000	3.020337e+00	5.991255e+02	6.945822e+00	84.2394	1	0
125	3	249.7904	1	0.4676	0.103167	1.771377e+01	1.735411e+03	2.169987e+01	69.7069	1	1
125	0	250.7067	1	0.4178	0.000000	1.069533e+01	2.059353e+03	1.586848e+01	91.4654	1	0
126	3	251.5231	2	0.7174	-0.145110	8.696348e+00	8.497489e+02	1.709496e+01	64.3330	1	1
126	0	252.3729	2	0.2679	0.000000	6.505751e+00	1.399569e+03	1.017314e+01	50.8675	1	0
127	3	253.0892	4	0.6342	0.068544	7.789874e+00	7.394409e+02	1.126976e+01	42.8761	1	1
127	0	253.8723	4	0.4512	0.000000	8.582452e+00	1.560588e+03	1.540276e+01	83.0602	1	0
128	3	254.5888	3	0.6678	0.013110	6.907229e+00	6.633868e+02	9.816730e+00	91.2220	1	1
128	0	255.4055	3	0.3844	0.000000	9.960015e+00	1.847418e+03	1.131560e+01	72.4711	1	0
129	1	268.6574	3	1.1347	-0.200479	1.493328e+01	1.487861e+03	1.980044e+01	75.3591	1	1
129	0	269.9410	3	0.7346	0.000000	1.104574e+01	2.073965e+03	2.116539e+01	55.4511	1	0
130	1	270.8246	2	0.6011	-0.283398	2.277680e+01	2.364774e+03	3.129265e+01	86.1248	0	1
130	0	271.5829	2	0.6679	0.000000	2.370591e+01	5.484688e+03	2.820332e+01	69.7569	1	0
131	1	272.3993	1	0.6842	-0.138941	9.847216e+00	1.134469e+03	1.745685e+01	51.4606	1	1
131	0	273.2157	1	0.3677	0.000000	8.954423e+00	1.680479e+03	1.274252e+01	93.4847	1	0
132	1	273.9416	4	1.3013	-0.058135	1.786451e+01	2.021867e+03	2.873013e+01	70.8827	1	1
132	0	275.3984	4	0.6012	0.000000	1.571618e+01	2.915895e+03	3.638516e+01	82.8063	1	0
133	1	276.1483	2	0.6174	-0.170292	6.205256e+00	5.951601e+02	1.629701e+01	100.0000	0	1
133	0	276.8979	2	0.4510	0.000000	1.640817e+01	3.320470e+03	2.229734e+01	98.9171	1	0
134	1	277.5421	1	0.8352	-0.049697	4.399846e+00	4.393592e+02	7.345412e+00	81.1779	1	1
134	0	278.5306	1	0.3177	0.000000	2.992963e+00	5.477965e+02	4.320729e+00	54.0182	1	0
135	1	279.2470	4	1.2010	0.063407	4.472327e+00	6.842232e+02	6.093406e+00	100.0000	1	1
135	0	280.5966	4	0.5343	0.000000	9.632701e+00	1.893903e+03	1.795660e+01	77.5264	1	0
136	1	281.3130	3	0.6679	-0.150845	1.126763e+01	1.071560e+03	1.770288e+01	70.8875	1	1
136	0	282.1295	3	0.5508	0.000000	1.005649e+01	2.096276e+03	2.644386e+01	99.5281	1	0
137	1	282.8459	2	0.6008	0.038941	4.343803e+00	4.273449e+02	4.803750e+00	43.6885	1	1
137	0	283.5791	2	0.2345	0.000000	1.849322e+00	4.024709e+02	3.800927e+00	88.6789	1	0
138	1	284.2953	4	0.6512	0.103082	1.437004e+01	1.534290e+03	1.996702e+01	72.4527	1	1
138	0	285.0950	4	0.7346	0.000000	1.395421e+01	2.570676e+03	2.272596e+01	98.4141	1	0
139	1	285.9780	1	0.8176	-0.044943	8.023736e+00	7.996905e+02	1.305811e+01	54.5348	1	1
139	0	286.9279	1	0.2676	0.000000	2.318702e+00	4.385641e+02	4.188958e+00	100.0000	1	0
140	1	287.6442	3	0.8678	-0.095961	8.635791e+00	8.357591e+02	2.047493e+01	6.2665	1	1
140	0	288.6605	3	0.6514	0.000000	4.122894e+00	7.671373e+02	7.104812e+00	52.9121	1	0
141	1	289.4607	4	1.0846	0.328876	1.883242e+01	2.038463e+03	3.901499e+01	93.7664	1	1
141	0	290.6775	4	0.7014	0.000000	8.177228e+00	1.464414e+03	1.162157e+01	54.8781	1	0
142	1	291.5276	2	0.7348	0.081827	7.536544e+00	7.620059e+02	7.860109e+00	100.0000	1	1
142	0	292.4111	2	0.5345	0.000000	9.338706e+00	1.846700e+03	1.421055e+01	89.2093	1	0
143	1	293.1281	1	0.6177	-0.082712	4.493130e+00	5.713132e+02	9.883604e+00	18.3134	1	1
143	0	293.8781	1	0.3512	0.000000	2.109419e+00	3.874746e+02	4.569478e+00	70.0226	1	0
144	1	294.5948	3	0.8013	-0.053425	5.278006e+00	5.055391e+02	7.436645e+00	34.4497	1	1
144	0	295.5449	3	0.4346	0.000000	4.957050e+00	9.116021e+02	6.347631e+00	55.1663	1	0
145	3	308.8138	1	0.9177	0.409807	2.309424e+01	2.708522e+03	3.902451e+01	100.0000	0	1
145	0	309.8701	1	0.4343	0.000000	1.102897e+01	2.176611e+03	1.736574e+01	94.9095	1	0
146	3	310.5032	2	0.8508	0.605426	3.998252e+01	4.606763e+03	5.641444e+01	87.9880	1	1
146	0	311.4862	2	0.2181	0.000000	5.229641e+00	1.177923e+03	1.518997e+01	59.3425	1	0
147	3	312.2027	4	0.7176	0.118063	1.180468e+01	1.655703e+03	1.816685e+01	70.1987	1	1
147	0	313.0524	4	0.5344	0.000000	8.369457e+00	1.574965e+03	1.213814e+01	82.3202	1	0
148	3	313.7688	3	0.9674	0.005894	6.681910e+00	6.418358e+02	1.727905e+01	76.7696	1	1
148	0	314.8684	3	0.5176	0.000000	1.684137e+00	3.119529e+02	4.099084e+00	91.8913	1	0
149	3	315.5849	4	0.7676	0.152321	9.801149e+00	1.132634e+03	1.865716e+01	95.3171	1	1
149	0	316.4847	4	0.5509	0.000000	9.870551e+00	1.960775e+03	2.013782e+01	95.4273	1	0
150	3	317.2011	1	0.3512	0.574705	2.709857e+01	3.075266e+03	5.407151e+01	100.0000	0	1
150	0	317.9174	1	0.4681	0.000000	9.526535e+00	1.757274e+03	2.827208e+01	61.1998	1	0
151	3	318.5672	3	0.8508	0.038790	6.014236e+00	6.204700e+02	1.029315e+01	82.1409	1	1
151	0	319.5502	3	0.4175	0.000000	4.016287e+00	7.197877e+02	8.361127e+00	87.7793	1	0
152	3	320.2667	2	0.3178	0.642733	4.542518e+01	3.820144e+03	6.114666e+01	100.0000	0	1
152	0	320.9831	2	0.2843	0.000000	2.800975e+01	2.853431e+03	4.855658e+01	62.2656	1	0
153	3	321.6163	3	0.8344	0.115510	3.823598e+00	3.723025e+02	1.169753e+01	98.0781	1	1
153	0	322.5991	3	0.3510	0.000000	4.284589e+00	7.898911e+02	9.237348e+00	58.1620	1	0
154	3	323.3159	2	0.8846	0.142635	1.971086e+01	2.059770e+03	3.102009e+01	60.1523	0	1
154	0	324.3327	2	0.3345	0.000000	1.212398e+01	2.581328e+03	1.636332e+01	46.2045	1	0
155	3	324.9661	1	0.6678	0.226584	1.348378e+01	1.372793e+03	2.166048e+01	100.0000	0	1
155	0	325.7662	1	0.3519	0.000000	1.268264e+01	2.396021e+03	1.580951e+01	51.0281	1	0
156	3	326.5998	4	1.3179	0.081338	4.358670e+00	4.478071e+02	9.693535e+00	93.5867	1	1
156	0	328.0667	4	0.3177	0.000000	5.880034e+00	1.158032e+03	9.350255e+00	100.0000	1	0
157	3	328.7835	2	0.9510	-0.017969	1.733990e+01	2.197055e+03	3.045173e+01	66.3859	1	1
157	0	329.8670	2	0.3845	0.000000	4.270479e+00	8.811138e+02	7.090752e+00	88.0223	1	0
158	3	330.5836	1	0.9515	0.124725	7.240200e+00	9.323373e+02	2.850708e+01	9.4838	1	1
158	0	331.6838	1	0.6346	0.000000	6.832130e+00	1.265786e+03	8.559697e+00	53.7667	1	0
159	3	332.4506	4	1.3679	0.007915	7.208347e+00	7.046991e+02	1.845471e+01	84.0772	1	1
159	0	333.9509	4	0.3511	0.000000	1.792848e+00	3.240494e+02	3.638658e+00	100.0000	1	0
160	3	334.6676	3	0.7346	0.061018	5.265836e+00	5.014320e+02	1.015165e+01	52.3585	1	1
160	0	335.5344	3	0.4011	0.000000	3.856162e+00	7.522959e+02	9.569214e+00	84.4987	1	0
161	3	336.2512	4	0.7513	0.082601	2.855850e+00	2.850941e+02	7.871276e+00	100.0000	1	1
161	0	337.1513	4	0.4845	0.000000	4.695499e+00	8.393158e+02	6.638495e+00	54.2409	1	0
162	3	337.8774	3	1.0341	-0.006137	6.147239e+00	5.893160e+02	1.565764e+01	85.7083	1	1
162	0	339.0683	3	0.6178	0.000000	2.334496e+00	4.345151e+02	9.005792e+00	92.2074	1	0
163	3	339.8184	1	0.4345	0.498224	3.225378e+01	3.334517e+03	4.789880e+01	100.0000	0	1
163	0	340.5431	1	0.4178	0.000000	6.525984e+00	1.231087e+03	1.184280e+01	55.4579	1	0
164	3	341.1762	2	0.7674	0.104151	1.022345e+01	9.803916e+02	1.881122e+01	26.0761	1	1
164	0	342.0759	2	0.3014	0.000000	1.105623e+01	2.250340e+03	1.721618e+01	92.7987	1	0
165	3	342.7924	3	0.7674	0.076079	1.301803e+01	1.258015e+03	2.010761e+01	52.2140	1	1
165	0	343.6921	3	0.3014	0.000000	3.512145e+00	6.804536e+02	5.972698e+00	86.4682	1	0
166	3	344.4085	2	0.8009	0.045090	1.722119e+01	1.694050e+03	2.273039e+01	61.8170	1	1
166	0	345.3416	2	0.3672	0.000000	7.391348e+00	1.565466e+03	1.363345e+01	84.9947	1	0
167	3	346.0580	4	1.1176	-0.084438	1.459295e+01	1.602906e+03	3.091735e+01	26.9069	1	1
167	0	347.3241	4	0.3346	0.000000	1.172582e+01	2.315878e+03	3.004551e+01	96.5825	1	0
168	3	348.0406	1	0.3510	0.526230	2.942032e+01	2.720644e+03	4.855675e+01	100.0000	0	1
168	0	348.7572	1	0.4675	0.000000	1.089491e+01	1.851067e+03	1.773347e+01	100.0000	1	0
169	3	350.0566	2	1.1340	0.046181	1.674262e+01	1.674913e+03	2.528338e+01	48.8800	1	1
169	0	351.3228	2	0.2344	0.000000	5.294214e+00	9.107960e+02	8.436310e+00	55.6823	1	0
170	3	352.0391	3	0.9009	0.022194	1.737108e+01	1.683722e+03	3.462670e+01	69.6616	1	1
170	0	353.0722	3	0.2850	0.000000	3.913593e+00	7.042971e+02	1.311502e+01	88.3610	1	0
171	3	353.7889	4	0.9505	0.044079	1.616197e+01	1.558803e+03	3.549070e+01	75.9713	1	1
171	0	354.8716	4	0.3845	0.000000	8.975431e+00	1.912081e+03	2.839204e+01	88.6847	1	0
172	3	355.5880	1	1.3340	0.062048	1.714007e+01	2.447668e+03	3.869396e+01	64.3193	1	1
172	0	357.0711	1	0.3176	0.000000	3.136400e+00	5.836411e+02	5.074209e+00	54.3976	1	0
173	3	357.7878	3	0.8178	0.059951	4.395335e+00	4.178558e+02	9.274228e+00	70.0669	1	1
173	0	358.7379	3	0.3512	0.000000	6.663757e+00	1.386383e+03	1.259859e+01	85.4114	1	0
174	3	359.4547	4	0.8846	-0.014064	4.036043e+00	4.043469e+02	1.219607e+01	5.4559	1	1
174	0	360.4882	4	0.4012	0.000000	3.658122e+00	6.729520e+02	8.059272e+00	79.1326	1	0
175	3	361.2051	1	0.5345	0.231667	1.170651e+01	1.210412e+03	2.254663e+01	100.0000	1	1
175	0	361.9218	1	0.4012	0.000000	4.989590e+00	9.423914e+02	7.670250e+00	52.2393	1	0
176	3	362.6386	2	0.6679	0.112916	1.129000e+01	1.139882e+03	1.343517e+01	16.2456	1	1
176	0	363.4387	2	0.4178	0.000000	5.263158e+00	1.116854e+03	1.093217e+01	72.4325	1	0
177	3	364.1555	4	0.7679	0.080422	1.259246e+01	1.427176e+03	2.273779e+01	58.0069	1	1
177	0	365.0723	4	0.3679	0.000000	5.418001e+00	1.023854e+03	7.697507e+00	51.5350	1	0
178	3	365.7890	1	1.0681	0.046396	8.442656e+00	9.547847e+02	1.976505e+01	78.6960	1	1
178	0	366.9891	1	0.4679	0.000000	6.510442e+00	1.198696e+03	1.382329e+01	100.0000	1	0
179	3	367.7061	2	0.9180	-0.019919	1.160705e+01	1.128849e+03	2.367399e+01	31.6539	1	1
179	0	368.7728	2	0.4013	0.000000	5.011222e+00	9.882880e+02	1.177877e+01	64.9227	1	0
180	3	369.4896	3	1.1346	0.005894	8.741325e+00	8.349669e+02	1.584110e+01	42.8086	1	1
180	0	370.7565	3	0.3346	0.000000	4.864608e+00	8.971361e+02	1.421623e+01	88.7399	1	0
181	3	371.4731	4	0.7513	0.136215	6.998007e+00	6.691134e+02	1.380006e+01	97.4541	1	1
181	0	372.3568	4	0.4012	0.000000	6.587540e+00	1.155725e+03	7.872370e+00	89.4663	1	0
182	3	373.0821	3	0.8509	-0.019960	5.375998e+00	5.930546e+02	2.901339e+01	7.2106	1	1
182	0	374.0818	3	0.3677	0.000000	4.932265e+00	9.053047e+02	6.883579e+00	55.1755	1	0
183	3	374.8071	1	0.4178	0.146223	9.259691e+00	1.078941e+03	1.653676e+01	10.5519	1	1
183	0	375.5240	1	0.3343	0.000000	8.170398e+00	1.574794e+03	1.505672e+01	52.8197	1	0
184	3	376.2406	2	0.6512	0.007262	3.548229e+00	3.466202e+02	7.265643e+00	59.4338	1	1
184	0	377.0309	2	0.2675	0.000000	4.472171e+00	9.133051e+02	1.115116e+01	71.1345	1	0
185	3	377.7473	3	1.0176	0.009941	7.942115e+00	8.551761e+02	2.584118e+01	5.2745	1	1
185	0	378.9135	3	0.5842	0.000000	5.267157e+00	1.046203e+03	1.336487e+01	84.3685	1	0
186	3	379.6300	1	1.3344	0.051738	1.512526e+01	1.913172e+03	2.440267e+01	30.9943	1	1
186	0	381.1129	1	0.4512	0.000000	7.480220e+00	1.434877e+03	1.749692e+01	93.2861	1	0
187	3	381.8292	2	0.6175	0.014715	2.116048e+00	2.223700e+02	1.346890e+01	4.4855	1	1
187	0	382.5789	2	0.2679	0.000000	7.158983e+00	1.576400e+03	8.795983e+00	53.3426	1	0
188	3	383.2954	4	1.6838	0.040886	2.494214e+00	3.405518e+02	6.202364e+00	47.8663	1	1
188	0	385.1115	4	0.5509	0.000000	3.514536e+00	6.383207e+02	7.968096e+00	100.0000	1	0
189	3	385.8280	2	0.8839	-0.041596	2.572380e+01	2.624249e+03	4.315438e+01	68.6445	1	1
189	0	386.8441	2	0.3010	0.000000	4.745895e+00	9.922115e+02	8.842880e+00	82.2015	1	0
190	3	387.5607	3	1.0007	0.018524	9.841685e+00	1.046305e+03	2.475216e+01	5.3196	1	1
190	0	388.7103	3	0.7011	0.000000	5.107943e+00	9.644695e+02	1.354620e+01	76.3418	1	0
191	3	389.8433	1	1.0340	0.035847	2.468673e+00	2.895823e+02	5.239450e+00	5.5921	1	1
191	0	391.0096	1	0.3180	0.000000	3.182767e+00	6.008592e+02	4.630988e+00	91.5825	1	0
192	3	391.7264	4	0.8678	-0.022682	8.816626e+00	8.921695e+02	1.512965e+01	74.2729	1	1
192	0	392.7265	4	0.3845	0.000000	4.406345e+00	8.023982e+02	1.081964e+01	99.3488	1	0
193	1	405.9786	3	1.8013	-0.005348	1.894123e+01	2.055819e+03	2.600887e+01	55.9377	1	1
193	0	407.9205	3	0.7340	0.000000	2.977966e+00	5.706653e+02	1.083493e+01	67.4379	1	0
194	1	408.7957	2	0.6846	-0.182638	1.648154e+01	1.902527e+03	3.532467e+01	74.2232	1	1
194	0	409.6124	2	0.4345	0.000000	1.718176e+01	4.169067e+03	3.648567e+01	95.9338	1	0
195	1	410.3363	1	0.6846	-0.136104	1.022132e+01	1.226961e+03	1.705423e+01	77.0105	1	1
195	0	411.1692	1	0.3344	0.000000	6.023680e+00	1.160536e+03	9.371683e+00	51.7983	1	0
196	1	411.8858	4	0.6011	0.013227	1.827208e+01	1.902586e+03	3.091511e+01	74.4010	1	1
196	0	412.6189	4	0.3676	0.000000	2.262482e+00	3.951768e+02	6.704400e+00	100.0000	1	0
197	1	413.3353	3	0.7011	-0.143394	1.002899e+01	1.016466e+03	1.403717e+01	86.9704	1	1
197	0	414.1850	3	0.4010	0.000000	9.576278e+00	1.863466e+03	1.310869e+01	49.6170	1	0
198	1	414.9015	2	0.6341	-0.208170	6.301292e+00	5.866038e+02	1.966395e+01	100.0000	0	1
198	0	415.6680	2	0.3345	0.000000	1.576780e+01	3.152102e+03	1.997732e+01	51.3405	1	0
199	1	416.3011	1	0.6674	-0.094703	3.646528e+00	3.967538e+02	9.117474e+00	100.0000	1	1
199	0	417.1007	1	0.3010	0.000000	7.643968e+00	1.395676e+03	8.868468e+00	54.1227	1	0
200	1	417.8172	4	0.8343	-0.201473	1.262225e+01	1.287927e+03	1.941668e+01	98.1720	1	1
200	0	418.8001	4	0.3678	0.000000	1.512123e+01	2.822860e+03	1.560267e+01	89.2591	1	0
201	1	419.5165	2	0.7675	-0.079408	1.478756e+01	1.413805e+03	2.172933e+01	68.4353	1	1
201	0	420.4162	2	0.2844	0.000000	6.711384e+00	1.230181e+03	9.370623e+00	53.7734	1	0
202	1	421.1328	3	0.8508	-0.154835	1.068764e+01	1.038167e+03	1.564703e+01	74.8004	0	1
202	0	422.1323	3	0.3844	0.000000	1.122390e+01	2.218679e+03	1.484092e+01	49.6275	1	0
203	1	422.7654	1	0.7846	-0.116056	4.879585e+00	4.768640e+02	1.137113e+01	100.0000	1	1
203	0	423.6985	1	0.3514	0.000000	8.955265e+00	1.729979e+03	1.286447e+01	52.5956	1	0
204	1	424.4148	4	0.7177	-0.196375	6.146927e+00	6.910773e+02	1.893923e+01	98.3434	1	1
204	0	425.2648	4	0.5847	0.000000	1.947002e+01	3.639798e+03	3.871578e+01	56.4360	1	0
205	1	425.9984	1	0.6847	-0.176888	1.208569e+01	1.228278e+03	1.761750e+01	65.7964	0	1
205	0	426.8317	1	0.3347	0.000000	1.140078e+01	2.062175e+03	1.729067e+01	54.5844	1	0
206	1	427.9819	3	0.9346	-0.041320	3.907771e+00	4.165215e+02	5.062303e+00	54.7293	1	1
206	0	429.0488	3	0.2345	0.000000	3.334110e+00	7.062990e+02	4.321247e+00	49.9261	1	0
207	1	429.9823	2	0.6512	0.051501	5.801930e+00	5.760000e+02	1.374547e+01	73.4568	1	1
207	0	430.7824	2	0.2677	0.000000	4.977425e+00	1.068781e+03	5.082718e+00	51.6022	1	0
208	1	431.4991	4	0.8014	-0.063743	2.556705e+00	2.704096e+02	6.345841e+00	99.2612	1	1
208	0	432.4493	4	0.3013	0.000000	9.066750e+00	1.767838e+03	2.305897e+01	98.4933	1	0
209	3	445.7013	4	1.9181	0.053688	1.270499e+01	1.414768e+03	2.274987e+01	6.2868	1	1
209	0	447.7571	4	0.6009	0.000000	1.045509e+01	2.172871e+03	3.421793e+01	91.3201	1	0
210	3	448.4901	2	0.5347	0.159728	1.210799e+01	1.186172e+03	1.784759e+01	89.2874	1	1
210	0	449.2067	2	0.2846	0.000000	7.718481e+00	1.701161e+03	1.306806e+01	52.9968	1	0
211	3	449.9353	3	0.9846	0.032532	1.195114e+01	1.305193e+03	2.334421e+01	7.3257	1	1
211	0	451.0560	3	0.3677	0.000000	1.522513e+00	2.730250e+02	2.861981e+00	88.4343	1	0
212	3	451.7724	1	1.6504	0.040886	1.255202e+01	1.597125e+03	1.788256e+01	62.7269	1	1
212	0	453.5551	1	0.3844	0.000000	1.817460e+00	3.409091e+02	5.756646e+00	57.1999	1	0
213	3	454.2715	4	0.6176	0.117095	1.099429e+01	1.059935e+03	2.102978e+01	70.7178	1	1
213	0	455.0214	4	0.4675	0.000000	5.945704e+00	1.162034e+03	1.175066e+01	100.0000	1	0
214	3	455.7377	3	0.9008	0.015375	1.053772e+01	1.051327e+03	2.280123e+01	81.1477	1	1
214	0	456.7874	3	0.4685	0.000000	3.159740e+00	5.832033e+02	5.479081e+00	93.7027	1	0
215	3	457.5037	2	0.6177	-0.016054	1.226364e+01	1.221604e+03	1.847920e+01	43.7236	1	1
215	0	458.2536	2	0.3845	0.000000	4.452572e+00	9.354505e+02	1.637335e+01	100.0000	1	0
216	3	459.0367	1	0.4344	0.408623	2.720526e+01	2.607948e+03	3.851376e+01	100.0000	0	1
216	0	459.7535	1	0.4177	0.000000	1.048486e+01	2.092759e+03	2.206388e+01	88.7003	1	0
217	3	460.4204	3	0.7511	0.077209	8.330622e+00	8.088202e+02	1.432239e+01	82.1714	1	1
217	0	461.3205	3	0.2677	0.000000	2.112397e+00	3.839514e+02	5.242058e+00	70.0918	1	0
218	3	462.0372	2	0.5344	0.121615	2.361211e+01	2.306678e+03	3.516964e+01	57.8803	1	1
218	0	462.7540	2	0.6510	0.000000	1.098537e+01	1.968275e+03	1.856964e+01	93.5660	1	0
219	3	463.8707	4	0.7680	0.172468	1.792524e+01	1.785180e+03	2.767032e+01	78.9178	1	1
219	0	464.7876	4	0.3512	0.000000	6.789904e+00	1.302065e+03	1.092953e+01	51.4241	1	0
220	3	465.5043	1	0.3845	0.461980	2.580418e+01	2.476042e+03	4.410987e+01	100.0000	0	1
220	0	466.2211	1	0.4017	0.000000	7.682538e+00	1.336927e+03	2.149574e+01	65.0552	1	0
221	3	467.1546	4	0.8679	0.054688	7.335853e+00	8.738894e+02	2.005537e+01	2.1386	1	1
221	0	468.1714	4	0.2844	0.000000	3.610585e+00	6.450603e+02	7.068141e+00	100.0000	1	0
222	3	468.8883	1	0.4178	0.165665	1.244172e+01	1.431531e+03	1.856786e+01	88.1712	1	1
222	0	469.6051	1	0.2510	0.000000	4.384712e+00	8.182985e+02	1.035535e+01	55.3073	1	0
223	3	470.3329	3	0.6508	-0.035946	7.812178e+00	7.631004e+02	1.294958e+01	77.8313	1	1
223	0	471.1219	3	0.3011	0.000000	7.249387e+00	1.434741e+03	1.397945e+01	81.2016	1	0
224	3	471.8387	2	0.7515	0.057848	1.034624e+01	9.985308e+02	1.802819e+01	36.0410	1	1
224	0	472.7386	2	0.3013	0.000000	6.256458e+00	1.383667e+03	1.407555e+01	100.0000	1	0
225	3	473.4557	4	0.9344	0.105621	2.317758e+01	2.634700e+03	3.304469e+01	61.7518	1	1
225	0	474.5224	4	0.3680	0.000000	9.245954e+00	1.683003e+03	1.181368e+01	88.3295	1	0
226	3	475.2478	2	0.4676	0.384658	2.477252e+01	2.249335e+03	3.672840e+01	93.3579	0	1
226	0	475.9643	2	0.3182	0.000000	1.739894e+01	2.726538e+03	2.791821e+01	59.2525	1	0
227	3	476.5974	3	0.8842	0.024252	1.259851e+01	1.265084e+03	2.611036e+01	61.9156	1	1
227	0	477.6303	3	0.3844	0.000000	4.060163e+00	7.654577e+02	7.405411e+00	70.7688	1	0
228	3	478.3563	1	1.1847	0.059951	1.093573e+01	1.181533e+03	2.100552e+01	66.8901	1	1
228	0	479.6797	1	0.3843	0.000000	6.303619e+00	1.192537e+03	1.590523e+01	100.0000	1	0
229	3	480.3960	4	1.2675	0.050547	1.427201e+01	1.534226e+03	2.945279e+01	66.9697	1	1
229	0	481.7956	4	0.4512	0.000000	4.198528e+00	7.616411e+02	7.124364e+00	96.7392	1	0
230	3	482.5120	2	0.7507	-0.152097	1.275691e+01	1.238411e+03	2.467861e+01	35.4426	0	1
230	0	483.3951	2	0.3182	0.000000	1.757754e+01	3.420362e+03	2.648723e+01	67.9007	1	0
231	3	484.0283	3	0.9509	-0.046927	5.658221e+00	5.566660e+02	1.113186e+01	3.6696	1	1
231	0	485.1278	3	0.4009	0.000000	4.296282e+00	8.104652e+02	6.708458e+00	53.6912	1	0
232	3	485.8442	1	1.0344	0.083376	1.293248e+01	1.461833e+03	2.280123e+01	82.9347	1	1
232	0	487.0272	1	0.4012	0.000000	6.265269e+00	1.231711e+03	1.205493e+01	92.5138	1	0
233	3	487.7435	2	0.7842	-0.097405	9.668365e+00	9.855569e+02	1.317400e+01	7.7723	1	1
233	0	488.6599	2	0.3677	0.000000	1.001201e+01	1.995906e+03	1.949979e+01	86.4022	1	0
234	3	489.3763	3	0.8847	-0.010556	1.221828e+01	1.231895e+03	2.220494e+01	55.5597	1	1
234	0	490.4093	3	0.4346	0.000000	3.084286e+00	5.955237e+02	3.832767e+00	50.9518	1	0
235	3	491.1258	1	0.7177	0.228053	9.168171e+00	9.724679e+02	2.191357e+01	100.0000	0	1
235	0	491.9922	1	0.6344	0.000000	1.052551e+01	1.905865e+03	1.405492e+01	54.3840	1	0
236	3	492.7752	4	0.9679	-0.007777	1.861606e+00	1.847368e+02	3.684833e+00	4.5649	1	1
236	0	493.8754	4	0.5345	0.000000	4.630424e+00	8.570894e+02	1.696060e+01	92.7016	1	0
237	3	494.5922	3	0.9011	-0.016431	3.575319e+00	4.034036e+02	9.361276e+00	63.2270	1	1
237	0	495.6257	3	0.3344	0.000000	5.270076e+00	1.026326e+03	1.074557e+01	67.6735	1	0
238	3	496.3424	2	0.7012	-0.063185	5.988106e+00	5.776609e+02	1.206602e+01	82.3745	1	1
238	0	497.1758	2	0.3010	0.000000	4.044383e+00	9.330623e+02	8.038716e+00	70.8425	1	0
239	3	497.8927	4	0.7677	0.039012	5.132242e+00	5.529324e+02	1.223354e+01	6.3036	1	1
239	0	498.7928	4	0.2345	0.000000	3.325795e+00	5.909111e+02	5.379106e+00	100.0000	1	0
240	3	499.5097	1	0.4009	0.346711	1.921235e+01	1.958960e+03	3.336881e+01	100.0000	0	1
240	0	500.2264	1	0.4511	0.000000	6.301076e+00	1.222435e+03	1.867932e+01	92.0576	1	0
241	3	501.2098	3	0.9015	-0.033086	2.309428e+00	2.242596e+02	5.222114e+00	7.7480	1	1
241	0	502.2599	3	0.3012	0.000000	4.378595e+00	8.173964e+02	9.027502e+00	83.1702	1	0
242	3	502.9768	2	0.6845	0.007915	5.084553e+00	4.837636e+02	1.195692e+01	0.0272	1	1
242	0	503.8102	2	0.2678	0.000000	2.925071e+00	6.208470e+02	3.765619e+00	83.9419	1	0
243	3	504.5271	4	0.9844	0.090017	5.023455e+00	5.181066e+02	1.032981e+01	93.8694	1	1
243	0	505.6438	4	0.4013	0.000000	8.076474e+00	1.443701e+03	9.933542e+00	54.8673	1	0
244	3	506.3606	1	0.9180	0.066287	1.478134e+01	1.751535e+03	3.244183e+01	76.7379	1	1
244	0	507.4274	1	0.4011	0.000000	4.969244e+00	9.123868e+02	1.215710e+01	95.3650	1	0
245	3	508.1534	2	1.1677	-0.028502	3.083242e+01	3.035038e+03	4.670190e+01	62.4626	1	1
245	0	509.4698	2	0.3175	0.000000	6.337583e+00	1.250163e+03	1.715428e+01	90.5373	1	0
246	3	510.1945	1	1.1013	0.074718	7.036800e+00	9.080023e+02	1.848388e+01	7.4949	1	1
246	0	511.4523	1	0.7842	0.000000	4.714446e+00	8.775623e+02	6.166623e+00	89.8289	1	0
247	3	512.3688	4	1.4338	0.083756	5.152008e+00	4.900144e+02	7.959817e+00	100.0000	1	1
247	0	513.9348	4	0.5679	0.000000	1.068628e+01	1.952806e+03	1.891245e+01	86.2202	1	0
248	3	514.6511	3	0.8843	-0.007090	6.160429e+00	6.130607e+02	1.269428e+01	53.9085	1	1
248	0	515.6841	3	0.2511	0.000000	3.833267e+00	7.339686e+02	1.166165e+01	88.2408	1	0
249	3	516.4007	2	0.6175	-0.025815	7.307975e+00	7.073517e+02	1.545797e+01	25.1998	1	1
249	0	517.1505	2	0.2843	0.000000	4.166225e+00	7.784087e+02	1.104876e+01	100.0000	1	0
250	3	517.8667	4	0.8838	-0.005462	1.086962e+01	1.219911e+03	2.258516e+01	39.9447	1	1
250	0	518.8831	4	0.3343	0.000000	8.192845e+00	1.717894e+03	2.616839e+01	93.4960	1	0
251	3	519.5995	1	0.7843	0.121510	1.252403e+01	1.379438e+03	2.562524e+01	50.4156	1	1
251	0	520.5160	1	0.3509	0.000000	7.531456e+00	1.433637e+03	9.663395e+00	53.0452	1	0
252	3	521.2324	3	0.7841	0.103167	5.793664e+00	6.652497e+02	1.219023e+01	97.3121	1	1
252	0	522.1654	3	0.2342	0.000000	5.939395e+00	1.167921e+03	1.440010e+01	71.5050	1	0
253	3	522.8819	1	0.7507	0.108825	4.428690e+00	4.265170e+02	1.045572e+01	91.2211	1	1
253	0	523.7815	1	0.3512	0.000000	4.053037e+00	7.584687e+02	8.349588e+00	54.7277	1	0
254	3	524.4979	4	0.8344	0.008184	1.393564e+00	1.345894e+02	9.023564e+00	3.5916	1	1
254	0	525.4810	4	0.3342	0.000000	2.731261e+00	5.016020e+02	8.981192e+00	100.0000	1	0
255	3	526.1973	3	0.7841	0.034613	6.093996e+00	6.310376e+02	1.152838e+01	91.9482	1	1
255	0	527.1138	3	0.3677	0.000000	2.755782e+00	5.400435e+02	3.303987e+00	100.0000	1	0
256	3	527.8307	2	0.7343	-0.012089	1.215510e+01	1.288518e+03	2.252999e+01	39.8980	1	1
256	0	528.7140	2	0.3178	0.000000	4.613803e+00	9.207969e+02	6.879735e+00	100.0000	1	0
257	1	541.9661	4	0.8678	-0.074528	1.902338e+01	2.053355e+03	3.238886e+01	66.9075	1	1
257	0	542.9662	4	0.3679	0.000000	7.308129e+00	1.355671e+03	1.545175e+01	91.9678	1	0
258	1	543.6915	3	1.7674	-0.071307	1.239840e+01	1.634389e+03	4.119951e+01	88.3792	1	1
258	0	545.6074	3	0.4345	0.000000	9.558630e+00	1.866762e+03	1.542879e+01	80.1960	1	0
259	1	546.3334	2	0.6012	-0.145014	2.890483e+01	2.976906e+03	5.181118e+01	50.5003	1	1
259	0	547.0903	2	0.3010	0.000000	1.254986e+01	2.836179e+03	1.443095e+01	75.0970	1	0
260	1	547.8068	1	0.7346	-0.164295	1.133953e+01	1.442564e+03	1.581157e+01	100.0000	1	1
260	0	548.6899	1	0.3343	0.000000	6.632420e+00	1.205378e+03	1.087208e+01	53.7007	1	0
261	1	549.4061	4	1.5175	-0.039662	1.841478e+01	2.005723e+03	2.726278e+01	63.2629	1	1
261	0	551.0556	4	0.5513	0.000000	8.890652e+00	1.670716e+03	3.063326e+01	91.0530	1	0
262	1	551.7720	3	0.7343	-0.177264	1.384552e+01	1.326945e+03	1.862458e+01	89.5978	0	1
262	0	552.6551	3	0.4009	0.000000	1.946021e+01	3.570258e+03	3.572507e+01	50.4166	1	0
263	1	553.2882	1	0.7175	-0.176441	1.440263e+01	1.415413e+03	1.728129e+01	100.0000	0	1
263	0	554.1548	1	0.3341	0.000000	9.596096e+00	1.786833e+03	1.655403e+01	52.3986	1	0
264	1	554.7878	2	1.0006	-0.007915	6.989846e+00	6.742389e+02	1.910567e+01	70.5937	1	1
264	0	555.9374	2	0.2511	0.000000	4.225243e+00	8.742536e+02	5.077015e+00	69.7313	1	0
265	1	556.6537	1	1.2175	-0.031904	8.048751e+00	9.821973e+02	1.105898e+01	79.5296	1	1
265	0	558.0200	1	0.2676	0.000000	1.299993e+00	2.385153e+02	1.526173e+00	62.4036	1	0
266	1	558.7364	2	1.0171	-0.085127	5.318771e+00	5.107185e+02	8.111421e+00	100.0000	1	1
266	0	559.8861	2	0.3342	0.000000	6.711401e+00	1.287811e+03	8.114844e+00	52.7308	1	0
267	1	560.6025	4	1.0681	0.034653	8.397044e+00	8.500115e+02	1.990319e+01	79.0965	1	1
267	0	561.8191	4	0.3516	0.000000	5.957206e+00	1.121670e+03	1.076305e+01	82.3581	1	0
268	1	562.5359	3	0.9680	-0.053425	1.024110e+01	1.019639e+03	2.803348e+01	13.9637	1	1
268	0	563.6360	3	0.3346	0.000000	5.078736e+00	9.404183e+02	5.335082e+00	55.0323	1	0
269	1	564.3530	4	1.3512	0.084455	6.444214e+00	6.309688e+02	2.765602e+01	5.7725	0	1
269	0	565.8365	4	0.6176	0.000000	1.608895e+01	3.000342e+03	1.662170e+01	68.4358	1	0
270	1	566.5865	2	0.7847	-0.048091	3.430864e+00	3.309995e+02	6.915207e+00	20.7415	1	1
270	0	567.5200	2	0.2678	0.000000	4.567224e+00	8.853862e+02	5.335506e+00	53.8664	1	0
271	1	568.2369	1	1.2344	-0.057378	8.801318e+00	9.645104e+02	2.874643e+01	0.2321	1	1
271	0	569.6037	1	0.3344	0.000000	2.883503e+00	5.687059e+02	3.559375e+00	51.0650	1	0
272	1	570.3205	3	1.2012	-0.034653	7.451345e+00	7.993963e+02	1.452712e+01	62.9162	1	1
272	0	571.6539	3	0.7345	0.000000	3.452731e+00	6.673481e+02	5.186522e+00	98.3473	1	0
