Trial	Type	Onset	Target #	Time to Target	Endpoint Error	Est. Avg. Error Mag	Accum. Error x dMagProj	Max Error Mag.	Max Error Pos. (% of trajectory)	Feedback	Target (1)/Return (0)
1	1	0.5494	4	2.7675	-0.042641	3.872043e+00	4.180387e+02	2.223738e+01	92.9940	1	1
1	0	3.4491	4	1.0847	0.000000	4.282245e+00	7.525837e+02	4.827723e+00	55.3877	1	0
2	1	4.6827	1	1.2178	-0.018714	1.037046e+01	1.016732e+03	1.500982e+01	50.2946	1	1
2	0	6.0328	1	0.8846	0.000000	2.466955e+00	4.533069e+02	4.065074e+00	67.7418	1	0
3	1	7.0663	2	1.4014	-0.034469	3.434034e+00	3.293464e+02	1.245538e+01	0.5301	1	1
3	0	8.5999	2	0.7178	0.000000	1.047525e+00	1.919527e+02	2.026675e+00	98.7579	1	0
4	1	9.4500	3	2.3181	-0.013368	3.795692e+00	3.745342e+02	1.666860e+01	2.0476	1	1
4	0	11.9005	3	1.4513	0.000000	2.994794e+00	5.346230e+02	1.105214e+01	72.0371	1	0
5	1	13.5007	4	2.2016	-0.016041	4.320110e+00	4.281079e+02	1.500763e+01	0.2567	1	1
5	0	15.8511	4	0.9344	0.000000	1.161381e+00	2.053343e+02	1.780528e+00	55.3892	1	0
6	1	16.9179	1	1.1014	-0.018714	1.091657e+01	1.039208e+03	1.487452e+01	38.9425	1	1
6	0	18.1681	1	0.9677	0.000000	2.727460e+00	4.741997e+02	6.085837e+00	67.9458	1	0
7	1	19.2682	3	2.0848	-0.058756	1.193699e+00	1.386728e+02	5.587211e+00	100.0000	1	1
7	0	21.5091	3	1.4343	0.000000	5.065518e+00	8.923561e+02	8.597144e+00	66.8028	1	0
8	1	23.0918	2	1.5176	0.010610	3.993404e+00	4.250271e+02	8.288908e+00	35.9977	1	1
8	0	24.7414	2	0.6678	0.000000	1.945993e+00	3.610985e+02	3.755216e+00	99.3035	1	0
9	1	25.5578	3	2.0006	-0.010666	3.593385e+00	3.470318e+02	1.139090e+01	3.7643	1	1
9	0	27.7071	3	1.7500	0.000000	1.868660e+00	3.359070e+02	3.811989e+00	64.7079	1	0
10	1	29.5891	2	1.3843	0.029325	6.036943e+00	6.849295e+02	1.230875e+01	3.6163	1	1
10	0	31.1219	2	1.0511	0.000000	5.109928e+00	9.647858e+02	1.121385e+01	76.9689	1	0
11	1	32.3215	4	2.7337	-0.029403	4.782301e+00	5.828362e+02	8.808574e+00	70.8956	1	1
11	0	35.1873	4	1.0176	0.000000	6.052637e+00	1.064062e+03	1.137113e+01	55.4825	1	0
12	1	36.3370	1	1.8681	-0.018714	7.845816e+00	7.820545e+02	1.364170e+01	48.4023	1	1
12	0	38.3540	1	1.0679	0.000000	9.553560e-01	1.757276e+02	7.358086e+00	55.8837	1	0
13	1	39.5547	3	2.2847	0.008021	2.386192e+00	2.917732e+02	7.277832e+00	40.9140	1	1
13	0	41.9884	3	1.4846	0.000000	2.847863e+00	5.058637e+02	9.098530e+00	66.5918	1	0
14	1	43.6053	4	2.0847	-0.015788	3.020495e+00	3.139150e+02	1.309467e+01	5.3999	1	1
14	0	45.8224	4	1.1345	0.000000	2.048483e+00	3.597322e+02	3.812063e+00	63.4962	1	0
15	1	47.0892	2	1.6346	0.010582	4.754245e+00	6.154878e+02	1.080515e+01	75.4327	1	1
15	0	48.8561	2	1.0680	0.000000	4.677958e+00	9.063031e+02	1.173406e+01	78.3897	1	0
16	1	50.0563	1	2.1181	-0.026732	6.100671e+00	6.485060e+02	1.600020e+01	6.0067	1	1
16	0	52.3233	1	1.0678	0.000000	3.407021e+00	5.921346e+02	7.807234e+00	79.8112	1	0
17	2	66.0774	2	2.3831	-0.068494	3.341597e+00	3.246730e+02	6.598972e+00	100.0000	1	1
17	0	68.5927	2	1.2176	0.000000	5.125808e+00	9.052165e+02	6.599527e+00	55.4800	1	0
18	2	69.9589	4	3.4016	0.024060	2.019943e+00	2.453032e+02	4.318838e+00	89.0355	1	1
18	0	73.5100	4	1.4845	0.000000	2.350091e+00	4.105194e+02	4.316847e+00	70.6908	1	0
19	2	75.1268	1	1.2847	-0.029169	3.983233e+00	4.039545e+02	1.320202e+01	2.7018	1	1
19	0	76.5604	1	0.8346	0.000000	1.661465e+00	3.069553e+02	3.559420e+00	54.7893	1	0
20	2	77.5438	3	1.7181	-0.005333	1.661340e+00	1.951874e+02	5.584011e+00	88.7967	1	1
20	0	79.3941	3	1.2179	0.000000	1.624520e+00	2.929057e+02	5.833327e+00	68.5580	1	0
21	2	80.7610	4	2.2681	-0.029403	4.007183e+00	3.941239e+02	1.290800e+01	3.9620	1	1
21	0	83.1614	4	1.4512	0.000000	4.263952e+00	7.468883e+02	7.104229e+00	55.7973	1	0
22	2	84.7450	2	1.7181	-0.015872	4.715890e+00	6.059686e+02	1.346164e+01	62.1235	1	1
22	0	86.5952	2	0.7845	0.000000	2.124063e+00	3.946129e+02	5.073741e+00	73.4949	1	0
23	2	87.5203	3	1.7999	0.013297	1.384544e+00	1.426943e+02	9.604821e+00	3.2618	1	1
23	0	89.4522	3	1.3679	0.000000	1.892122e+00	3.434676e+02	9.639493e+00	88.3706	1	0
24	2	90.9686	1	2.1012	0.005348	3.861920e+00	4.915802e+02	1.179720e+01	48.1954	1	1
24	0	93.2184	1	1.0835	0.000000	5.615643e-01	1.022988e+02	2.288033e+00	77.2514	1	0
25	2	94.4339	2	1.8848	-0.021387	3.575962e+00	3.610497e+02	1.524514e+01	0.7550	1	1
25	0	96.4506	2	0.9838	0.000000	1.423480e+00	2.628965e+02	2.289049e+00	55.0857	1	0
26	2	97.5830	4	2.8170	-0.010471	1.869513e+00	2.322150e+02	8.338404e+00	79.1314	1	1
26	0	100.5487	4	1.2349	0.000000	2.048771e+00	3.635708e+02	5.081247e+00	55.6444	1	0
27	2	101.9320	1	1.6668	0.005333	3.545158e+00	3.519004e+02	1.114777e+01	1.0210	1	1
27	0	103.7477	1	0.9180	0.000000	1.152532e+00	2.001377e+02	3.798302e+00	88.7495	1	0
28	2	104.7980	3	2.0181	0.005319	7.904666e-01	9.431091e+01	2.254788e+00	10.7092	1	1
28	0	106.9650	3	1.4681	0.000000	5.573691e-01	9.903640e+01	2.540478e+00	84.0836	1	0
29	2	108.5819	4	2.4181	-0.045302	2.877311e+00	2.787390e+02	1.321919e+01	0.5248	1	1
29	0	111.1323	4	1.3846	0.000000	3.768317e+00	6.581243e+02	4.574181e+00	55.5965	1	0
30	2	112.6492	2	1.6180	-0.013227	8.273006e-01	1.018175e+02	1.271904e+00	100.0000	1	1
30	0	114.3995	2	0.8679	0.000000	2.075545e+00	3.853681e+02	3.299764e+00	84.0398	1	0
31	2	115.3996	3	2.0014	-0.005333	2.654288e+00	2.662431e+02	1.027382e+01	2.9264	1	1
31	0	117.5500	3	1.6680	0.000000	8.820092e-01	1.571656e+02	3.045846e+00	85.5784	1	0
32	2	119.3502	1	2.3349	-0.005348	1.489567e+00	1.805339e+02	3.520228e+00	40.3721	1	1
32	0	121.8419	1	1.0675	0.000000	5.493671e-01	1.007716e+02	1.017561e+00	55.0574	1	0
33	2	123.0416	2	1.5842	0.010638	4.357050e+00	4.167548e+02	1.348337e+01	0.0000	1	1
33	0	124.7744	2	0.8340	0.000000	1.017450e+00	1.775822e+02	1.017556e+00	55.5312	1	0
34	2	125.7406	4	2.7002	-0.053425	3.677637e+00	4.109958e+02	8.695920e+00	49.8225	1	1
34	0	128.5731	4	1.2007	0.000000	4.744656e+00	8.319986e+02	7.608666e+00	55.2937	1	0
35	2	129.9226	1	2.0337	-0.039872	7.778747e+00	7.561726e+02	1.367926e+01	1.3029	1	1
35	0	132.0885	1	1.0174	0.000000	1.920557e+00	3.329746e+02	3.558628e+00	61.4249	1	0
36	2	133.2381	3	2.4503	-0.005333	1.100830e+00	1.338993e+02	4.315708e+00	76.0393	1	1
36	0	135.8373	3	1.2673	0.000000	9.114268e-01	1.623826e+02	3.804085e+00	83.9033	1	0
37	2	137.2368	4	2.6510	-0.010695	4.195073e+00	4.012684e+02	1.406608e+01	2.3634	1	1
37	0	140.0201	4	1.4013	0.000000	1.911644e+00	3.390589e+02	3.540529e+00	92.1784	1	0
38	2	141.5536	2	1.6848	0.024060	2.971090e+00	3.784376e+02	3.455302e+00	10.8509	1	1
38	0	143.3873	2	0.8678	0.000000	3.425312e+00	6.083411e+02	7.829742e+00	74.2919	1	0
39	2	144.3875	3	2.2683	-0.050623	1.404196e+00	1.379020e+02	1.567341e+01	1.8019	1	1
39	0	146.8045	3	1.1512	0.000000	3.292096e+00	5.896883e+02	7.445045e+00	91.7863	1	0
40	2	148.1046	1	1.9180	-0.002660	2.400242e+00	3.101157e+02	5.979686e+00	12.7738	1	1
40	0	150.1549	1	0.9514	0.000000	2.867838e-01	5.231969e+01	1.016488e+00	98.8852	1	0
41	2	151.2552	2	1.8180	-0.015914	3.111553e+00	2.999775e+02	1.245538e+01	0.5273	1	1
41	0	153.2222	2	0.8680	0.000000	1.664493e+00	2.894038e+02	2.280033e+00	96.6166	1	0
42	2	154.2223	4	2.8014	-0.010666	3.178892e+00	3.652856e+02	7.257957e+00	51.5914	1	1
42	0	157.1634	4	1.2841	0.000000	1.702624e+00	2.981445e+02	4.066204e+00	60.4907	1	0
43	2	158.5963	1	1.2673	-0.042528	6.096707e+00	6.068327e+02	1.178741e+01	2.0158	1	1
43	0	159.9957	1	0.8341	0.000000	3.030248e+00	5.442244e+02	4.319672e+00	61.9220	1	0
44	2	160.9623	3	2.1839	0.005348	1.190437e+00	1.432001e+02	4.310617e+00	64.9559	1	1
44	0	163.2948	3	1.3342	0.000000	1.294554e+00	2.323293e+02	7.462680e+00	90.8814	1	0
45	2	164.7775	4	2.4175	-0.010610	1.275877e+00	1.255969e+02	1.347378e+01	0.5165	1	1
45	0	167.3434	4	1.4005	0.000000	3.389439e+00	6.088113e+02	4.320771e+00	55.3266	1	0
46	2	168.8763	2	1.6510	-0.077385	3.754565e+00	4.663326e+02	7.601309e+00	91.5563	1	1
46	0	170.6756	2	1.0011	0.000000	4.288884e+00	7.584553e+02	6.851055e+00	53.6636	1	0
47	2	171.8251	3	1.8177	0.007957	4.039101e+00	3.891650e+02	1.027382e+01	37.7800	1	1
47	0	173.7753	3	1.5845	0.000000	3.804852e+00	6.913475e+02	8.456134e+00	88.9948	1	0
48	2	175.4922	1	2.4681	-0.007979	3.427756e+00	4.324058e+02	8.617129e+00	42.3131	1	1
48	0	178.0926	1	0.9346	0.000000	9.190660e-01	1.617226e+02	3.556160e+00	73.5022	1	0
49	2	179.1761	2	1.7347	-0.037316	3.774209e+00	3.966038e+02	1.329307e+01	2.1481	1	1
49	0	181.0431	2	0.7178	0.000000	2.287037e+00	4.032641e+02	3.051348e+00	55.3765	1	0
50	2	181.8932	4	2.4181	0.010695	1.749732e+00	2.026544e+02	5.576155e+00	73.6542	1	1
50	0	184.4436	4	1.1345	0.000000	2.407827e+00	4.228191e+02	8.814619e+00	76.1293	1	0
51	2	185.7271	1	1.2179	-0.024060	5.208010e+00	5.190007e+02	1.125828e+01	65.8075	1	1
51	0	187.0773	1	0.8013	0.000000	2.972914e+00	5.408597e+02	5.321261e+00	78.0685	1	0
52	2	188.0274	3	2.5349	-0.002660	1.573195e+00	1.846559e+02	4.302880e+00	54.7331	1	1
52	0	190.7189	3	1.4343	0.000000	1.878934e+00	3.352686e+02	8.303246e+00	79.4929	1	0
53	2	192.3017	4	2.2841	-0.050759	2.727140e+00	2.624146e+02	1.251171e+01	3.5694	1	1
53	0	194.7342	4	1.0344	0.000000	3.253503e+00	5.749681e+02	4.320463e+00	54.2163	1	0
54	2	195.9172	2	1.5009	0.010610	6.858592e+00	7.863600e+02	1.327173e+01	56.1374	1	1
54	0	197.5665	2	0.6513	0.000000	2.783412e+00	5.171341e+02	5.579173e+00	68.0276	1	0
55	2	198.3662	3	2.0675	-0.002667	4.361409e+00	4.228748e+02	1.262955e+01	1.5631	1	1
55	0	200.5823	3	1.3342	0.000000	1.976017e+00	3.511479e+02	8.019221e+00	85.2861	1	0
56	2	202.0484	1	1.7343	0.005319	3.129059e+00	4.133017e+02	7.670476e+00	43.8728	1	1
56	0	203.9312	1	0.9842	0.000000	3.296750e+00	5.731593e+02	8.566262e+00	75.7014	1	0
57	2	205.0640	2	1.4508	0.010582	3.483037e+00	3.481464e+02	1.296459e+01	0.5086	1	1
57	0	206.6470	2	0.9346	0.000000	2.791360e+00	5.198598e+02	7.344566e+00	68.6184	1	0
58	2	207.7306	4	2.1848	-0.015999	2.619692e+00	3.120286e+02	3.048427e+00	67.4760	1	1
58	0	210.0642	4	1.2679	0.000000	1.870093e+00	3.304463e+02	4.025692e+00	95.6183	1	0
59	2	211.4644	1	1.4847	-0.047836	4.516373e+00	4.606526e+02	1.078661e+01	3.7602	1	1
59	0	213.0813	1	1.0680	0.000000	3.685106e+00	6.622377e+02	1.133863e+01	65.6113	1	0
60	2	214.2982	3	2.8348	-0.005333	2.620252e+00	3.174238e+02	6.284761e+00	54.2373	1	1
60	0	217.2653	3	1.8512	0.000000	1.227617e+00	2.180154e+02	4.317180e+00	70.4114	1	0
61	2	219.2489	4	2.3848	-0.010666	2.571376e+00	2.485054e+02	1.729194e+01	0.5263	1	1
61	0	221.7660	4	1.4013	0.000000	1.441753e+00	2.524240e+02	1.780523e+00	55.5066	1	0
62	2	223.3078	2	1.6176	0.015830	6.232651e+00	7.866859e+02	1.249018e+01	44.7732	1	1
62	0	225.0831	2	0.9013	0.000000	2.444184e+00	4.828238e+02	3.811157e+00	65.9757	1	0
63	2	226.1237	3	2.1836	-0.026732	4.586469e+00	4.848510e+02	1.224905e+01	3.2444	1	1
63	0	228.4562	3	1.6674	0.000000	3.014453e+00	5.411378e+02	9.249549e+00	83.5344	1	0
64	2	230.2722	1	1.5672	-0.024060	3.744713e+00	4.556837e+02	7.302381e+00	36.5040	1	1
64	0	231.9717	1	0.9677	0.000000	1.987160e+00	3.620939e+02	4.066228e+00	61.9322	1	0
65	1	245.6363	3	2.4848	0.015956	3.377610e+00	3.231245e+02	5.506591e+00	1.0465	1	1
65	0	248.2701	3	1.6346	0.000000	1.569523e+00	2.796345e+02	7.297433e+00	83.2638	1	0
66	1	250.0369	2	1.6181	-0.021217	5.476949e+00	5.445473e+02	9.298370e+00	62.4435	1	1
66	0	251.8040	2	1.1178	0.000000	2.151029e+00	3.990075e+02	3.017338e+00	100.0000	1	0
67	1	253.0708	4	2.4348	0.042415	5.108386e+00	6.245789e+02	9.075772e+00	76.4538	1	1
67	0	255.6379	4	1.2514	0.000000	4.164001e+00	7.318554e+02	5.314107e+00	81.2619	1	0
68	1	257.0466	1	1.0341	-0.010695	7.328638e+00	7.500550e+02	1.054659e+01	4.3509	1	1
68	0	258.2216	1	0.9012	0.000000	6.635782e-01	1.243415e+02	2.289055e+00	55.1408	1	0
69	1	259.2550	2	1.8681	0.010526	4.588161e+00	4.645725e+02	1.234047e+01	2.2264	1	1
69	0	261.2784	2	0.8845	0.000000	3.074506e+00	5.690950e+02	9.264661e+00	82.3547	1	0
70	1	262.2948	4	3.2493	0.008021	4.104375e+00	5.144948e+02	6.294693e+00	58.3668	1	1
70	0	265.6764	4	1.7008	0.000000	1.691896e+00	2.977846e+02	4.550550e+00	87.4449	1	0
71	1	267.5091	1	1.7010	0.000000	5.035923e+00	5.142682e+02	1.553425e+01	3.8633	1	1
71	0	269.3584	1	1.2179	0.000000	1.268540e+00	2.199860e+02	4.022210e+00	95.9823	1	0
72	1	270.7246	3	2.5503	-0.005319	1.887713e+00	2.269415e+02	3.557501e+00	81.7309	1	1
72	0	273.4073	3	1.5844	0.000000	1.026329e+00	1.823081e+02	6.055473e+00	84.7184	1	0
73	1	275.1402	1	1.0181	-0.010582	1.294760e+00	1.491479e+02	3.304260e+00	84.0427	1	1
73	0	276.3071	1	0.6018	0.000000	7.607862e-01	1.391893e+02	2.289037e+00	55.6167	1	0
74	1	277.0411	3	2.1015	-0.032075	1.403632e+00	1.653348e+02	4.550550e+00	53.5710	1	1
74	0	279.2914	3	1.3013	0.000000	3.170519e+00	5.657514e+02	7.538700e+00	83.9096	1	0
75	1	280.7416	2	1.5180	0.010443	5.294562e+00	5.619381e+02	1.054122e+01	44.0018	1	1
75	0	282.3920	2	0.7011	0.000000	3.731095e+00	6.917069e+02	1.091649e+01	84.6363	1	0
76	1	283.2255	4	2.8014	0.072067	3.444786e+00	4.143769e+02	8.854448e+00	90.4271	1	1
76	0	286.1592	4	1.2847	0.000000	1.902312e+00	3.338799e+02	4.318725e+00	64.5615	1	0
77	1	287.5928	3	2.0846	-0.042641	2.884075e+00	2.797510e+02	1.106159e+01	3.0410	1	1
77	0	289.8097	3	1.4679	0.000000	5.301382e+00	9.432550e+02	1.000445e+01	80.8255	1	0
78	1	291.4101	2	1.5679	0.018516	3.878853e+00	4.064020e+02	1.522676e+01	2.8589	1	1
78	0	293.1177	2	0.8342	0.000000	3.129077e+00	5.828161e+02	5.330558e+00	67.5527	1	0
79	1	294.1007	1	1.2674	-0.031904	4.901178e+00	4.833986e+02	1.586631e+01	2.2981	1	1
79	0	295.5169	1	0.7676	0.000000	1.736169e+00	3.189550e+02	3.813326e+00	54.9733	1	0
80	1	296.4165	4	2.2672	-0.010638	1.196891e+00	1.175167e+02	1.348097e+01	0.2591	1	1
80	0	298.8325	4	1.2841	0.000000	2.766816e+00	4.888331e+02	5.525046e+00	91.5135	1	0
81	2	312.8132	2	2.6350	0.010638	5.993806e+00	7.199309e+02	1.294434e+01	40.0618	1	1
81	0	315.5970	2	1.2179	0.000000	1.017453e+00	1.874201e+02	1.017561e+00	55.1026	1	0
82	2	316.9473	4	3.3516	0.034561	4.531878e+00	5.515892e+02	9.037225e+00	65.5848	1	1
82	0	320.4311	4	1.7347	0.000000	2.973056e+00	5.214133e+02	6.731574e+00	91.3292	1	0
83	2	322.2981	1	1.4179	0.005348	6.980212e+00	6.761704e+02	1.473150e+01	6.5175	1	1
83	0	323.8483	1	0.8345	0.000000	7.821508e-01	1.362094e+02	3.280181e+00	96.6857	1	0
84	2	324.8152	3	2.1514	-0.002667	9.783789e-01	1.178373e+02	3.331157e+00	14.2632	1	1
84	0	327.1063	3	1.5342	0.000000	8.252774e-01	1.488211e+02	4.238916e+00	98.7079	1	0
85	2	328.7724	4	2.9667	-0.045423	4.090832e+00	4.025530e+02	1.315051e+01	3.0258	1	1
85	0	331.8880	4	1.2672	0.000000	5.188675e+00	9.164178e+02	9.024345e+00	80.7051	1	0
86	2	333.2876	2	1.7842	-0.037416	1.690349e+00	2.264399e+02	3.559151e+00	100.0000	1	1
86	0	335.2203	2	0.8345	0.000000	3.562824e+00	6.279020e+02	3.813046e+00	56.2669	1	0
87	2	336.2033	3	2.2174	0.010666	3.221948e+00	3.091701e+02	7.565144e+00	1.0512	1	1
87	0	338.5692	3	1.6341	0.000000	3.034174e+00	5.330826e+02	1.042788e+01	84.0627	1	0
88	2	340.3518	1	1.2174	-0.005333	4.724058e+00	5.394110e+02	6.734201e+00	15.0478	1	1
88	0	341.7015	1	0.6175	0.000000	1.029315e+00	1.776186e+02	2.543137e+00	55.5904	1	0
89	2	342.4678	2	1.6514	-0.042755	2.001568e+00	1.966113e+02	1.061001e+01	1.2859	1	1
89	0	344.2682	2	1.0680	0.000000	3.855823e+00	7.180319e+02	4.568152e+00	74.8634	1	0
90	2	345.4850	4	3.2016	-0.024060	4.415789e+00	5.177964e+02	9.719587e+00	45.5945	1	1
90	0	348.8188	4	1.5847	0.000000	4.085175e+00	7.168504e+02	5.326497e+00	72.0902	1	0
91	2	350.5523	1	2.7182	-0.029016	4.456140e+00	4.515105e+02	1.827302e+01	1.2524	1	1
91	0	353.4029	1	1.2680	0.000000	2.861771e+00	5.243991e+02	5.588295e+00	55.1679	1	0
92	2	354.8198	3	2.9348	0.008021	1.401356e+00	1.705082e+02	3.890451e+00	12.2286	1	1
92	0	357.8960	3	2.5669	0.000000	7.747886e-01	1.383083e+02	4.560260e+00	82.6342	1	0
93	2	360.6206	4	3.3183	-0.013157	3.956705e+00	3.905176e+02	1.500763e+01	0.2577	1	1
93	0	364.0939	4	1.6338	0.000000	2.823419e+00	4.950877e+02	6.340757e+00	64.5612	1	0
94	2	365.8599	2	2.6170	-0.080043	3.911099e+00	5.269195e+02	7.858813e+00	98.6585	1	1
94	0	368.6090	2	1.3841	0.000000	5.671099e+00	1.002190e+03	7.608420e+00	54.5348	1	0
95	2	370.1419	3	3.0833	0.000000	2.220114e+00	2.259635e+02	1.586631e+01	2.7103	1	1
95	0	373.3741	3	1.9342	0.000000	1.212171e+00	2.152994e+02	5.582174e+00	67.8636	1	0
96	2	375.4568	1	1.5507	-0.010695	2.711501e+00	3.390816e+02	5.562292e+00	63.7486	1	1
96	0	377.1399	1	0.8848	0.000000	4.858745e-01	8.912702e+01	1.017561e+00	54.9255	1	0
97	2	378.1733	2	1.8014	0.010582	1.227945e+00	1.305851e+02	1.193266e+01	0.7162	1	1
97	0	380.1069	2	0.8680	0.000000	8.095213e-01	1.425133e+02	1.017557e+00	55.4885	1	0
98	2	381.1072	4	3.4182	-0.024060	2.415249e+00	2.806847e+02	9.584818e+00	80.8089	1	1
98	0	384.6576	4	1.6347	0.000000	2.883009e+00	5.058011e+02	7.016655e+00	87.9007	1	0
99	2	386.4246	1	1.6514	0.000000	3.527745e+00	3.585107e+02	1.362378e+01	1.7378	1	1
99	0	388.2249	1	1.1179	0.000000	7.800784e-01	1.427409e+02	1.526107e+00	69.3892	1	0
100	2	389.4916	3	2.6682	-0.021387	1.541074e+00	1.791080e+02	2.961687e+00	18.3041	1	1
100	0	392.2921	3	1.6347	0.000000	3.024155e+00	5.416456e+02	8.576684e+00	73.6129	1	0
101	2	394.0671	4	2.6005	-0.058135	3.490393e+00	3.387655e+02	9.085807e+00	74.4130	1	1
101	0	396.8162	4	1.2173	0.000000	3.820840e+00	6.665018e+02	6.093660e+00	55.6195	1	0
102	2	398.1823	2	1.5340	0.010666	1.010795e+00	1.225685e+02	1.017555e+00	100.0000	1	1
102	0	399.8486	2	0.6677	0.000000	1.019340e+00	1.758368e+02	1.270727e+00	95.1347	1	0
103	2	400.6649	3	2.1501	-0.005333	2.031098e+00	1.980145e+02	1.114777e+01	1.0395	1	1
103	0	402.9634	3	1.3345	0.000000	1.076116e+00	1.923201e+02	5.443397e+00	97.7407	1	0
104	2	404.4465	1	1.4009	0.005277	3.559737e+00	4.091077e+02	6.217327e+00	41.2067	1	1
104	0	405.9959	1	0.8177	0.000000	1.058384e+00	1.930627e+02	3.304428e+00	66.8400	1	0
105	2	406.9456	2	1.3341	0.010695	2.980666e+00	2.911313e+02	1.291265e+01	1.2961	1	1
105	0	408.4283	2	0.8512	0.000000	3.832485e+00	7.014762e+02	1.310172e+01	81.1895	1	0
106	2	409.4114	4	2.8342	0.018714	4.176554e+00	4.819906e+02	6.798387e+00	58.3580	1	1
106	0	412.3780	4	1.0680	0.000000	2.673198e+00	4.686339e+02	3.304565e+00	64.2792	1	0
107	2	413.5788	1	1.3514	-0.031989	3.319694e+00	3.232889e+02	1.256040e+01	2.0636	1	1
107	0	415.0623	1	0.9178	0.000000	3.314330e+00	6.134974e+02	5.023145e+00	93.3685	1	0
108	2	416.1125	3	2.5515	-0.026660	1.665203e+00	1.885327e+02	3.812793e+00	97.2640	1	1
108	0	418.7962	3	1.6846	0.000000	2.406377e+00	4.327267e+02	7.810036e+00	79.3856	1	0
109	2	420.6131	4	2.7516	-0.010666	4.459679e+00	4.356293e+02	9.904363e+00	4.1041	1	1
109	0	423.4970	4	1.6013	0.000000	2.068444e+00	3.632831e+02	5.835931e+00	65.4421	1	0
110	2	425.2472	2	1.8848	-0.055942	3.450033e+00	4.611694e+02	5.334108e+00	100.0000	1	1
110	0	427.2642	2	1.2511	0.000000	3.744050e+00	6.944892e+02	5.065780e+00	81.1679	1	0
111	2	428.6555	3	2.4499	-0.002667	1.556982e+00	1.612173e+02	1.054659e+01	4.3006	1	1
111	0	431.2542	3	1.8009	0.000000	2.538866e+00	4.521997e+02	1.231762e+01	66.5925	1	0
112	2	433.2034	1	1.2843	-0.037020	1.324311e+00	1.720270e+02	5.080483e+00	97.5938	1	1
112	0	434.6362	1	0.8676	0.000000	2.120939e+00	3.815171e+02	3.559375e+00	55.4046	1	0
113	2	435.6525	2	1.7009	-0.034745	7.374134e-01	7.053124e+01	8.889608e+00	0.5311	1	1
113	0	437.4853	2	0.8677	0.000000	4.264899e+00	7.850463e+02	5.840912e+00	56.7015	1	0
114	2	438.4852	4	2.5670	-0.010554	2.405224e+00	2.911571e+02	9.100744e+00	86.9260	1	1
114	0	441.2007	4	1.1177	0.000000	2.781628e+00	5.009047e+02	5.838461e+00	61.2738	1	0
115	2	442.4670	1	1.2512	-0.029092	3.425713e+00	3.588137e+02	6.914978e+00	3.6204	1	1
115	0	443.8665	1	0.9682	0.000000	2.603681e+00	4.817855e+02	4.320933e+00	54.8649	1	0
116	2	444.9830	3	2.5188	-0.002667	9.422898e-01	1.100786e+02	3.304962e+00	94.0661	1	1
116	0	447.6507	3	1.5346	0.000000	8.128960e-01	1.477001e+02	4.502392e+00	96.1405	1	0
117	2	449.3176	4	2.3017	-0.005277	2.762432e+00	2.761430e+02	6.537566e+00	1.0061	1	1
117	0	451.7679	4	1.2846	0.000000	3.182642e+00	5.556884e+02	5.786258e+00	89.2100	1	0
118	2	453.1849	2	1.7679	-0.031989	1.559861e+00	1.985770e+02	3.305223e+00	99.3935	1	1
118	0	455.0851	2	1.1345	0.000000	3.278541e+00	5.827004e+02	5.696490e+00	97.0890	1	0
119	2	456.3520	3	2.5348	-0.007979	3.126993e+00	3.071621e+02	1.379625e+01	5.3274	1	1
119	0	459.0357	3	1.6347	0.000000	3.310771e+00	5.938211e+02	6.052116e+00	85.0277	1	0
120	2	460.8280	1	1.3839	-0.002674	4.408183e-01	4.720614e+01	1.727651e+00	6.4532	1	1
120	0	462.3529	1	0.7012	0.000000	4.043625e-01	7.016126e+01	1.271897e+00	57.7744	1	0
121	2	463.1939	2	1.7675	0.021105	4.655014e+00	4.728440e+02	1.143685e+01	0.5004	1	1
121	0	465.1098	2	0.9681	0.000000	2.508110e+00	4.465228e+02	3.300675e+00	80.9149	1	0
122	2	466.2263	4	2.9003	-0.010666	4.877037e+00	5.383636e+02	1.168838e+01	62.6936	1	1
122	0	469.2752	4	1.1177	0.000000	2.086603e+00	3.674632e+02	6.532893e+00	87.2513	1	0
123	2	470.5414	1	1.5508	-0.029247	6.649068e+00	6.427271e+02	1.195577e+01	42.4718	1	1
123	0	472.2242	1	1.0346	0.000000	3.420479e+00	6.278276e+02	6.281927e+00	88.4514	1	0
124	2	473.4071	3	3.0668	0.005348	1.758809e+00	2.012411e+02	3.546025e+00	49.7990	1	1
124	0	476.6227	3	1.5338	0.000000	4.964503e-01	8.893651e+01	3.798528e+00	88.7176	1	0
125	2	478.2888	4	2.1847	-0.018664	2.719367e+00	2.892890e+02	5.293476e+00	46.7916	1	1
125	0	480.6057	4	1.1514	0.000000	1.926057e+00	3.390970e+02	3.533143e+00	94.9105	1	0
126	2	481.9059	2	1.6516	0.015872	1.834853e+00	2.284588e+02	3.165729e+00	8.4099	1	1
126	0	483.7062	2	0.6345	0.000000	1.525863e+00	2.710104e+02	1.526234e+00	55.2824	1	0
127	2	484.4896	3	2.1681	0.000000	8.628964e-01	8.711069e+01	6.965168e+00	1.4785	1	1
127	0	486.7900	3	1.4346	0.000000	5.232870e-01	9.349216e+01	4.319612e+00	61.4322	1	0
128	2	488.3569	1	1.5515	0.002667	1.213376e+00	1.373842e+02	4.573511e+00	96.2699	1	1
128	0	490.0405	1	0.6512	0.000000	6.538219e-01	1.206304e+02	1.780547e+00	54.8874	1	0
129	1	503.3758	2	2.0681	-0.047086	3.660960e+00	3.739862e+02	5.838750e+00	92.1983	1	1
129	0	505.5797	2	0.9175	0.000000	3.618079e+00	6.732092e+02	4.828161e+00	56.0218	1	0
130	1	506.6460	3	2.0173	0.031904	3.927241e+00	3.755263e+02	1.140318e+01	1.0600	1	1
130	0	508.8118	3	1.5009	0.000000	3.139415e+00	5.627666e+02	5.797825e+00	86.6194	1	0
131	1	510.4447	1	1.0177	0.002653	1.110493e+00	1.205606e+02	1.779576e+00	55.4464	1	1
131	0	511.6109	1	0.5512	0.000000	2.488113e-01	4.316990e+01	5.087992e-01	55.7187	1	0
132	1	512.3274	4	2.0179	0.000000	2.908339e+00	2.804182e+02	1.144532e+01	0.2638	1	1
132	0	514.4777	4	1.2845	0.000000	2.502185e+00	4.470821e+02	9.314609e+00	74.7021	1	0
133	1	515.8945	3	2.0682	0.005348	2.456515e+00	2.375092e+02	1.388021e+01	1.8271	1	1
133	0	518.1114	3	1.3514	0.000000	2.610050e+00	4.676071e+02	1.000130e+01	80.4656	1	0
134	1	519.6118	4	1.9514	-0.010695	1.975926e+00	1.914608e+02	6.864178e+00	0.2624	1	1
134	0	521.6954	4	1.3179	0.000000	1.882763e+00	3.373708e+02	3.549627e+00	85.2569	1	0
135	1	523.1456	1	1.2512	-0.013227	1.018901e+00	1.047482e+02	1.066680e+01	3.7376	1	1
135	0	524.5291	1	0.9012	0.000000	2.283003e+00	4.178192e+02	5.810991e+00	83.4616	1	0
136	1	525.5626	2	1.7847	0.013192	2.402198e+00	2.434091e+02	1.204520e+01	1.9812	1	1
136	0	527.4796	2	0.6679	0.000000	1.360914e+00	2.479782e+02	3.534140e+00	94.4933	1	0
137	1	528.2797	1	1.5847	-0.026589	5.683262e+00	5.522352e+02	8.731198e+00	45.9234	1	1
137	0	530.0215	1	0.8677	0.000000	2.435893e+00	4.274645e+02	3.305307e+00	55.0567	1	0
138	1	531.0377	3	2.0672	-0.005333	7.938892e-01	9.195570e+01	2.542988e+00	94.2561	1	1
138	0	533.2370	3	1.7009	0.000000	2.498599e+00	4.466631e+02	1.000753e+01	80.0621	1	0
139	1	535.0865	4	2.4501	-0.032075	4.109730e+00	4.136393e+02	1.518843e+01	1.5091	1	1
139	0	537.6689	4	1.3673	0.000000	7.164155e+00	1.248817e+03	1.801693e+01	69.9739	1	0
140	1	539.1684	2	1.8170	0.013368	3.042385e+00	3.976160e+02	7.702533e+00	50.8956	1	1
140	0	541.1177	2	0.7341	0.000000	2.494672e+00	4.393116e+02	4.814363e+00	80.1466	1	0
141	1	541.9842	3	1.8673	-0.005319	9.572547e-01	9.705549e+01	7.692813e+00	1.7133	1	1
141	0	544.0001	3	1.4344	0.000000	1.548233e+00	2.761271e+02	6.042093e+00	87.6855	1	0
142	1	545.5829	1	1.3676	-0.002653	1.426984e+00	1.691431e+02	2.792161e+00	54.2055	1	1
142	0	547.0993	1	0.6014	0.000000	3.400315e-01	6.167971e+01	7.631869e-01	54.8389	1	0
143	1	547.8327	2	1.6513	0.013368	6.768142e+00	6.442786e+02	1.348097e+01	0.2672	1	1
143	0	549.6163	2	0.8846	0.000000	2.940930e+00	5.193621e+02	7.331521e+00	73.1232	1	0
144	1	550.6332	4	2.8847	-0.010695	5.013188e+00	5.615732e+02	9.062760e+00	70.5045	1	1
144	0	553.6668	4	0.9680	0.000000	1.640382e+00	2.909337e+02	3.299990e+00	82.6710	1	0
145	2	567.3024	2	2.8348	-0.005305	6.495378e+00	8.018854e+02	2.086774e+01	74.6104	1	1
145	0	570.2911	2	0.9845	0.000000	7.373423e-01	1.315157e+02	1.017558e+00	55.2008	1	0
146	2	571.4075	4	2.5336	0.010666	2.985210e+00	3.318323e+02	6.313754e+00	60.8929	1	1
146	0	574.0733	4	1.3334	0.000000	9.594946e-01	1.721036e+02	1.017558e+00	55.0280	1	0
147	2	575.5388	1	1.4011	-0.024060	2.724901e+00	2.829302e+02	1.137812e+01	1.2176	1	1
147	0	577.0717	1	0.8678	0.000000	2.245222e+00	3.980644e+02	3.305327e+00	55.3738	1	0
148	2	578.0712	3	2.2171	-0.005333	1.003234e+00	1.185495e+02	3.049977e+00	78.8468	1	1
148	0	580.4373	3	1.7516	0.000000	1.529770e+00	2.735920e+02	7.775720e+00	84.7191	1	0
149	2	582.3373	4	2.9521	-0.010695	5.771145e+00	5.667178e+02	1.152461e+01	45.3206	1	1
149	0	585.4218	4	1.2512	0.000000	1.528590e+00	2.687760e+02	2.542700e+00	65.8531	1	0
150	2	586.8054	2	2.1848	-0.042755	2.814831e+00	3.481000e+02	5.080185e+00	96.8702	1	1
150	0	589.2057	2	1.0347	0.000000	1.960734e+00	3.581451e+02	4.477608e+00	99.1458	1	0
151	2	590.3892	3	1.9847	-0.002674	1.689012e+00	1.636183e+02	1.177710e+01	4.2179	1	1
151	0	592.5229	3	2.1514	0.000000	1.399476e+00	2.501394e+02	5.072363e+00	74.4091	1	0
152	2	594.8066	1	1.9180	0.000000	1.407023e+00	1.643431e+02	3.482584e+00	18.7308	1	1
152	0	596.8823	1	0.9510	0.000000	3.995001e-01	7.277338e+01	2.034326e+00	73.3383	1	0
153	2	597.9654	2	1.9500	-0.018566	1.210959e+00	1.161260e+02	1.093638e+01	0.2652	1	1
153	0	600.0639	2	1.3512	0.000000	4.206681e+00	7.449544e+02	6.346502e+00	56.3539	1	0
154	2	601.5635	4	3.5502	-0.031989	3.545951e+00	4.270815e+02	9.599869e+00	87.9031	1	1
154	0	605.2623	4	1.5010	0.000000	2.003371e+00	3.508456e+02	3.298049e+00	86.0499	1	0
155	2	606.9117	1	1.7841	-0.005319	3.067689e+00	3.067433e+02	1.277713e+01	2.2550	1	1
155	0	608.8276	1	0.9674	0.000000	1.593446e+00	2.906729e+02	4.823389e+00	70.2299	1	0
156	2	609.9273	3	2.6002	0.000000	1.282772e+00	1.582089e+02	4.764366e+00	45.4182	1	1
156	0	612.6597	3	2.0504	0.000000	1.000902e+00	1.750456e+02	4.569549e+00	70.7826	1	0
157	2	614.8424	4	2.7354	0.045062	2.036657e+00	1.988488e+02	8.803771e+00	3.4118	1	1
157	0	617.7101	4	1.5846	0.000000	4.625737e+00	8.080642e+02	7.316087e+00	78.9984	1	0
158	2	619.4270	2	1.9514	0.018615	2.846740e+00	3.472351e+02	7.597497e+00	86.7855	1	1
158	0	621.5107	2	1.1847	0.000000	4.123521e+00	7.600983e+02	7.827493e+00	75.5861	1	0
159	2	622.8443	3	2.3013	0.005333	7.161198e-01	7.127124e+01	1.160425e+01	1.5208	1	1
159	0	625.2780	3	1.5013	0.000000	3.564310e+00	6.445468e+02	2.132237e+01	72.6049	1	0
160	2	626.9281	1	1.7013	0.005305	1.160168e+00	1.338283e+02	2.542969e+00	93.1325	1	1
160	0	628.7619	1	1.0012	0.000000	1.639991e+00	2.992359e+02	5.079962e+00	61.4255	1	0
161	2	629.8953	2	1.8017	0.010695	1.901741e+00	1.857493e+02	1.398986e+01	0.2604	1	1
161	0	631.8539	2	1.0673	0.000000	1.878079e+00	3.413444e+02	6.245638e+00	92.4206	1	0
162	2	633.0700	4	2.8002	-0.023995	2.697330e+00	3.345016e+02	5.693958e+00	11.8613	1	1
162	0	636.0191	4	1.1510	0.000000	3.817804e+00	6.661788e+02	9.864008e+00	59.1759	1	0
163	2	637.3187	1	1.1339	-0.005319	4.570619e+00	4.464027e+02	1.063680e+01	1.0372	1	1
163	0	638.5850	1	0.7341	0.000000	2.167831e+00	4.032888e+02	5.834597e+00	67.6541	1	0
164	2	639.4513	3	2.0005	-0.005348	1.770418e+00	2.077923e+02	3.424606e+00	10.2123	1	1
164	0	641.5839	3	1.5506	0.000000	1.211418e+00	2.180892e+02	4.792126e+00	90.0488	1	0
165	2	643.2667	4	3.3165	0.040085	7.388734e+00	7.243311e+02	1.214263e+01	55.1489	1	1
165	0	646.7155	4	1.6005	0.000000	5.161063e+00	9.052552e+02	1.050032e+01	79.0479	1	0
166	2	648.4483	2	2.3521	0.066746	4.554025e+00	5.677802e+02	7.102534e+00	98.3199	1	1
166	0	650.9652	2	1.0182	0.000000	7.203784e+00	1.246037e+03	1.199400e+01	75.0414	1	0
167	2	652.1320	3	2.4682	-0.005348	1.737933e+00	1.755410e+02	1.472042e+01	1.0051	1	1
167	0	654.7324	3	1.9515	0.000000	1.379820e+00	2.468946e+02	9.999688e+00	80.9952	1	0
168	2	656.8328	1	1.2846	0.002667	1.246615e+00	1.350766e+02	2.280411e+00	35.3372	1	1
168	0	658.2496	1	0.6846	0.000000	9.258306e-01	1.693546e+02	3.047357e+00	82.9398	1	0
169	2	659.0665	2	1.9515	-0.021050	3.913769e+00	3.802910e+02	1.372836e+01	0.5233	1	1
169	0	661.1667	2	0.9847	0.000000	1.060118e+00	1.935465e+02	2.537566e+00	91.1781	1	0
170	2	662.3002	4	2.4514	-0.032075	1.788724e+00	2.112127e+02	3.051267e+00	100.0000	1	1
170	0	664.8840	4	1.1346	0.000000	7.550064e+00	1.354546e+03	1.062351e+01	55.4143	1	0
171	2	666.1589	1	1.2178	-0.037217	4.224517e+00	4.262594e+02	1.117553e+01	2.9237	1	1
171	0	667.5252	1	0.7841	0.000000	3.044638e+00	5.602461e+02	5.838161e+00	63.2736	1	0
172	2	668.4581	3	2.6670	-0.050623	1.319686e+00	1.592562e+02	4.827467e+00	100.0000	1	1
172	0	671.2739	3	1.6506	0.000000	4.331294e+00	7.728778e+02	5.460956e+00	96.9703	1	0
173	2	673.0565	4	2.6836	-0.026660	2.797195e+00	2.751812e+02	1.444551e+01	1.2880	1	1
173	0	675.8890	4	1.1510	0.000000	3.800548e+00	6.669393e+02	8.850663e+00	64.8881	1	0
174	2	677.1719	2	1.5342	0.018566	2.145818e+00	2.461811e+02	4.315349e+00	73.0581	1	1
174	0	678.8548	2	0.6675	0.000000	3.907116e+00	6.945239e+02	5.580833e+00	68.7665	1	0
175	2	679.6545	3	1.8504	-0.005348	1.041087e+00	1.012412e+02	7.262035e+00	4.8321	1	1
175	0	681.6538	3	1.7178	0.000000	1.387029e+00	2.485141e+02	6.341345e+00	64.4577	1	0
176	2	683.5201	1	1.6181	-0.007915	1.438161e+00	1.410312e+02	3.807127e+00	57.7992	1	1
176	0	685.2705	1	0.5512	0.000000	1.422128e-01	2.576034e+01	5.087997e-01	55.1960	1	0
177	2	685.9872	2	1.6014	0.013333	6.118243e+00	5.897687e+02	1.373541e+01	0.2639	1	1
177	0	687.7376	2	0.9180	0.000000	2.236074e+00	4.097782e+02	5.076642e+00	69.4954	1	0
178	2	688.8044	4	3.2183	0.029403	4.457646e+00	5.259081e+02	1.283983e+01	44.2566	1	1
178	0	692.1716	4	1.4013	0.000000	2.947763e+00	5.207495e+02	4.825001e+00	65.0099	1	0
179	2	693.7218	1	1.4180	-0.034745	6.454968e+00	6.307074e+02	1.226066e+01	2.3048	1	1
179	0	695.2720	1	0.6512	0.000000	3.623422e+00	6.496237e+02	4.574362e+00	55.7543	1	0
180	2	696.0554	3	2.5349	0.005333	1.329825e+00	1.659645e+02	3.468476e+00	12.8281	1	1
180	0	698.7391	3	1.5348	0.000000	2.145166e+00	3.879067e+02	1.033754e+01	66.6464	1	0
181	2	700.4309	4	2.4003	-0.010695	4.259352e+00	4.082063e+02	5.997840e+00	33.5424	1	1
181	0	702.9633	4	1.5006	0.000000	1.325449e+00	2.326733e+02	3.297023e+00	86.8770	1	0
182	2	704.6127	2	1.6511	-0.021273	1.661280e+00	1.954604e+02	3.807595e+00	15.0172	1	1
182	0	706.4121	2	0.8009	0.000000	3.188419e+00	5.553769e+02	3.558983e+00	58.4055	1	0
183	2	707.3451	3	1.6176	-0.002674	7.690082e-01	7.682523e+01	8.156590e+00	2.8816	1	1
183	0	709.2112	3	1.6505	0.000000	1.279774e+00	2.233775e+02	4.449515e+00	100.0000	1	0
184	2	710.9939	1	1.2344	0.002674	2.852176e+00	3.207954e+02	4.593811e+00	8.5771	1	1
184	0	712.3767	1	0.6842	0.000000	1.202764e+00	2.179356e+02	3.809086e+00	75.8812	1	0
185	2	713.1932	2	1.4173	-0.005319	2.617370e+00	2.620864e+02	1.109109e+01	2.0023	1	1
185	0	714.7593	2	0.7514	0.000000	6.608987e-01	1.175428e+02	1.270836e+00	93.8490	1	0
186	2	715.6590	4	2.4844	-0.010695	2.257646e+00	2.524273e+02	6.252198e+00	44.8801	1	1
186	0	718.2923	4	1.5012	0.000000	1.431980e+00	2.528991e+02	8.462620e+00	98.4678	1	0
187	2	719.9425	1	1.1513	-0.040085	5.803993e+00	5.911016e+02	1.053955e+01	4.9259	1	1
187	0	721.2427	1	0.7844	0.000000	5.074296e+00	9.299944e+02	7.570654e+00	77.4781	1	0
188	2	722.1595	3	2.2014	0.008021	1.051757e+00	1.193103e+02	4.593811e+00	8.5041	1	1
188	0	724.5098	3	2.0014	0.000000	1.371183e+00	2.455451e+02	7.758556e+00	86.7605	1	0
189	2	726.6435	4	3.3182	0.016041	3.965720e+00	3.843719e+02	1.240136e+01	1.3056	1	1
189	0	730.0941	4	2.0681	0.000000	3.444457e+00	6.081973e+02	7.860656e+00	55.2047	1	0
190	2	732.3110	2	2.0848	0.010666	1.544157e+00	1.809848e+02	4.034215e+00	8.9087	1	1
190	0	734.5526	2	0.8846	0.000000	1.025083e+00	1.828666e+02	1.776643e+00	95.2910	1	0
191	2	735.5856	3	2.1007	0.008000	1.619292e+00	1.595504e+02	8.518089e+00	1.5256	1	1
191	0	737.8182	3	2.0840	0.000000	2.434144e+00	4.291038e+02	1.499569e+01	78.3200	1	0
192	2	740.0509	1	2.1504	-0.008000	1.336589e+00	1.421807e+02	4.316178e+00	72.7657	1	1
192	0	742.3500	1	0.8508	0.000000	1.874428e+00	3.263302e+02	3.558175e+00	64.7814	1	0
193	1	755.8813	2	2.4684	0.010695	7.232197e+00	7.322151e+02	1.688746e+01	80.4210	1	1
193	0	758.4984	2	1.1680	0.000000	1.048161e+00	1.853576e+02	1.271387e+00	88.1915	1	0
194	1	759.7986	1	1.6513	-0.005305	2.240723e+00	2.232249e+02	1.449696e+01	2.7599	1	1
194	0	761.5822	1	1.0179	0.000000	9.273237e-01	1.705729e+02	3.302814e+00	75.4241	1	0
195	1	762.7324	3	1.7681	-0.005348	2.178444e+00	2.587126e+02	4.791550e+00	50.2505	1	1
195	0	764.6494	3	1.2012	0.000000	1.426828e+00	2.549028e+02	5.055156e+00	86.0288	1	0
196	1	765.9828	4	2.2182	-0.047963	3.438402e+00	3.359436e+02	1.186069e+01	1.5497	1	1
196	0	768.3499	4	1.1013	0.000000	1.198047e+00	2.090950e+02	1.271907e+00	55.6774	1	0
197	1	769.6075	1	1.0678	-0.013262	4.244577e+00	4.115205e+02	1.114777e+01	1.0453	1	1
197	0	770.8239	1	0.6178	0.000000	1.783915e+00	3.285361e+02	3.026058e+00	97.3688	1	0
198	1	771.5729	2	1.4009	-0.021387	2.182151e+00	2.182243e+02	9.927927e+00	2.2337	1	1
198	0	773.1225	2	0.7341	0.000000	1.893407e+00	3.484006e+02	2.034818e+00	55.2970	1	0
199	1	773.9888	4	1.9677	-0.016041	2.995834e+00	3.422359e+02	6.687052e+00	41.6542	1	1
199	0	776.1047	4	1.0342	0.000000	2.664864e+00	4.729734e+02	3.294890e+00	88.9047	1	0
200	1	777.2878	3	1.7840	0.016041	3.943757e+00	3.761159e+02	9.358387e+00	1.0608	1	1
200	0	779.2203	3	1.2507	0.000000	2.588374e+00	4.484047e+02	8.693369e+00	88.0666	1	0
201	1	780.6033	4	1.8005	-0.037217	1.296081e+00	1.266061e+02	1.001057e+01	2.9994	1	1
201	0	782.5525	4	0.9845	0.000000	3.108129e+00	5.502845e+02	3.559267e+00	54.9975	1	0
202	1	783.6856	1	1.0673	-0.044825	8.184330e+00	7.930431e+02	1.250440e+01	69.7636	1	1
202	0	784.8853	1	0.6347	0.000000	1.375081e+00	2.539629e+02	2.543233e+00	54.9495	1	0
203	1	785.6687	3	1.7683	-0.026660	1.660691e+00	1.943197e+02	3.558574e+00	91.7040	1	1
203	0	787.5862	3	1.5347	0.000000	2.388108e+00	4.274556e+02	6.029985e+00	89.6811	1	0
204	1	789.2698	2	1.6180	0.013192	3.016299e+00	2.992370e+02	9.653957e+00	0.5122	1	1
204	0	791.0201	2	0.8678	0.000000	1.751431e+00	3.202315e+02	3.048387e+00	79.9026	1	0
205	1	792.0202	4	2.4682	-0.018714	2.654461e+00	3.168868e+02	9.349047e+00	86.7679	1	1
205	0	794.6206	4	1.1513	0.000000	3.247107e+00	5.675944e+02	7.581790e+00	73.5827	1	0
206	1	795.9041	1	1.5013	-0.013368	3.359576e+00	3.329494e+02	1.408243e+01	3.4901	1	1
206	0	797.5544	1	0.8178	0.000000	3.657028e+00	6.507393e+02	7.609265e+00	55.6882	1	0
207	1	798.5045	3	1.7515	-0.010695	1.605756e+00	1.857244e+02	4.314394e+00	71.2808	1	1
207	0	800.4139	3	1.4167	0.000000	2.663859e+00	4.743998e+02	5.569093e+00	79.5617	1	0
208	1	801.9795	2	1.2005	0.063913	2.972914e+00	2.874989e+02	6.850117e+00	0.5247	1	1
208	0	803.3123	2	0.9174	0.000000	6.034476e+00	1.130077e+03	6.095035e+00	55.0583	1	0
209	2	816.9249	2	1.3667	-0.034561	2.272821e+00	2.177127e+02	3.305266e+00	100.0000	1	1
209	0	818.4405	2	0.7347	0.000000	2.491373e+00	4.637946e+02	3.305513e+00	54.9164	1	0
210	2	819.3072	4	2.0013	-0.018371	3.338668e+00	4.136850e+02	1.049705e+01	66.3530	1	1
210	0	821.4408	4	1.2351	0.000000	4.598680e+00	8.164947e+02	1.231385e+01	66.0062	1	0
211	2	822.8084	1	0.9677	0.023995	2.212499e+00	2.232614e+02	1.230286e+01	1.9905	1	1
211	0	823.9083	1	0.5512	0.000000	4.621471e-01	8.255289e+01	1.269410e+00	100.0000	1	0
212	2	824.6252	3	1.5346	0.037416	1.691083e+00	1.942396e+02	5.586389e+00	96.5868	1	1
212	0	826.2921	3	1.2846	0.000000	2.494796e+00	4.461835e+02	3.559328e+00	55.1561	1	0
213	2	827.7089	4	2.4184	-0.026732	4.399195e+00	4.275929e+02	9.399194e+00	0.5227	1	1
213	0	830.2760	4	1.2346	0.000000	2.700159e+00	4.720548e+02	6.335406e+00	70.1490	1	0
214	2	831.6596	2	1.2847	0.010695	2.018297e+00	2.473812e+02	3.299764e+00	62.3458	1	1
214	0	833.0764	2	0.6846	0.000000	1.271037e+00	2.364067e+02	1.271918e+00	55.1179	1	0
215	2	833.9099	3	1.5347	-0.005333	1.294188e+00	1.299489e+02	8.334301e+00	1.0061	1	1
215	0	835.5769	3	1.2013	0.000000	7.969858e-01	1.398704e+02	4.220555e+00	100.0000	1	0
216	2	836.9271	1	1.5015	-0.010695	1.674914e+00	1.711341e+02	3.488477e+00	22.9611	1	1
216	0	838.5844	1	0.6674	0.000000	2.994837e-01	5.479004e+01	1.780545e+00	55.2140	1	0
217	2	839.3840	2	1.3676	0.013297	2.540646e+00	2.442979e+02	1.195424e+01	0.2645	1	1
217	0	840.8835	2	0.8175	0.000000	2.284208e+00	4.073862e+02	3.785584e+00	93.9640	1	0
218	2	841.8499	4	2.7336	0.010695	3.762746e+00	4.228368e+02	9.736503e+00	59.4585	1	1
218	0	844.7322	4	1.1840	0.000000	1.538987e+00	2.709670e+02	3.304895e+00	60.8627	1	0
219	2	846.0485	1	0.9508	-0.069039	5.878151e+00	5.672786e+02	9.358387e+00	1.0483	1	1
219	0	847.1481	1	0.7176	0.000000	5.287250e+00	9.680416e+02	5.814434e+00	82.6699	1	0
220	2	847.9978	3	1.9007	-0.026732	8.329701e-01	9.918543e+01	5.720604e+00	42.4291	1	1
220	0	850.0472	3	1.5672	0.000000	1.626978e+00	2.916301e+02	6.704400e+00	100.0000	1	0
221	2	851.7467	4	2.2341	-0.029247	3.954038e+00	3.784555e+02	7.270573e+00	8.1805	1	1
221	0	854.1132	4	1.1512	0.000000	3.875428e+00	6.764311e+02	8.599757e+00	65.6623	1	0
222	2	855.3967	2	1.5012	0.010666	5.766479e+00	6.780520e+02	9.003228e+00	58.6055	1	1
222	0	857.0302	2	0.6845	0.000000	1.843456e+00	3.219329e+02	4.049996e+00	87.3706	1	0
223	2	857.8470	3	1.9848	-0.002660	4.117729e+00	4.302285e+02	1.289018e+01	2.8471	1	1
223	0	859.9806	3	1.3680	0.000000	8.195537e-01	1.474607e+02	5.618017e+00	99.5604	1	0
224	2	861.4809	1	1.1012	-0.013297	2.017823e+00	2.457632e+02	5.451677e+00	11.4821	1	1
224	0	862.7143	1	0.5346	0.000000	1.033171e+00	1.884630e+02	1.780545e+00	55.3640	1	0
225	2	863.4312	2	1.3847	-0.013297	1.425515e+00	1.415665e+02	8.900477e+00	0.2561	1	1
225	0	864.9647	2	0.7512	0.000000	1.772910e+00	3.308537e+02	6.297572e+00	85.9875	1	0
226	2	865.8648	4	2.4849	0.021387	6.202214e+00	7.436302e+02	2.376404e+01	77.1192	1	1
226	0	868.4986	4	1.0012	0.000000	3.924383e+00	7.041963e+02	1.374040e+01	70.4658	1	0
227	2	869.6321	1	1.1179	-0.037118	4.699522e+00	4.641005e+02	1.056672e+01	74.2217	1	1
227	0	870.8901	1	0.4511	0.000000	1.245717e+00	2.294809e+02	2.289043e+00	55.2321	1	0
228	2	871.6066	3	1.8505	0.037217	2.035196e+00	2.349717e+02	7.099255e+00	91.8720	1	1
228	0	873.6059	3	1.5839	0.000000	1.972282e+00	3.528305e+02	4.823799e+00	68.2098	1	0
229	2	875.3221	4	2.8668	-0.010695	4.575943e+00	4.407765e+02	1.085952e+01	2.8185	1	1
229	0	878.3544	4	1.5671	0.000000	3.805849e+00	6.795718e+02	1.311159e+01	79.9326	1	0
230	2	880.0537	2	1.4511	0.015999	1.164939e+00	1.437957e+02	2.987354e+00	11.4958	1	1
230	0	881.6532	2	0.8008	0.000000	1.424359e+00	2.541779e+02	4.039497e+00	91.7981	1	0
231	2	882.6029	3	1.7672	0.005348	3.680469e+00	3.700683e+02	1.032892e+01	3.5834	1	1
231	0	884.5022	3	1.7007	0.000000	1.313297e+00	2.343871e+02	3.304693e+00	63.4934	1	0
232	2	886.3518	1	1.2180	0.013157	9.552101e-01	1.263881e+02	4.368361e+00	28.5070	1	1
232	0	887.7182	1	0.5512	0.000000	1.353871e+00	2.503991e+02	4.826790e+00	60.3160	1	0
233	2	888.4350	2	1.1180	0.018516	1.547518e+00	1.575070e+02	8.125046e+00	0.4989	1	1
233	0	889.7019	2	0.4178	0.000000	1.551096e+00	2.750559e+02	1.780528e+00	55.2242	1	0
234	2	890.4186	4	1.5013	-0.045182	4.595147e+00	4.391029e+02	5.997840e+00	32.9524	1	1
234	0	892.0523	4	0.8011	0.000000	3.831603e+00	6.768471e+02	4.320621e+00	55.2482	1	0
235	2	892.9857	1	1.0512	-0.031989	2.650843e+00	2.557519e+02	9.677842e+00	3.2601	1	1
235	0	894.1858	1	0.4679	0.000000	3.823747e+00	6.697125e+02	4.809162e+00	82.9490	1	0
236	2	894.9027	3	1.8016	-0.005348	3.153895e+00	3.085065e+02	8.453744e+00	42.6392	1	1
236	0	896.8530	3	1.1679	0.000000	6.496911e-01	1.140743e+02	3.045171e+00	86.2725	1	0
237	2	898.1697	4	1.7847	-0.018664	3.183651e+00	3.049691e+02	4.825904e+00	89.2515	1	1
237	0	900.0868	4	1.0848	0.000000	4.186816e+00	7.647750e+02	5.334932e+00	54.9360	1	0
238	2	901.3203	2	1.2180	-0.034745	2.359670e+00	2.649645e+02	3.305245e+00	100.0000	1	1
238	0	902.6872	2	0.6512	0.000000	1.226842e+00	2.170308e+02	2.034232e+00	74.2166	1	0
239	2	903.4958	3	1.7339	0.010666	4.720485e+00	4.645041e+02	1.178741e+01	2.0390	1	1
239	0	905.3709	3	0.9846	0.000000	2.386226e+00	4.388892e+02	6.892924e+00	100.0000	1	0
240	2	906.4948	1	1.2175	-0.031989	4.837902e+00	5.068392e+02	6.472003e+00	18.2743	1	1
240	0	907.8611	1	0.5342	0.000000	4.448273e+00	7.772531e+02	6.587691e+00	68.8562	1	0
241	2	908.5775	2	0.9840	-0.092087	4.208984e+00	4.415592e+02	8.866383e+00	100.0000	1	1
241	0	909.6938	2	0.7342	0.000000	8.444596e+00	1.497005e+03	9.118939e+00	55.1810	1	0
242	2	910.5602	4	1.9840	-0.010582	3.259441e+00	3.928547e+02	8.542561e+00	64.8289	1	1
242	0	912.6927	4	0.7842	0.000000	2.195260e+00	3.831386e+02	5.828684e+00	73.4570	1	0
243	2	913.6092	1	1.0172	-0.042755	8.484133e+00	8.607102e+02	1.042788e+01	52.3086	1	1
243	0	914.7587	1	0.4843	0.000000	3.507611e+00	6.457072e+02	5.841477e+00	55.1160	1	0
244	2	915.4752	3	1.3005	-0.002660	1.401956e+00	1.363530e+02	4.008909e+00	11.8325	1	1
244	0	916.9080	3	1.0175	0.000000	2.338811e+00	4.209204e+02	7.801150e+00	81.3159	1	0
245	2	918.0743	4	1.5334	-0.023680	4.026704e+00	3.910863e+02	6.845158e+00	6.2648	1	1
245	0	919.7565	4	0.7511	0.000000	1.751211e+00	3.096791e+02	1.780529e+00	55.5220	1	0
246	2	920.6562	2	1.0350	0.010695	5.936836e+00	6.691244e+02	1.425576e+01	83.4878	1	1
246	0	921.8396	2	0.5015	0.000000	2.914575e+00	5.494493e+02	5.339378e+00	100.0000	1	0
247	2	922.5564	3	1.3683	-0.002674	2.703447e+00	2.667489e+02	6.985315e+00	4.7197	1	1
247	0	924.0571	3	1.1347	0.000000	1.556666e+00	2.784947e+02	7.353659e+00	95.5550	1	0
248	2	925.3406	1	1.1013	0.000000	2.171246e+00	2.429630e+02	7.565144e+00	14.9587	1	1
248	0	926.5743	1	0.4845	0.000000	1.135833e+00	2.072862e+02	2.791230e+00	89.4163	1	0
249	2	927.2910	2	0.8846	-0.015830	1.820613e+00	1.854630e+02	5.861448e+00	1.6782	1	1
249	0	928.3244	2	0.3513	0.000000	1.514807e+00	2.740538e+02	1.526242e+00	55.3975	1	0
250	2	929.0413	4	2.0348	-0.034745	6.004476e+00	5.773694e+02	8.869955e+00	35.8730	1	1
250	0	931.2250	4	1.1011	0.000000	5.247895e+00	9.326882e+02	9.595953e+00	66.5316	1	0
251	2	932.4751	1	0.6678	-0.089706	2.964911e+00	2.884318e+02	1.035418e+01	89.0304	1	1
251	0	933.2752	1	0.4845	0.000000	7.176174e+00	1.325200e+03	8.114974e+00	54.9514	1	0
252	2	933.9922	3	1.7012	-0.026732	2.533683e+00	2.701530e+02	5.722934e+00	35.8046	1	1
252	0	935.8424	3	1.0678	0.000000	3.325508e+00	5.982958e+02	5.480084e+00	95.3539	1	0
253	2	937.0424	4	2.5015	0.042641	5.638622e+00	5.797968e+02	1.317836e+01	5.2638	1	1
253	0	939.6838	4	0.9510	0.000000	5.567032e+00	9.938868e+02	1.325320e+01	90.2692	1	0
254	2	940.7832	2	1.3338	-0.018516	2.720799e+00	3.282341e+02	8.467048e+00	10.5278	1	1
254	0	942.2489	2	0.5845	0.000000	2.691772e+00	4.886055e+02	4.315123e+00	75.0442	1	0
255	2	942.9821	3	1.3675	0.005348	2.781719e+00	2.909985e+02	8.639711e+00	3.5714	1	1
255	0	944.4816	3	1.1679	0.000000	1.335102e+00	2.385550e+02	4.572699e+00	62.7153	1	0
256	2	945.7977	1	1.9003	-0.024060	6.191182e+00	6.942216e+02	9.338715e+00	46.2635	1	1
256	0	947.8304	1	0.7508	0.000000	8.310703e-01	1.529157e+02	3.806531e+00	81.4075	1	0
257	1	961.2628	3	2.0848	0.010638	4.186897e+00	4.044537e+02	8.566935e+00	64.2170	1	1
257	0	963.4798	3	1.3513	0.000000	8.687989e-01	1.563234e+02	4.248052e+00	98.2076	1	0
258	1	964.9801	2	1.7513	0.029016	3.511317e+00	3.544096e+02	1.336728e+01	1.7492	1	1
258	0	966.8637	2	1.0346	0.000000	3.416271e+00	6.410995e+02	6.158815e+00	96.7704	1	0
259	1	968.0472	1	1.4180	-0.008021	1.808802e+00	1.749736e+02	8.449917e+00	5.3755	1	1
259	0	969.5975	1	0.8679	0.000000	3.795226e-01	6.498550e+01	5.087990e-01	55.7146	1	0
260	1	970.6143	4	2.6016	0.002639	6.814119e+00	6.676012e+02	1.246316e+01	0.2596	1	1
260	0	973.3724	4	1.8169	0.000000	1.738851e+00	3.059693e+02	1.009706e+01	64.9858	1	0
261	1	975.3379	2	1.8007	-0.050489	2.951740e+00	3.619985e+02	5.330633e+00	87.3008	1	1
261	0	977.2706	2	0.8510	0.000000	2.889896e+00	5.192903e+02	3.813169e+00	54.6077	1	0
262	1	978.2535	1	1.8008	-0.013297	2.079703e+00	2.042117e+02	7.692813e+00	1.7691	1	1
262	0	980.1861	1	0.9009	0.000000	1.728624e+00	3.096384e+02	2.797316e+00	55.8293	1	0
263	1	981.2194	4	2.6004	-0.010695	3.836468e+00	3.651724e+02	1.521146e+01	1.3318	1	1
263	0	983.9682	4	1.4506	0.000000	1.915345e+00	3.372591e+02	3.305266e+00	56.6650	1	0
264	1	985.5511	3	2.0340	-0.026660	1.876756e+00	1.800736e+02	1.138165e+01	2.8366	1	1
264	0	987.7337	3	1.5010	0.000000	3.907745e+00	6.999238e+02	7.594958e+00	67.3945	1	0
265	1	989.3666	2	1.8180	0.053283	4.659109e+00	4.918707e+02	6.999992e+00	3.9369	1	1
265	0	991.3169	2	0.8855	0.000000	4.547249e+00	8.043795e+02	5.069421e+00	77.2317	1	0
266	1	992.3510	4	2.6348	0.048091	2.520700e+00	2.887633e+02	5.080357e+00	97.4866	1	1
266	0	995.1180	4	1.4681	0.000000	3.738091e+00	6.562296e+02	4.827723e+00	55.4486	1	0
267	1	996.7183	1	2.1514	-0.023995	5.291796e+00	5.288767e+02	1.397944e+01	2.7475	1	1
267	0	999.0019	1	1.2013	0.000000	3.313258e+00	5.772674e+02	6.083683e+00	69.9359	1	0
268	1	1000.3522	3	3.0850	-0.005333	2.218011e+00	2.741186e+02	4.810117e+00	12.6903	1	1
268	0	1003.5861	3	1.8346	0.000000	9.251184e-01	1.660174e+02	3.512034e+00	98.9933	1	0
269	1	1005.5529	4	2.7015	-0.010638	6.790383e+00	6.715246e+02	1.190280e+01	2.7582	1	1
269	0	1008.3939	4	1.4339	0.000000	1.613020e+00	2.872774e+02	5.311118e+00	83.1480	1	0
270	1	1009.9768	2	2.5168	0.018714	6.410833e+00	8.441282e+02	1.269255e+01	52.0390	1	1
270	0	1012.6259	2	1.3339	0.000000	4.137529e+00	7.749328e+02	8.082187e+00	72.6236	1	0
271	1	1014.1086	1	2.2171	-0.029403	3.337573e+00	3.197750e+02	1.336728e+01	1.8427	1	1
271	0	1016.4745	1	1.0344	0.000000	2.591033e+00	4.721115e+02	3.559431e+00	55.4369	1	0
272	1	1017.6574	3	2.0338	0.000000	8.075524e-01	9.331790e+01	1.757684e+00	9.3437	1	1
272	0	1019.8400	3	1.4674	0.000000	1.237666e+00	2.221807e+02	4.066252e+00	60.7067	1	0
