Trial	Type	Target/Home(1,0)	Target #	Time(s)	Xpos	Ypos	Xvel	Yvel	Xaccel	Yaccel	Xerror	Yerror	Xprojection	Yprojection
1	1	0	3	0.631217	-8.55	-11.40	-13.54	-18.06	-21.45	-28.61	-8.55	0.00	-0.00	-11.40
1	1	1	3	0.759479	-7.62	-10.50	7.24	6.98	162.05	195.20	-7.62	0.00	-0.00	-10.50
1	1	1	3	0.774941	-7.57	-10.22	3.40	17.91	-248.71	706.79	-7.57	0.00	-0.00	-10.22
1	1	1	3	0.791586	-7.38	-10.05	11.16	10.76	466.56	-429.60	-7.38	0.00	-0.00	-10.05
1	1	1	3	0.808247	-7.01	-9.69	22.36	21.49	671.85	644.43	-7.01	0.00	-0.00	-9.69
1	1	1	3	0.824896	-6.68	-9.61	19.54	4.87	-169.26	-998.35	-6.68	0.00	-0.00	-9.61
1	1	1	3	0.841580	-6.54	-9.70	8.56	-5.86	-657.72	-643.57	-6.54	0.00	-0.00	-9.70
1	1	1	3	0.858266	-6.35	-9.53	11.37	10.73	168.11	994.70	-6.35	0.00	-0.00	-9.53
1	1	1	3	0.874972	-6.35	-9.53	0.00	0.00	-680.60	-642.49	-6.35	0.00	-0.00	-9.53
1	1	1	3	0.891615	-6.35	-9.53	0.00	0.00	0.00	0.00	-6.35	0.00	-0.00	-9.53
1	1	1	3	0.908317	-6.16	-9.35	11.39	10.73	681.96	642.17	-6.16	0.00	-0.00	-9.35
1	1	1	3	0.925047	-5.97	-9.17	11.40	10.71	0.77	-0.96	-5.97	0.00	-0.00	-9.17
1	1	1	3	0.941546	-5.97	-9.17	0.00	0.00	-691.09	-649.06	-5.97	0.00	-0.00	-9.17
1	1	1	3	0.958289	-5.82	-9.26	9.08	-5.81	542.60	-346.98	-5.82	0.00	-0.00	-9.26
1	1	1	3	0.975003	-5.78	-8.99	2.35	16.54	-403.12	1337.36	-5.78	0.00	-0.00	-8.99
1	1	1	3	0.991576	-5.78	-8.99	0.00	0.00	-141.64	-998.16	-5.78	0.00	-0.00	-8.99
1	1	1	3	1.008215	-5.78	-8.99	0.00	0.00	0.00	0.00	-5.78	0.00	-0.00	-8.99
1	1	1	3	1.024902	-5.82	-9.26	-2.35	-16.57	-140.89	-992.92	-5.82	0.00	-0.00	-9.26
1	1	1	3	1.041678	-5.82	-9.26	0.00	0.00	140.14	987.63	-5.82	0.00	-0.00	-9.26
1	1	1	3	1.058299	-5.78	-8.99	2.36	16.63	142.01	1000.77	-5.78	0.00	-0.00	-8.99
1	1	1	3	1.074937	-5.97	-9.17	-11.50	-10.77	-833.09	-1647.15	-5.97	0.00	-0.00	-9.17
1	1	1	3	1.091627	-5.97	-9.17	0.00	0.00	689.06	645.36	-5.97	0.00	-0.00	-9.17
1	1	1	3	1.108219	-5.97	-9.17	0.00	0.00	0.00	0.00	-5.97	0.00	-0.00	-9.17
1	1	1	3	1.124953	-6.12	-9.07	-8.80	5.84	-526.18	348.72	-6.12	0.00	-0.00	-9.07
1	1	1	3	1.141659	-5.97	-9.17	8.82	-5.84	1054.99	-699.17	-5.97	0.00	-0.00	-9.17
1	1	1	3	1.158331	-6.12	-9.07	-8.84	5.86	-1058.99	701.82	-6.12	0.00	-0.00	-9.07
1	1	1	3	1.174888	-6.12	-9.07	0.00	0.00	533.73	-353.72	-6.12	0.00	-0.00	-9.07
1	1	1	3	1.191609	-6.07	-8.79	2.72	16.56	162.95	990.39	-6.07	0.00	-0.00	-8.79
1	1	1	3	1.208247	-5.97	-9.17	6.12	-22.51	203.90	-2348.35	-5.97	0.00	-0.00	-9.17
1	1	1	3	1.225016	-5.33	-9.55	38.04	-22.96	1903.57	-26.93	-5.33	0.00	-0.00	-9.55
1	1	1	3	1.242133	-3.60	-10.33	100.97	-45.38	3676.79	-1309.47	-3.60	0.00	-0.00	-10.33
1	1	1	3	1.258295	-1.51	-10.83	129.39	-31.27	1758.49	872.66	-1.51	0.00	-0.00	-10.83
1	1	1	3	1.274970	0.76	-10.91	136.32	-4.70	415.25	1593.34	0.76	0.00	-0.00	-10.91
1	1	1	3	1.291694	4.61	-9.92	230.33	59.43	5621.44	3834.71	4.61	0.00	-0.00	-9.92
1	1	1	3	1.308377	6.31	-10.45	101.98	-31.95	-7694.01	-5477.26	6.31	-0.00	-0.00	-10.45
1	1	1	3	1.324970	8.79	-10.55	149.46	-6.13	2862.05	1555.74	8.79	-0.00	-0.00	-10.55
1	1	1	3	1.342234	9.87	-10.62	62.54	-3.82	-5035.19	134.01	9.87	-0.00	-0.00	-10.62
1	1	1	3	1.358349	10.43	-10.79	34.42	-10.88	-1744.99	-438.06	10.43	-0.00	-0.00	-10.79
1	1	1	3	1.375041	10.61	-10.61	11.06	10.87	-1399.50	1302.86	10.61	-0.00	-0.00	-10.61
1	1	1	3	1.391675	10.61	-10.61	0.00	0.00	-664.66	-653.30	10.61	-0.00	-0.00	-10.61
1	1	1	3	1.408922	10.93	-12.06	18.56	-84.13	1075.83	-4878.12	10.93	-0.00	-0.00	-12.06
1	1	1	3	1.424961	11.04	-12.98	6.94	-57.23	-724.41	1677.54	11.04	-0.00	-0.00	-12.98
1	1	1	3	1.441599	11.00	-13.35	-2.85	-22.33	-588.26	2097.75	11.00	-0.00	-0.00	-13.35
1	1	1	3	1.458340	11.11	-13.26	6.91	5.75	583.36	1676.84	11.11	-0.00	-0.00	-13.26
1	1	1	3	1.475036	11.11	-13.26	0.00	0.00	-414.16	-344.11	11.11	-0.00	-0.00	-13.26
1	1	1	3	1.491757	11.00	-13.35	-6.92	-5.75	-414.03	-344.00	11.00	-0.00	-0.00	-13.35
1	1	1	3	1.508289	10.93	-14.38	-3.80	-61.87	188.84	-3394.75	10.93	-0.00	-0.00	-14.38
1	1	1	3	1.524986	10.80	-14.47	-7.76	-5.85	-237.21	3355.50	10.80	-0.00	-0.00	-14.47
1	1	1	3	1.541668	9.59	-15.91	-73.01	-85.79	-3911.58	-4792.07	9.59	-0.00	-0.00	-15.91
1	1	1	3	1.558374	8.44	-17.11	-68.56	-72.17	266.60	815.31	8.44	0.00	-0.00	-17.11
1	1	1	3	1.575243	7.50	-17.82	-55.64	-41.98	765.80	1789.30	7.50	0.00	-0.00	-17.82
1	1	1	3	1.592229	6.05	-18.63	-85.58	-47.81	-1762.89	-343.23	6.05	0.00	-0.00	-18.63
1	1	1	3	1.608373	4.92	-18.96	-69.66	-20.34	986.47	1702.05	4.92	0.00	-0.00	-18.96
1	1	1	3	1.625008	2.02	-19.48	-174.35	-31.51	-6293.43	-672.05	2.02	0.00	-0.00	-19.48
1	1	1	3	1.641780	-2.02	-19.48	-241.40	0.00	-3997.46	1879.03	-2.02	0.00	-0.00	-19.48
1	1	1	3	1.658584	-7.32	-18.17	-314.90	78.11	-4374.40	4648.28	-7.32	0.00	-0.00	-18.17
1	1	1	3	1.675442	-7.11	-18.25	12.13	-4.80	19398.38	-4918.09	-7.11	0.00	-0.00	-18.25
1	1	1	3	1.691695	-7.11	-18.25	0.00	0.00	-746.15	295.54	-7.11	0.00	-0.00	-18.25
1	1	1	3	1.708417	-7.52	-18.09	-24.29	9.78	-1452.46	584.67	-7.52	0.00	-0.00	-18.09
1	1	1	3	1.725071	-7.52	-18.09	0.00	0.00	1458.42	-587.07	-7.52	0.00	-0.00	-18.09
1	1	1	3	1.741699	-7.52	-18.09	0.00	0.00	0.00	0.00	-7.52	0.00	-0.00	-18.09
1	1	1	3	1.758334	-7.52	-18.09	0.00	0.00	0.00	0.00	-7.52	0.00	-0.00	-18.09
1	1	1	3	1.775031	-7.72	-18.01	-11.91	5.03	-713.59	301.18	-7.72	0.00	-0.00	-18.01
1	1	1	3	1.791712	-7.72	-18.01	0.00	0.00	714.23	-301.45	-7.72	0.00	-0.00	-18.01
1	1	1	3	1.808555	-7.72	-18.01	0.00	0.00	0.00	0.00	-7.72	0.00	-0.00	-18.01
1	1	1	3	1.825086	-7.72	-18.01	0.00	0.00	0.00	0.00	-7.72	0.00	-0.00	-18.01
1	1	1	3	1.841738	-7.91	-17.92	-11.78	5.12	-707.39	307.75	-7.91	0.00	-0.00	-17.92
1	1	1	3	1.858389	-8.48	-17.66	-34.33	15.82	-1354.16	642.41	-8.48	0.00	-0.00	-17.66
1	1	1	3	1.875152	-11.11	-16.14	-156.44	90.70	-7284.90	4466.74	-11.11	0.00	-0.00	-16.14
1	1	1	3	1.891761	-12.16	-15.35	-63.67	47.05	5585.88	-2628.02	-12.16	0.00	-0.00	-15.35
1	1	1	3	1.908553	-12.16	-15.35	0.00	0.00	3791.32	-2801.68	-12.16	0.00	-0.00	-15.35
1	1	1	3	1.925041	-12.16	-15.35	0.00	0.00	0.00	0.00	-12.16	0.00	-0.00	-15.35
1	1	1	3	1.941691	-12.16	-15.35	0.00	0.00	0.00	0.00	-12.16	0.00	-0.00	-15.35
1	1	1	3	1.958344	-12.16	-15.35	0.00	0.00	0.00	0.00	-12.16	0.00	-0.00	-15.35
1	1	1	3	1.975116	-12.29	-15.26	-7.24	5.78	-431.42	344.56	-12.29	0.00	-0.00	-15.26
1	1	1	3	1.991460	-12.29	-15.26	0.00	0.00	442.74	-353.61	-12.29	0.00	-0.00	-15.26
1	1	1	3	2.008427	-12.89	-14.41	-35.76	50.03	-2107.92	2948.49	-12.89	0.00	-0.00	-14.41
1	1	1	3	2.025055	-12.85	-13.40	2.32	60.41	2290.35	624.29	-12.85	0.00	-0.00	-13.40
1	1	1	3	2.041758	-12.85	-13.40	0.00	0.00	-138.90	-3616.51	-12.85	0.00	-0.00	-13.40
1	1	1	3	2.058471	-12.85	-13.40	0.00	0.00	0.00	0.00	-12.85	0.00	-0.00	-13.40
1	1	1	3	2.075117	-12.77	-12.77	4.89	37.99	293.99	2282.20	-12.77	0.00	-0.00	-12.77
1	1	1	3	2.091783	-14.24	-12.31	-88.02	27.44	-5574.91	-633.17	-14.24	0.00	-0.00	-12.31
1	1	1	3	2.108433	-14.90	-11.92	-39.64	23.76	2905.72	-220.68	-14.90	0.00	-0.00	-11.92
1	1	1	3	2.125287	-15.19	-11.55	-17.31	22.20	1324.63	-92.50	-15.19	0.00	-0.00	-11.55
1	1	1	3	2.142007	-15.29	-11.42	-5.84	7.75	686.19	-864.20	-15.29	0.00	-0.00	-11.42
1	1	1	3	2.158740	-15.29	-11.42	0.00	0.00	349.04	-463.35	-15.29	0.00	-0.00	-11.42
1	1	1	3	2.175381	-15.78	-10.73	-29.41	41.25	-1767.14	2479.12	-15.78	0.00	-0.00	-10.73
1	1	1	3	2.191728	-14.78	-9.93	60.76	49.07	5515.48	477.90	-14.78	0.00	-0.00	-9.93
1	1	1	3	2.208608	-13.42	-9.22	81.04	41.64	1201.38	-440.24	-13.42	0.00	-0.00	-9.22
1	1	1	3	2.225198	-12.98	-8.51	26.49	43.06	-3287.53	85.91	-12.98	0.00	-0.00	-8.51
1	1	1	3	2.241812	-12.80	-8.32	10.78	11.49	-945.60	-1900.14	-12.80	0.00	-0.00	-8.32
1	1	1	3	2.258425	-9.85	-7.64	177.42	40.90	10030.29	1770.27	-9.85	0.00	-0.00	-7.64
1	1	1	3	2.275059	-5.98	-6.94	232.94	42.04	3337.61	68.44	-5.98	0.00	-0.00	-6.94
1	1	1	3	2.291762	-4.30	-8.37	100.35	-85.81	-7937.27	-7654.26	-4.30	0.00	-0.00	-8.37
1	1	1	3	2.308497	-3.14	-9.41	69.46	-62.10	-1846.34	1417.28	-3.14	0.00	-0.00	-9.41
1	1	1	3	2.325266	-2.91	-9.22	13.50	11.57	-3336.93	4392.95	-2.91	0.00	-0.00	-9.22
1	1	1	3	2.341908	-3.54	-8.72	-37.58	29.76	-3069.08	1093.08	-3.54	0.00	-0.00	-8.72
1	1	1	3	2.358517	-3.54	-8.72	0.00	0.00	2262.44	-1791.83	-3.54	0.00	-0.00	-8.72
1	1	1	3	2.375082	-3.54	-8.72	0.00	0.00	0.00	0.00	-3.54	0.00	-0.00	-8.72
1	1	1	3	2.391798	-3.54	-8.72	0.00	0.00	0.00	0.00	-3.54	0.00	-0.00	-8.72
1	1	1	3	2.408480	-3.25	-7.19	17.41	92.07	1043.96	5519.08	-3.25	0.00	-0.00	-7.19
1	1	1	3	2.425701	-3.20	-4.90	2.88	132.77	-843.95	2363.65	-3.20	0.00	-0.00	-4.90
1	1	1	3	2.441777	-3.00	-3.79	12.52	68.87	599.33	-3974.60	-3.00	0.00	-0.00	-3.79
1	1	1	3	2.458500	-2.88	-2.50	6.66	77.41	-350.08	510.68	-2.88	0.00	-0.00	-2.50
1	1	1	3	2.475163	-3.81	-1.43	-55.66	64.22	-3740.43	-792.10	-3.81	0.00	-0.00	-1.43
1	1	1	3	2.491839	-4.32	-0.25	-30.35	70.48	1518.05	375.55	-4.32	0.00	-0.00	-0.25
1	1	1	3	2.508444	-4.73	1.00	-24.85	75.26	331.45	288.01	-4.73	0.00	0.00	1.00
1	1	1	3	2.525191	-5.28	2.52	-32.76	91.29	-472.69	957.11	-5.28	0.00	0.00	2.52
1	1	1	3	2.541845	-5.16	3.72	7.04	71.56	2389.90	-1184.91	-5.16	0.00	0.00	3.72
1	1	1	3	2.558485	-4.92	5.49	14.21	106.79	431.05	2117.09	-4.92	0.00	0.00	5.49
1	1	1	3	2.575128	-6.31	10.45	-83.50	297.94	-5871.05	11485.46	-6.31	0.00	0.00	10.45
1	1	1	3	2.591913	-7.28	14.56	-57.60	244.93	1543.26	-3158.20	-7.28	0.00	0.00	14.56
1	1	1	3	2.608598	-8.30	17.75	-60.84	190.74	-194.15	-3248.00	-8.30	0.00	0.00	17.75
1	1	1	3	2.625192	-8.60	19.29	-18.13	92.84	2573.82	-5899.68	-8.60	0.00	0.00	19.29
1	1	1	3	2.641907	-8.63	19.83	-1.99	32.38	965.24	-3616.79	-8.63	0.00	0.00	19.83
1	1	1	3	2.658712	-8.43	19.91	11.74	5.04	817.53	-1626.99	-8.43	0.00	0.00	19.91
1	1	1	3	2.675332	-8.43	19.91	0.00	0.00	-706.64	-303.43	-8.43	0.00	0.00	19.91
1	1	1	3	2.691920	-8.43	19.91	0.00	0.00	0.00	0.00	-8.43	0.00	0.00	19.91
1	1	1	3	2.708512	-8.03	20.08	24.24	9.98	1461.17	601.59	-8.03	0.00	0.00	20.08
1	1	1	3	2.725406	-6.98	20.47	62.07	22.98	2238.80	769.62	-6.98	0.00	0.00	20.47
1	1	1	3	2.741888	-6.10	20.75	53.44	16.97	-523.21	-365.02	-6.10	0.00	0.00	20.75
1	1	1	3	2.758478	-4.92	18.44	71.45	-139.22	1085.51	-9414.44	-4.92	0.00	0.00	18.44
1	1	1	3	2.775330	-3.92	13.96	59.18	-265.53	-728.17	-7496.02	-3.92	0.00	0.00	13.96
1	1	1	3	2.791866	-3.43	12.25	29.59	-103.55	-1789.69	9795.68	-3.43	0.00	0.00	12.25
1	1	1	3	2.808509	-2.93	10.01	30.03	-134.50	26.76	-1859.72	-2.93	0.00	0.00	10.01
1	1	1	3	2.825322	-2.58	6.09	20.98	-233.09	-538.61	-5864.18	-2.58	0.00	0.00	6.09
1	1	1	3	2.841893	-2.16	3.45	25.34	-159.32	263.49	4452.07	-2.16	0.00	0.00	3.45
1	1	1	3	2.858663	-2.24	0.50	-4.64	-176.20	-1787.62	-1006.96	-2.24	0.00	0.00	0.50
1	1	1	3	2.875237	-1.93	-3.00	18.65	-210.73	1405.08	-2083.06	-1.93	0.00	-0.00	-3.00
1	1	1	3	2.891836	-0.76	-7.08	70.31	-246.21	3112.45	-2137.48	-0.76	0.00	-0.00	-7.08
1	1	1	3	2.908624	0.25	-10.17	60.35	-184.08	-593.30	3701.12	0.25	0.00	-0.00	-10.17
1	1	1	3	2.925318	0.76	-12.44	30.40	-135.95	-1794.40	2883.00	0.76	0.00	-0.00	-12.44
1	1	1	3	2.941886	0.76	-14.23	0.02	-107.66	-1833.43	1707.50	0.76	0.00	-0.00	-14.23
1	1	1	3	2.958493	0.51	-16.02	-15.27	-107.98	-920.63	-19.27	0.51	0.00	-0.00	-16.02
1	1	1	3	2.975373	0.00	-18.32	-30.13	-136.13	-880.38	-1667.75	0.00	0.00	-0.00	-18.32
1	1	1	3	2.992022	0.00	-20.86	0.00	-152.80	1809.56	-1001.21	0.00	0.00	-0.00	-20.86
1	1	1	3	3.008553	-0.25	-23.66	-15.39	-169.21	-930.96	-992.76	-0.25	0.00	-0.00	-23.66
1	1	1	3	3.025283	-0.25	-25.69	-0.00	-121.66	919.85	2842.16	-0.25	0.00	-0.00	-25.69
1	1	1	3	3.041902	-0.25	-26.46	-0.00	-45.92	0.01	4556.87	-0.25	0.00	-0.00	-26.46
1	1	1	3	3.058512	-0.51	-27.22	-15.31	-45.74	-921.85	11.27	-0.51	0.00	-0.00	-27.22
1	1	1	3	3.075319	-1.02	-28.22	-30.24	-59.74	-888.18	-833.17	-1.02	0.00	-0.00	-28.22
1	1	1	3	3.091881	-1.78	-30.22	-45.94	-120.84	-947.91	-3689.43	-1.78	0.00	-0.00	-30.22
1	1	1	3	3.108609	-3.04	-31.40	-75.37	-70.39	-1759.52	3015.76	-3.04	0.00	-0.00	-31.40
1	1	1	3	3.125310	-4.78	-32.72	-104.44	-79.36	-1740.47	-537.28	-4.78	0.00	-0.00	-32.72
1	1	1	3	3.142443	-6.74	-33.68	-113.97	-55.61	-556.25	1386.59	-6.74	0.00	-0.00	-33.68
1	1	1	3	3.158655	-7.93	-34.46	-73.89	-48.31	2472.34	450.41	-7.93	0.00	-0.00	-34.46
1	1	1	3	3.175246	-8.18	-35.45	-14.88	-59.51	3556.39	-675.46	-8.18	0.00	-0.00	-35.45
1	1	1	3	3.191961	-7.72	-37.11	27.47	-99.52	2534.04	-2393.54	-7.72	0.00	-0.00	-37.11
1	1	1	3	3.208537	-7.01	-38.55	43.00	-86.56	936.82	781.97	-7.01	0.00	-0.00	-38.55
1	1	1	3	3.225214	-7.02	-39.84	-0.42	-77.41	-2603.30	548.55	-7.02	0.00	-0.00	-39.84
1	1	1	3	3.242000	-7.27	-41.86	-15.11	-120.45	-875.14	-2564.16	-7.27	0.00	-0.00	-41.86
1	1	1	3	3.258643	-8.00	-42.50	-43.95	-38.65	-1733.07	4914.89	-8.00	0.00	-0.00	-42.50
1	1	1	3	3.275275	-8.25	-43.49	-14.90	-59.45	1746.46	-1250.76	-8.25	0.00	-0.00	-43.49
1	1	1	3	3.292012	-8.26	-45.30	-0.65	-108.10	851.60	-2906.85	-8.26	0.00	-0.00	-45.30
1	1	1	3	3.308674	-7.54	-46.97	43.42	-100.38	2644.68	463.58	-7.54	0.00	-0.00	-46.97
1	1	1	3	3.325345	-6.80	-48.88	43.94	-114.59	31.18	-852.72	-6.80	0.00	-0.00	-48.88
1	1	1	3	3.341986	-4.81	-51.16	119.63	-137.04	4548.82	-1348.89	-4.81	0.00	-0.00	-51.16
1	1	1	3	3.358664	-2.79	-53.61	120.99	-146.46	81.13	-565.04	-2.79	0.00	-0.00	-53.61
1	1	1	3	3.375299	-2.29	-55.41	30.48	-108.59	-5441.06	2276.73	-2.29	0.00	-0.00	-55.41
1	1	1	3	3.391915	-2.29	-56.18	-0.00	-45.97	-1834.24	3768.62	-2.29	0.00	-0.00	-56.18
1	1	1	3	3.408720	-2.54	-56.42	-15.10	-14.51	-898.28	1872.36	-2.54	0.00	-0.00	-56.42
1	1	1	3	3.425265	-2.54	-56.42	0.00	0.00	912.58	876.73	-2.54	0.00	-0.00	-56.42
1	1	1	3	3.441891	-2.03	-56.70	30.53	-16.55	1835.92	-995.28	-2.03	0.00	-0.00	-56.70
1	1	1	3	3.458621	-1.78	-58.49	15.18	-107.01	-917.39	-5407.21	-1.78	0.00	-0.00	-58.49
1	1	1	3	3.475313	-1.78	-59.25	-0.00	-45.74	-909.35	3670.29	-1.78	0.00	-0.00	-59.25
1	1	1	3	3.492657	-2.03	-60.51	-14.65	-72.91	-844.50	-1566.43	-2.03	0.00	-0.00	-60.51
1	1	1	3	3.508628	-2.54	-61.51	-31.79	-62.57	-1073.50	647.65	-2.54	0.00	-0.00	-61.51
1	1	1	3	3.525344	-2.80	-62.27	-15.18	-45.05	993.84	1048.25	-2.80	0.00	-0.00	-62.27
1	1	1	3	3.541899	-3.05	-63.02	-15.32	-45.44	-8.56	-23.73	-3.05	0.00	-0.00	-63.02
1	1	1	3	3.558678	-3.05	-63.53	-0.00	-30.36	912.97	898.68	-3.05	0.00	-0.00	-63.53
1	1	1	3	3.575297	-3.05	-64.55	-0.01	-61.30	-0.19	-1861.84	-3.05	0.00	-0.00	-64.55
1	1	1	3	3.591989	-2.80	-65.83	15.19	-76.96	910.30	-938.26	-2.80	0.00	-0.00	-65.83
1	1	1	3	3.608637	-2.80	-67.36	-0.01	-91.77	-912.73	-889.45	-2.80	0.00	-0.00	-67.36
1	1	1	3	3.625338	-3.05	-69.13	-15.20	-106.08	-909.67	-856.58	-3.05	0.00	-0.00	-69.13
1	1	1	3	3.642023	-4.06	-70.61	-60.76	-88.51	-2730.86	1052.71	-4.06	0.00	-0.00	-70.61
1	1	1	3	3.658682	-4.82	-72.09	-45.57	-88.97	912.05	-27.40	-4.82	0.00	-0.00	-72.09
1	1	1	3	3.675254	-5.08	-74.88	-15.30	-168.22	1826.66	-4782.29	-5.08	0.00	-0.00	-74.88
1	1	1	3	3.691971	-4.82	-74.89	15.12	-1.00	1819.67	10003.29	-4.82	0.00	-0.00	-74.89
1	1	1	3	3.708710	-4.57	-75.93	15.10	-61.85	-1.45	-3635.20	-4.57	0.00	-0.00	-75.93
1	1	1	3	3.725338	-4.57	-76.44	-0.01	-30.65	-908.19	1876.12	-4.57	0.00	-0.00	-76.44
1	1	1	3	3.742165	-4.82	-76.68	-15.04	-14.22	-893.27	976.32	-4.82	0.00	-0.00	-76.68
1	1	1	3	3.758682	-4.82	-76.68	0.00	0.00	910.44	861.23	-4.82	0.00	-0.00	-76.68
1	1	1	3	3.775352	-4.82	-76.68	0.00	0.00	0.00	0.00	-4.82	0.00	-0.00	-76.68
1	1	1	3	3.791977	-4.82	-76.93	-0.00	-15.33	-0.23	-922.33	-4.82	0.00	-0.00	-76.93
1	1	1	3	3.808679	-5.08	-77.68	-15.15	-44.82	-906.80	-1765.20	-5.08	0.00	-0.00	-77.68
1	1	1	3	3.825382	-5.58	-78.41	-30.27	-43.73	-904.97	64.85	-5.58	0.00	-0.00	-78.41
1	1	1	3	3.841993	-5.84	-79.16	-15.21	-44.96	906.17	-74.05	-5.84	0.00	-0.00	-79.16
1	1	1	3	3.858712	-5.08	-80.49	45.31	-79.36	3619.74	-2057.16	-5.08	0.00	-0.00	-80.49
1	1	1	3	3.875418	-5.08	-83.03	-0.04	-152.58	-2714.22	-4383.11	-5.08	0.00	-0.00	-83.03
1	1	1	3	3.892024	-4.83	-83.05	15.24	-0.91	919.80	9133.26	-4.83	0.00	-0.00	-83.05
1	1	1	3	3.908788	-4.83	-83.56	-0.01	-30.40	-909.31	-1759.22	-4.83	0.00	-0.00	-83.56
1	1	1	3	3.925422	-4.83	-84.07	-0.01	-30.64	0.00	-14.34	-4.83	0.00	-0.00	-84.07
1	1	1	3	3.942028	-4.83	-84.83	-0.01	-46.03	-0.16	-927.05	-4.83	0.00	-0.00	-84.83
1	1	1	3	3.958632	-5.08	-85.07	-15.25	-14.46	-917.70	1901.63	-5.08	0.00	-0.00	-85.07
1	1	1	3	3.975378	-4.83	-85.85	15.11	-46.53	1812.66	-1915.17	-4.83	0.00	-0.00	-85.85
1	1	1	3	3.992049	-4.32	-86.90	30.38	-62.73	916.23	-971.96	-4.32	0.00	-0.00	-86.90
1	1	1	3	4.008757	-3.56	-87.95	45.53	-63.02	906.89	-17.18	-3.56	0.00	-0.00	-87.95
1	1	1	3	4.025371	-3.56	-88.46	-0.00	-30.65	-2740.96	1948.37	-3.56	0.00	-0.00	-88.46
1	1	1	3	4.042035	-3.81	-88.96	-15.23	-29.93	-913.71	43.54	-3.81	0.00	-0.00	-88.96
1	1	1	3	4.058740	-3.81	-89.47	-0.00	-30.49	911.49	-33.56	-3.81	0.00	-0.00	-89.47
1	1	1	3	4.075421	-3.56	-89.73	15.21	-15.89	912.09	875.03	-3.56	0.00	-0.00	-89.73
1	1	1	3	4.092071	-3.05	-90.26	30.50	-31.70	917.94	-949.51	-3.05	0.00	-0.00	-90.26
1	1	1	3	4.108693	-2.03	-91.05	61.15	-47.65	1844.01	-959.58	-2.03	0.00	-0.00	-91.05
1	1	1	3	4.125378	-1.02	-91.33	60.96	-16.27	-10.91	1880.73	-1.02	0.00	-0.00	-91.33
1	1	1	3	4.142101	-0.25	-91.33	45.63	-0.32	-916.75	953.91	-0.25	0.00	-0.00	-91.33
1	1	1	3	4.158775	0.25	-91.33	30.51	0.00	-906.72	19.06	0.25	0.00	-0.00	-91.33
1	1	1	3	4.175563	0.00	-91.33	-15.15	-0.02	-2720.35	-1.26	0.00	0.00	-0.00	-91.33
1	1	1	3	4.192126	-0.25	-91.58	-15.36	-15.34	-12.43	-924.82	-0.25	0.00	-0.00	-91.58
1	1	1	3	4.208765	-1.02	-91.58	-45.86	0.32	-1833.32	940.99	-1.02	0.00	-0.00	-91.58
1	1	1	3	4.225455	-1.27	-91.58	-15.24	0.19	1834.95	-7.67	-1.27	0.00	-0.00	-91.58
1	1	1	3	4.242116	-0.76	-91.84	30.53	-15.61	2747.08	-948.23	-0.76	0.00	-0.00	-91.84
1	1	1	3	4.258732	0.00	-92.35	45.93	-30.81	926.85	-915.09	0.00	0.00	-0.00	-92.35
1	1	1	3	4.275981	1.27	-93.10	73.74	-43.74	1612.07	-749.63	1.27	0.00	-0.00	-93.10
1	1	1	3	4.292121	2.29	-93.59	63.01	-30.33	-664.41	831.12	2.29	0.00	-0.00	-93.59
1	1	1	3	4.308735	2.29	-93.59	0.00	0.00	-3792.83	1825.50	2.29	0.00	-0.00	-93.59
1	1	1	3	4.325437	1.78	-93.86	-30.44	-15.90	-1822.60	-951.74	1.78	0.00	-0.00	-93.86
1	1	1	3	4.342142	0.76	-93.87	-60.90	-0.83	-1823.28	902.19	0.76	0.00	-0.00	-93.87
1	1	1	3	4.358808	-1.02	-93.87	-106.85	0.14	-2757.23	58.20	-1.02	0.00	-0.00	-93.87
1	1	1	3	4.375673	-1.78	-93.86	-45.24	0.67	3653.21	31.39	-1.78	0.00	-0.00	-93.86
1	1	1	3	4.392034	-2.29	-93.85	-31.08	0.67	865.50	-0.03	-2.29	0.00	-0.00	-93.85
1	1	1	3	4.408774	-2.29	-93.85	0.00	0.00	1856.46	-40.25	-2.29	0.00	-0.00	-93.85
1	1	1	3	4.425402	-2.03	-93.85	15.29	-0.35	919.40	-21.18	-2.03	0.00	-0.00	-93.85
1	1	1	3	4.442289	-2.03	-93.85	0.00	0.00	-905.28	20.85	-2.03	0.00	-0.00	-93.85
1	1	1	3	4.458783	-2.29	-93.85	-15.41	0.36	-934.33	21.52	-2.29	0.00	-0.00	-93.85
1	1	1	3	4.475614	-2.54	-93.84	-15.10	0.39	18.48	2.01	-2.54	0.00	-0.00	-93.84
1	1	1	3	4.492167	-2.80	-94.09	-15.35	-14.94	-15.14	-925.98	-2.80	0.00	-0.00	-94.09
1	1	1	3	4.508822	-2.54	-94.35	15.26	-15.71	1837.73	-46.51	-2.54	0.00	-0.00	-94.35
1	1	1	3	4.525442	-2.54	-94.86	-0.00	-30.62	-917.98	-897.19	-2.54	0.00	-0.00	-94.86
1	1	1	3	4.542113	-2.54	-95.37	-0.00	-30.53	0.00	5.59	-2.54	0.00	-0.00	-95.37
1	1	1	3	4.558827	-2.54	-95.62	-0.00	-15.23	0.02	915.72	-2.54	0.00	-0.00	-95.62
1	1	1	3	4.575512	-2.54	-95.88	-0.00	-15.25	0.00	-1.63	-2.54	0.00	-0.00	-95.88
1	1	1	3	4.592240	-2.80	-96.38	-15.19	-30.01	-908.14	-881.98	-2.80	0.00	-0.00	-96.38
1	1	1	3	4.609406	-3.05	-96.63	-14.80	-14.38	22.80	910.41	-3.05	0.00	-0.00	-96.63
1	1	1	3	4.625403	-3.31	-96.87	-15.88	-15.39	-67.37	-63.24	-3.31	0.00	-0.00	-96.87
1	1	1	3	4.642097	-3.31	-96.62	0.00	15.25	951.15	1835.27	-3.31	0.00	-0.00	-96.62
1	1	1	3	4.658862	-3.05	-96.88	15.15	-15.68	903.68	-1844.93	-3.05	0.00	-0.00	-96.88
1	0	1	3	4.692724	-2.80	-97.65	-0.60	-20.81	-0.13	-4.43	-2.80	0.00	-0.00	-97.65
1	0	1	3	4.709325	-2.80	-97.65	0.00	0.00	35.91	1253.45	-2.80	0.00	-0.00	-97.65
1	0	1	3	4.725450	-3.05	-97.90	-15.76	-15.31	-977.14	-949.64	-3.05	0.00	-0.00	-97.90
1	0	1	3	4.742156	-3.05	-97.90	0.00	0.00	943.17	916.62	-3.05	0.00	-0.00	-97.90
1	0	1	3	4.758849	-3.05	-98.15	-0.00	-15.25	-0.03	-913.37	-3.05	0.00	-0.00	-98.15
1	0	1	3	4.775509	-2.80	-98.41	15.25	-15.73	915.45	-29.07	-2.80	0.00	-0.00	-98.41
1	0	1	3	4.792154	-2.54	-98.68	15.27	-15.70	1.00	1.68	-2.54	0.00	-0.00	-98.68
1	0	1	3	4.808881	-2.54	-98.68	0.00	0.00	-912.71	938.80	-2.54	0.00	-0.00	-98.68
1	0	1	3	4.825546	-2.80	-98.67	-15.25	0.41	-914.99	24.76	-2.80	0.00	-0.00	-98.67
1	0	1	3	4.842692	-2.80	-98.67	0.00	0.00	889.34	-24.07	-2.80	0.00	-0.00	-98.67
1	0	1	3	4.858892	-2.54	-98.68	15.69	-0.42	968.32	-26.20	-2.54	0.00	-0.00	-98.68
1	0	1	3	4.875571	-2.54	-98.68	0.00	0.00	-940.52	25.45	-2.54	0.00	-0.00	-98.68
1	0	1	3	4.892263	-2.54	-98.68	0.00	0.00	0.00	0.00	-2.54	0.00	-0.00	-98.68
1	0	1	3	4.908858	-2.80	-98.67	-15.31	0.41	-922.82	24.97	-2.80	0.00	-0.00	-98.67
1	0	1	3	4.925668	-2.80	-98.67	0.00	0.00	910.96	-24.65	-2.80	0.00	-0.00	-98.67
1	0	1	3	4.942148	-2.54	-98.68	15.42	-0.42	935.74	-25.32	-2.54	0.00	-0.00	-98.68
1	0	1	3	4.958902	-2.54	-98.68	0.00	0.00	-920.38	24.91	-2.54	0.00	-0.00	-98.68
1	0	1	3	4.975596	-2.54	-98.68	0.00	0.00	0.00	0.00	-2.54	0.00	-0.00	-98.68
1	0	1	3	4.992253	-2.54	-98.68	0.00	0.00	0.00	0.00	-2.54	0.00	-0.00	-98.68
1	0	1	3	5.009107	-2.54	-98.68	0.00	0.00	0.00	0.00	-2.54	0.00	-0.00	-98.68
1	0	1	3	5.025607	-2.29	-98.68	15.40	-0.38	933.64	-22.86	-2.29	0.00	-0.00	-98.68
1	0	1	3	5.042199	-1.78	-98.69	30.65	-0.63	918.65	-15.35	-1.78	0.00	-0.00	-98.69
1	0	1	3	5.058805	-1.02	-98.70	45.94	-0.65	921.15	-1.17	-1.02	0.00	-0.00	-98.70
1	0	1	3	5.075598	0.00	-98.71	60.60	-0.31	872.58	20.18	0.00	0.00	-0.00	-98.71
1	0	1	3	5.092225	0.76	-98.71	45.90	0.18	-883.93	29.46	0.76	0.00	-0.00	-98.71
1	0	1	3	5.108928	2.03	-98.69	76.13	1.08	1809.86	53.98	2.03	0.00	-0.00	-98.69
1	0	1	3	5.125608	3.81	-98.89	106.62	-12.10	1828.21	-790.37	3.81	0.00	-0.00	-98.89
1	0	1	3	5.142242	5.08	-98.83	76.24	3.43	-1826.69	933.84	5.08	0.00	-0.00	-98.83
1	0	1	3	5.158880	5.33	-98.56	15.22	16.12	-3667.12	762.45	5.33	0.00	-0.00	-98.56
1	0	1	3	5.175635	5.33	-98.31	-0.00	15.21	-908.80	-54.28	5.33	0.00	-0.00	-98.31
1	0	1	3	5.192416	5.33	-97.55	-0.01	45.55	-0.29	1808.02	5.33	0.00	-0.00	-97.55
1	0	1	3	5.208994	6.09	-96.48	45.79	64.19	2762.23	1124.35	6.09	0.00	-0.00	-96.48
1	0	1	3	5.225564	6.35	-96.21	15.25	16.37	-1842.59	-2885.70	6.35	0.00	-0.00	-96.21
1	0	1	3	5.242361	6.09	-95.46	-15.06	44.56	-1805.02	1678.25	6.09	0.00	-0.00	-95.46
1	0	1	3	5.258867	5.84	-94.97	-15.33	29.92	-16.10	-886.52	5.84	0.00	-0.00	-94.97
1	0	1	3	5.275627	5.84	-94.20	-0.01	45.62	914.02	936.77	5.84	0.00	-0.00	-94.20
1	0	1	3	5.292330	6.09	-93.68	15.13	31.48	906.48	-846.59	6.09	0.00	-0.00	-93.68
1	0	1	3	5.308926	7.10	-92.84	60.84	50.41	2754.65	1140.50	7.10	0.00	-0.00	-92.84
1	0	1	3	5.325771	7.86	-92.52	44.86	18.77	-948.92	-1878.15	7.86	0.00	-0.00	-92.52
1	0	1	3	5.342279	8.11	-92.25	15.23	16.78	-1794.86	-120.46	8.11	0.00	-0.00	-92.25
1	0	1	3	5.358926	7.86	-91.50	-15.14	44.71	-1824.46	1677.37	7.86	0.00	-0.00	-91.50
1	0	1	3	5.375656	7.61	-91.01	-15.06	29.25	4.71	-924.10	7.61	0.00	-0.00	-91.01
1	0	1	3	5.392367	7.60	-89.99	-0.04	61.10	899.18	1906.42	7.60	0.00	-0.00	-89.99
1	0	1	3	5.408957	7.86	-89.46	15.15	32.09	915.19	-1749.04	7.86	0.00	-0.00	-89.46
1	0	1	3	5.425687	8.36	-88.90	30.02	33.27	888.71	70.31	8.36	0.00	-0.00	-88.90
1	0	1	3	5.442177	8.36	-88.14	-0.04	46.49	-1822.57	801.71	8.36	0.00	-0.00	-88.14
1	0	1	3	5.458961	9.11	-87.04	44.74	65.39	2668.17	1126.57	9.11	0.00	-0.00	-87.04
1	0	1	3	5.475656	9.61	-86.47	29.91	33.88	-888.25	-1887.59	9.61	0.00	-0.00	-86.47
1	0	1	3	5.492373	10.11	-85.39	29.76	64.69	-9.44	1842.96	10.11	0.00	-0.00	-85.39
1	0	1	3	5.508832	11.10	-84.24	60.29	69.84	1854.86	313.31	11.10	0.00	-0.00	-84.24
1	0	1	3	5.525603	11.10	-83.22	-0.14	61.19	-3602.85	-516.05	11.10	0.00	-0.00	-83.22
1	0	1	3	5.542448	10.85	-82.48	-14.82	43.74	-871.41	-1035.81	10.85	0.00	-0.00	-82.48
1	0	1	3	5.559032	11.09	-82.45	14.94	1.99	1794.40	-2517.72	11.09	0.00	-0.00	-82.45
1	0	1	3	5.575698	11.33	-79.59	14.40	171.51	-32.33	10171.86	11.33	0.00	-0.00	-79.59
1	0	1	3	5.592576	12.07	-77.94	43.47	97.89	1722.26	-4361.90	12.07	0.00	-0.00	-77.94
1	0	1	3	5.608905	12.55	-75.80	29.50	130.95	-855.41	2024.88	12.55	0.00	-0.00	-75.80
1	0	1	3	5.625529	13.03	-74.17	28.88	98.08	-37.44	-1977.60	13.03	0.00	-0.00	-74.17
1	0	1	3	5.642337	13.26	-71.54	13.58	156.25	-910.54	3461.00	13.26	0.00	-0.00	-71.54
1	0	1	3	5.659109	13.48	-69.17	13.49	141.52	-5.08	-878.26	13.48	0.00	-0.00	-69.17
1	0	1	3	5.675719	12.75	-66.98	-44.44	131.82	-3487.66	-583.98	12.75	0.00	-0.00	-66.98
1	0	1	3	5.692588	10.31	-66.11	-144.64	51.49	-5939.94	-4762.22	10.31	0.00	-0.00	-66.11
1	0	1	3	5.708977	6.83	-64.51	-212.05	97.46	-4113.33	2805.08	6.83	0.00	-0.00	-64.51
1	0	1	3	5.725701	0.76	-63.34	-362.80	69.98	-9014.11	-1643.13	0.76	0.00	-0.00	-63.34
1	0	1	3	5.742356	-2.29	-62.29	-183.21	63.35	10783.56	-398.44	-2.29	0.00	-0.00	-62.29
1	0	1	3	5.759083	-3.81	-60.68	-90.90	95.88	5518.38	1944.91	-3.81	0.00	-0.00	-60.68
1	0	1	3	5.776222	-6.32	-58.94	-146.75	101.83	-3258.87	347.23	-6.32	0.00	-0.00	-58.94
1	0	1	3	5.792279	-9.04	-56.26	-169.32	166.49	-1405.23	4026.92	-9.04	0.00	-0.00	-56.26
1	0	1	3	5.809027	-11.92	-53.38	-171.70	172.08	-142.12	333.48	-11.92	0.00	-0.00	-53.38
1	0	1	3	5.825710	-14.88	-50.25	-177.54	187.74	-350.18	939.11	-14.88	0.00	-0.00	-50.25
1	0	1	3	5.842333	-17.00	-47.42	-127.69	170.53	2998.56	-1035.45	-17.00	0.00	-0.00	-47.42
1	0	1	3	5.859018	-18.11	-43.99	-66.59	205.30	3662.37	2083.96	-18.11	0.00	-0.00	-43.99
1	0	1	3	5.875653	-20.39	-39.87	-136.58	247.97	-4207.27	2564.57	-20.39	0.00	-0.00	-39.87
1	0	1	3	5.892359	-20.56	-37.76	-10.23	125.92	7562.70	-7305.29	-20.56	0.00	-0.00	-37.76
1	0	1	3	5.909019	-20.61	-36.57	-3.27	71.64	417.86	-3258.32	-20.61	0.00	-0.00	-36.57
1	0	1	3	5.925757	-20.45	-33.72	9.77	170.35	778.94	5897.73	-20.45	0.00	-0.00	-33.72
1	0	1	3	5.942306	-20.42	-32.24	1.80	89.31	-481.56	-4896.83	-20.42	0.00	-0.00	-32.24
1	0	1	3	5.959060	-20.42	-32.24	0.00	0.00	-107.21	-5330.58	-20.42	0.00	-0.00	-32.24
1	0	1	3	5.975673	-19.60	-32.45	49.32	-12.50	2968.78	-752.60	-19.60	0.00	-0.00	-32.45
1	0	1	3	5.992550	-18.78	-32.93	48.33	-28.37	-58.80	-940.42	-18.78	0.00	-0.00	-32.93
1	0	1	3	6.009018	-16.12	-34.31	161.81	-84.00	6891.22	-3377.59	-16.12	0.00	-0.00	-34.31
1	0	1	3	6.025792	-12.28	-35.86	229.10	-92.70	4011.34	-518.79	-12.28	0.00	-0.00	-35.86
1	0	1	3	6.042324	-9.60	-36.93	161.68	-64.67	-4078.02	1695.43	-9.60	0.00	-0.00	-36.93
1	0	1	3	6.059012	-7.96	-37.32	98.32	-23.26	-3796.55	2481.63	-7.96	0.00	-0.00	-37.32
1	0	1	3	6.075834	-6.03	-37.42	114.95	-6.12	988.69	1018.48	-6.03	0.00	-0.00	-37.42
1	0	1	3	6.092624	-2.79	-38.06	192.79	-37.79	4635.38	-1886.02	-2.79	0.00	-0.00	-38.06
1	0	1	3	6.109090	0.51	-38.16	200.39	-6.00	461.98	1930.77	0.51	0.00	-0.00	-38.16
1	0	1	3	6.125729	4.30	-37.92	227.70	14.38	1640.94	1225.18	4.30	0.00	-0.00	-37.92
1	0	1	3	6.142353	5.04	-37.83	44.88	5.53	-10997.04	-532.38	5.04	0.00	-0.00	-37.83
1	0	1	3	6.159134	4.80	-37.86	-14.78	-1.92	-3555.59	-444.36	4.80	0.00	-0.00	-37.86
1	0	1	3	6.176415	3.80	-37.97	-57.76	-6.55	-2487.05	-267.54	3.80	0.00	-0.00	-37.97
1	0	1	3	6.192394	3.29	-37.76	-31.44	13.05	1647.38	1226.14	3.29	0.00	-0.00	-37.76
1	0	1	3	6.209249	3.29	-37.00	-0.03	45.45	1863.57	1922.78	3.29	0.00	-0.00	-37.00
1	0	1	3	6.225993	3.29	-36.23	-0.03	45.76	-0.13	18.38	3.29	0.00	-0.00	-36.23
1	0	1	3	6.242450	3.79	-35.41	30.42	49.61	1850.55	233.95	3.79	0.00	-0.00	-35.41
1	0	1	3	6.259054	4.29	-34.33	29.94	65.17	-29.03	937.06	4.29	0.00	-0.00	-34.33
1	0	1	3	6.275666	3.54	-33.14	-45.15	71.85	-4520.13	401.97	3.54	0.00	-0.00	-33.14
1	0	1	3	6.292389	3.04	-31.91	-30.04	73.41	903.27	93.60	3.04	0.00	-0.00	-31.91
1	0	1	3	6.309196	2.28	-30.19	-44.98	102.49	-888.76	1730.24	2.28	0.00	-0.00	-30.19
1	0	1	3	6.325846	0.51	-28.23	-106.57	117.33	-3698.68	890.87	0.51	0.00	-0.00	-28.23
1	0	1	3	6.342438	-0.25	-27.47	-45.99	45.80	3650.72	-4311.46	-0.25	0.00	-0.00	-27.47
1	0	1	3	6.358967	0.00	-26.71	15.39	46.10	3713.70	18.52	0.00	0.00	-0.00	-26.71
1	0	1	3	6.375745	0.25	-26.20	15.16	30.40	-13.58	-935.86	0.25	0.00	-0.00	-26.20
1	0	1	3	6.392404	0.76	-24.41	30.52	107.54	921.94	4630.59	0.76	0.00	-0.00	-24.41
1	0	1	3	6.409162	0.76	-22.37	-0.00	121.51	-1821.51	833.64	0.76	0.00	-0.00	-22.37
1	0	1	3	6.425702	0.25	-20.35	-30.74	122.36	-1858.13	51.41	0.25	0.00	-0.00	-20.35
1	0	1	3	6.442471	-0.76	-18.05	-60.64	137.40	-1783.19	896.81	-0.76	0.00	-0.00	-18.05
1	0	1	3	6.459073	-0.51	-16.53	15.30	91.44	4574.10	-2768.12	-0.51	0.00	-0.00	-16.53
1	0	1	3	6.475855	1.02	-16.00	90.82	31.77	4500.27	-3555.79	1.02	0.00	-0.00	-16.00
1	0	1	3	6.492578	1.52	-13.91	30.01	124.71	-3636.38	5557.69	1.52	0.00	-0.00	-13.91
1	0	1	3	6.509166	1.76	-11.83	14.71	125.58	-922.46	52.03	1.76	0.00	-0.00	-11.83
1	0	1	3	6.525781	2.46	-9.61	42.31	133.36	1661.33	468.70	2.46	0.00	-0.00	-9.61
1	0	1	3	6.542508	4.19	-6.07	103.08	211.48	3633.25	4670.11	4.19	-0.00	-0.00	-6.07
1	0	1	3	6.559162	3.87	-3.68	-19.21	143.44	-7342.52	-4085.30	3.87	-0.00	-0.00	-3.68
2	1	0	1	6.585270	5.28	-2.52	0.80	-0.38	0.12	-0.06	5.28	-0.00	-0.00	-2.52
2	1	1	1	6.602173	6.18	-1.48	53.59	61.55	3123.02	3663.76	6.18	-0.00	-0.00	-1.48
2	1	1	1	6.618466	7.05	-1.01	53.23	29.27	-22.18	-1980.96	7.05	-0.00	-0.00	-1.01
2	1	1	1	6.635073	7.62	-0.51	33.93	30.09	-1162.04	49.30	7.62	-0.00	-0.00	-0.51
2	1	1	1	6.651716	7.89	0.00	16.30	30.50	-1059.19	24.97	7.89	-0.00	0.00	0.00
2	1	1	1	6.668498	7.63	0.00	-15.16	0.00	-1874.80	-1817.76	7.63	-0.00	0.00	0.00
2	1	1	1	6.685022	7.63	0.25	-0.26	15.39	901.94	931.24	7.63	-0.00	0.00	0.25
2	1	1	1	6.701922	7.63	0.25	0.00	0.00	15.17	-910.49	7.63	-0.00	0.00	0.25
2	1	1	1	6.718408	7.63	0.25	0.00	0.00	0.00	0.00	7.63	-0.00	0.00	0.25
2	1	1	1	6.735278	7.88	0.25	15.09	0.00	894.44	0.03	7.88	-0.00	0.00	0.25
2	1	1	1	6.751830	7.88	0.25	0.00	0.00	-911.57	-0.03	7.88	-0.00	0.00	0.25
2	1	1	1	6.768501	7.63	0.25	-15.27	-0.00	-915.94	-0.03	7.63	-0.00	0.00	0.25
2	1	1	1	6.785344	7.12	0.25	-30.23	-0.00	-888.05	-0.04	7.12	-0.00	0.00	0.25
2	1	1	1	6.801619	6.61	0.00	-30.98	-15.62	-46.50	-959.72	6.61	-0.00	0.00	0.00
2	1	1	1	6.818352	6.61	0.25	-0.29	15.19	1834.24	1841.58	6.61	-0.00	0.00	0.25
2	1	1	1	6.835145	6.61	0.00	0.29	-15.14	34.72	-1806.16	6.61	-0.00	0.00	0.00
2	1	1	1	6.851854	6.24	-1.25	-22.62	-74.65	-1370.99	-3561.55	6.24	-0.00	-0.00	-1.25
2	1	1	1	6.868257	5.66	-1.48	-35.04	-14.00	-757.46	3697.32	5.66	-0.00	-0.00	-1.48
2	1	1	1	6.884954	4.55	-2.28	-66.53	-47.82	-1885.80	-2025.24	4.55	-0.00	-0.00	-2.28
2	1	1	1	6.901608	4.36	-2.62	-11.28	-20.56	3317.31	1637.04	4.36	-0.00	-0.00	-2.62
2	1	1	1	6.918411	4.07	-3.05	-17.41	-25.89	-364.56	-317.56	4.07	-0.00	-0.00	-3.05
2	1	1	1	6.935057	3.69	-3.50	-22.93	-27.13	-331.35	-74.25	3.69	-0.00	-0.00	-3.50
2	1	1	1	6.951641	3.60	-3.60	-5.49	-5.63	1051.33	1296.14	3.60	0.00	-0.00	-3.60
2	1	1	1	6.968472	3.30	-3.88	-17.97	-16.58	-741.78	-650.22	3.30	0.00	-0.00	-3.88
2	1	1	1	6.984916	2.45	-4.46	-51.28	-35.36	-2025.52	-1142.34	2.45	0.00	-0.00	-4.46
2	1	1	1	7.001775	2.09	-4.64	-21.60	-10.78	1760.84	1458.23	2.09	0.00	-0.00	-4.64
2	1	1	1	7.018314	2.10	-4.91	1.00	-16.36	1366.16	-337.62	2.10	0.00	-0.00	-4.91
2	1	1	1	7.035088	2.09	-4.64	-0.99	16.13	-118.40	1936.99	2.09	0.00	-0.00	-4.64
2	1	1	1	7.051793	1.46	-4.87	-37.47	-13.98	-2184.11	-1802.73	1.46	0.00	-0.00	-4.87
2	1	1	1	7.068427	-0.51	-5.06	-118.33	-11.38	-4861.15	156.32	-0.51	0.00	-0.00	-5.06
2	1	1	1	7.084945	-2.28	-4.55	-107.10	30.99	679.83	2565.09	-2.28	0.00	-0.00	-4.55
2	1	1	1	7.102274	-3.30	-3.88	-58.85	38.90	2784.36	456.53	-3.30	0.00	-0.00	-3.88
2	1	1	1	7.118329	-4.97	-3.97	-104.09	-6.00	-2817.80	-2796.73	-4.97	0.00	-0.00	-3.97
2	1	1	1	7.134851	-5.80	-4.14	-50.24	-10.12	3259.25	-249.44	-5.80	0.00	-0.00	-4.14
2	1	1	1	7.151877	-6.90	-4.31	-65.02	-10.24	-868.13	-7.00	-6.90	0.00	-0.00	-4.31
2	1	1	1	7.168297	-8.10	-4.27	-72.85	2.43	-476.83	771.43	-8.10	0.00	-0.00	-4.27
2	1	1	1	7.185142	-10.54	-1.76	-144.85	149.50	-4274.24	8730.91	-10.54	0.00	-0.00	-1.76
2	1	1	1	7.201571	-12.42	1.01	-114.73	168.65	1833.37	1165.87	-12.42	0.00	0.00	1.01
2	1	1	1	7.218482	-13.04	3.44	-36.18	143.65	4644.82	-1478.21	-13.04	0.00	0.00	3.44
2	1	1	1	7.235285	-9.28	5.30	223.72	110.56	15467.76	-1969.61	-9.28	0.00	0.00	5.30
2	1	1	1	7.251506	-5.93	6.30	206.45	61.49	-1064.87	-3024.75	-5.93	0.00	0.00	6.30
2	1	1	1	7.268169	-6.58	9.98	-39.32	221.01	-14749.88	9573.52	-6.58	0.00	0.00	9.98
2	1	1	1	7.285066	-6.93	15.01	-20.49	297.85	1114.67	4547.73	-6.93	0.00	0.00	15.01
2	1	1	1	7.301308	-6.31	19.89	38.45	299.91	3628.76	126.67	-6.31	0.00	0.00	19.89
2	1	1	1	7.318462	-5.22	23.60	63.46	216.46	1458.01	-4864.64	-5.22	0.00	0.00	23.60
2	1	1	1	7.334903	-3.78	26.96	87.43	204.30	1457.89	-739.88	-3.78	0.00	0.00	26.96
2	1	1	1	7.351742	-2.53	29.40	73.91	145.15	-803.19	-3512.60	-2.53	0.00	0.00	29.40
2	1	1	1	7.368213	-1.78	31.75	45.93	142.61	-1698.15	-154.40	-1.78	0.00	0.00	31.75
2	1	1	1	7.385128	-1.02	34.07	44.98	137.40	-56.41	-308.05	-1.02	0.00	0.00	34.07
2	1	1	1	7.401443	0.51	36.38	93.53	141.06	2975.92	224.12	0.51	0.00	0.00	36.38
2	1	1	1	7.418217	1.78	37.86	75.72	88.72	-1062.02	-3120.00	1.78	0.00	0.00	37.86
2	1	1	1	7.434822	2.29	38.86	30.52	59.76	-2721.78	-1744.29	2.29	0.00	0.00	38.86
2	1	1	1	7.451520	2.29	39.62	0.01	45.78	-1827.35	-836.87	2.29	0.00	0.00	39.62
2	1	1	1	7.468171	2.54	39.61	15.19	-0.93	911.96	-2805.06	2.54	0.00	0.00	39.61
2	1	1	1	7.485055	2.29	39.88	-14.98	16.01	-1787.28	1002.79	2.29	0.00	0.00	39.88
2	1	1	1	7.501557	1.78	41.94	-30.70	125.01	-952.58	6605.31	1.78	0.00	0.00	41.94
2	1	1	1	7.518379	1.02	43.24	-45.29	77.15	-867.43	-2845.14	1.02	0.00	0.00	43.24
2	1	1	1	7.534756	0.51	44.01	-31.05	47.15	869.51	-1831.64	0.51	0.00	0.00	44.01
2	1	1	1	7.551386	0.00	45.03	-30.59	61.37	27.63	854.74	-0.00	0.00	0.00	45.03
2	1	1	1	7.568100	-0.25	46.30	-15.22	76.06	919.75	879.15	-0.25	0.00	0.00	46.30
2	1	1	1	7.584745	-0.25	47.83	-0.00	91.71	914.42	939.81	-0.25	0.00	0.00	47.83
2	1	1	1	7.601519	-0.76	51.38	-30.33	212.04	-1808.12	7173.91	-0.76	0.00	0.00	51.38
2	1	1	1	7.618134	-1.53	54.93	-45.90	213.43	-937.45	83.71	-1.53	0.00	0.00	54.93
2	1	1	1	7.634782	-2.29	59.49	-45.78	273.69	7.66	3619.74	-2.29	0.00	0.00	59.49
2	1	1	1	7.651686	-1.78	62.05	30.04	151.59	4485.31	-7223.18	-1.78	0.00	0.00	62.05
2	1	1	1	7.668172	-0.51	63.34	77.11	78.58	2855.10	-4428.49	-0.51	0.00	0.00	63.34
2	1	1	1	7.685145	0.00	66.14	29.98	165.00	-2777.13	5091.31	-0.00	0.00	0.00	66.14
2	1	1	1	7.701425	0.51	69.96	31.25	234.29	78.42	4256.47	0.51	0.00	0.00	69.96
2	1	1	1	7.718306	0.76	73.77	15.07	225.93	-958.73	-495.10	0.76	0.00	0.00	73.77
2	1	1	1	7.734731	0.25	76.57	-30.97	170.59	-2803.24	-3369.40	0.25	0.00	0.00	76.57
2	1	1	1	7.751439	-0.25	78.36	-30.45	106.59	31.25	-3830.73	-0.25	0.00	0.00	78.36
2	1	1	1	7.768096	-0.76	79.62	-30.55	76.17	-5.55	-1825.86	-0.76	0.00	0.00	79.62
2	1	1	1	7.784645	-1.27	81.65	-30.74	122.60	-11.67	2805.69	-1.27	0.00	0.00	81.65
2	1	1	1	7.801370	-1.27	84.45	-0.00	167.33	1837.77	2674.39	-1.27	0.00	0.00	84.45
2	1	1	1	7.818504	-1.27	87.51	-0.00	178.19	0.00	633.84	-1.27	0.00	0.00	87.51
2	1	1	1	7.834671	-1.27	90.30	-0.00	173.12	0.00	-314.11	-1.27	0.00	0.00	90.30
2	1	1	1	7.851506	-1.27	92.09	-0.00	105.79	0.01	-3999.15	-1.27	0.00	0.00	92.09
2	1	1	1	7.867941	-2.29	93.59	-61.88	91.71	-3765.45	-856.85	-2.29	0.00	0.00	93.59
2	1	1	1	7.884889	-3.05	94.84	-44.98	73.81	997.50	-1056.26	-3.05	0.00	0.00	94.84
2	1	1	1	7.901337	-3.31	95.09	-15.44	14.96	1795.72	-3577.79	-3.31	0.00	0.00	95.09
2	1	1	1	7.918062	-3.31	95.09	0.00	0.00	923.28	-894.41	-3.31	0.00	0.00	95.09
2	1	1	1	7.934682	-3.56	95.59	-15.28	30.08	-919.31	1810.12	-3.56	0.00	0.00	95.59
2	1	1	1	7.951291	-3.81	97.36	-15.29	106.72	-0.66	4613.88	-3.81	0.00	0.00	97.36
2	1	1	1	7.968150	-3.05	98.41	45.18	61.98	3586.97	-2653.38	-3.05	0.00	0.00	98.41
2	1	1	1	7.984837	-2.80	98.67	15.22	15.70	-1795.29	-2773.23	-2.80	0.00	0.00	98.67
2	1	1	1	8.001339	-2.80	98.67	0.00	0.00	-922.61	-951.64	-2.80	0.00	0.00	98.67
2	1	1	1	8.018150	-3.05	98.66	-15.11	-0.45	-899.02	-26.65	-3.05	0.00	0.00	98.66
2	0	1	1	8.042812	-3.81	98.63	-0.47	12.26	-0.06	1.52	-3.81	0.00	0.00	98.63
2	0	1	1	8.059760	-3.56	98.64	14.98	0.56	911.85	-690.59	-3.56	0.00	0.00	98.64
2	0	1	1	8.075943	-3.31	98.40	15.69	-15.18	44.08	-972.88	-3.31	0.00	0.00	98.40
2	0	1	1	8.092780	-2.80	98.67	30.18	16.05	860.12	1855.11	-2.80	0.00	0.00	98.67
2	0	1	1	8.109394	-2.54	98.68	15.30	0.41	-895.59	-941.22	-2.54	0.00	0.00	98.68
2	0	1	1	8.126016	-2.29	98.43	15.29	-14.93	-0.29	-923.34	-2.29	0.00	0.00	98.43
2	0	1	1	8.142796	-2.03	98.69	15.15	15.50	-8.40	1813.56	-2.03	0.00	0.00	98.69
2	0	1	1	8.159455	-1.78	98.69	15.26	0.30	6.80	-912.58	-1.78	0.00	0.00	98.69
2	0	1	1	8.175941	-1.53	98.70	15.42	0.26	9.79	-2.22	-1.53	0.00	0.00	98.70
2	0	1	1	8.192659	-1.53	98.44	0.00	-15.22	-922.64	-925.81	-1.53	0.00	0.00	98.44
2	0	1	1	8.209323	-1.53	96.92	0.00	-91.61	0.02	-4583.96	-1.53	0.00	0.00	96.92
2	0	1	1	8.225922	-1.53	94.12	0.00	-168.61	0.02	-4639.24	-1.53	0.00	0.00	94.12
2	0	1	1	8.242714	-1.27	92.34	15.15	-105.84	901.89	3738.57	-1.27	0.00	0.00	92.34
2	0	1	1	8.259443	-1.27	91.07	0.00	-76.04	-905.32	1780.86	-1.27	0.00	0.00	91.07
2	0	1	1	8.276048	-1.02	88.78	15.32	-137.71	922.52	-3713.86	-1.02	0.00	0.00	88.78
2	0	1	1	8.292763	-0.25	87.01	45.65	-106.21	1814.90	1884.41	-0.25	0.00	0.00	87.01
2	0	1	1	8.309353	0.25	84.46	30.67	-153.35	-903.31	-2841.12	0.25	0.00	0.00	84.46
2	0	1	1	8.326052	0.76	81.66	30.47	-167.78	-12.00	-864.30	0.76	0.00	0.00	81.66
2	0	1	1	8.342728	0.76	78.35	-0.00	-198.33	-1827.10	-1832.20	0.76	0.00	0.00	78.35
2	0	1	1	8.359439	0.76	73.77	-0.00	-274.04	-0.01	-4530.64	0.76	0.00	0.00	73.77
2	0	1	1	8.376062	1.53	69.69	45.89	-245.63	2760.63	1709.38	1.53	0.00	0.00	69.69
2	0	1	1	8.392788	2.80	65.83	75.92	-230.71	1795.65	891.92	2.80	0.00	0.00	65.83
2	0	1	1	8.409411	3.56	62.99	45.72	-170.80	-1816.84	3603.70	3.56	0.00	0.00	62.99
2	0	1	1	8.426044	5.07	58.55	90.97	-267.16	2720.50	-5793.06	5.07	0.00	0.00	58.55
2	0	1	1	8.442719	5.07	53.44	-0.22	-306.37	-5469.19	-2351.74	5.07	0.00	0.00	53.44
2	0	1	1	8.459301	5.06	48.58	-0.28	-292.90	-3.48	812.16	5.06	0.00	0.00	48.58
2	0	1	1	8.476061	5.06	44.49	-0.31	-244.27	-1.52	2901.75	5.06	0.00	0.00	44.49
2	0	1	1	8.492782	5.30	40.36	14.44	-247.00	882.11	-163.13	5.30	0.00	0.00	40.36
2	0	1	1	8.509398	5.29	36.51	-0.59	-231.75	-904.46	917.58	5.29	0.00	0.00	36.51
2	0	1	1	8.526114	5.76	32.57	28.39	-235.77	1733.26	-240.19	5.76	0.00	0.00	32.57
2	0	1	1	8.542726	5.98	29.42	13.33	-189.58	-906.54	2780.32	5.98	0.00	0.00	29.42
2	0	1	1	8.559381	5.72	26.87	-15.63	-152.77	-1738.38	2210.07	5.72	0.00	0.00	26.87
2	0	1	1	8.575716	5.70	24.27	-1.62	-159.22	857.44	-394.62	5.70	0.00	0.00	24.27
2	0	1	1	8.592789	5.89	21.60	11.37	-156.58	760.52	154.23	5.89	0.00	0.00	21.60
2	0	1	1	8.609516	6.08	19.95	11.54	-98.31	10.67	3484.03	6.08	0.00	0.00	19.95
2	0	1	1	8.626176	6.23	17.49	8.85	-147.62	-161.71	-2959.68	6.23	0.00	0.00	17.49
2	0	1	1	8.642694	6.14	15.35	-5.43	-129.64	-864.43	1088.33	6.14	0.00	0.00	15.35
2	0	1	1	8.659361	5.86	13.82	-17.12	-91.99	-701.42	2259.20	5.86	0.00	0.00	13.82
2	0	1	1	8.676099	5.63	13.36	-13.67	-27.22	205.96	3869.25	5.63	0.00	0.00	13.36
2	0	1	1	8.692772	5.38	12.64	-14.63	-43.52	-57.36	-977.24	5.38	0.00	0.00	12.64
2	0	1	1	8.709374	5.12	11.64	-15.69	-60.00	-63.67	-992.84	5.12	0.00	0.00	11.64
2	0	1	1	8.726145	5.07	10.83	-3.21	-48.52	743.75	684.79	5.07	0.00	0.00	10.83
2	0	1	1	8.742878	5.07	10.83	0.00	0.00	191.95	2899.38	5.07	0.00	0.00	10.83
3	1	0	2	8.759591	4.88	10.92	0.56	1.25	0.06	0.14	0.00	10.92	4.88	-0.00
3	1	1	2	8.776451	4.86	10.65	-1.05	-16.08	-95.44	-1027.77	0.00	10.65	4.86	-0.00
3	1	1	2	8.792707	4.80	9.83	-3.65	-50.19	-160.09	-2098.33	0.00	9.83	4.80	-0.00
3	1	1	2	8.809426	4.78	9.56	-1.32	-16.32	139.46	2026.03	0.00	9.56	4.78	-0.00
3	1	1	2	8.826098	4.59	9.65	-11.07	5.40	-584.91	1303.00	0.00	9.65	4.59	-0.00
3	1	1	2	8.842773	3.16	10.21	-86.02	33.59	-4494.62	1690.40	0.00	10.21	3.16	-0.00
3	1	1	2	8.859384	3.59	10.06	26.15	-8.71	6752.88	-2546.77	0.00	10.06	3.59	-0.00
3	1	1	2	8.876206	3.80	9.98	12.49	-4.61	-812.19	243.99	0.00	9.98	3.80	-0.00
3	1	1	2	8.892806	3.80	9.98	0.00	0.00	-752.22	277.57	0.00	9.98	3.80	-0.00
3	1	1	2	8.909595	2.71	10.34	-65.32	20.93	-3890.96	1246.66	0.00	10.34	2.71	-0.00
3	1	1	2	8.926395	1.76	10.54	-56.58	12.10	520.42	-525.68	0.00	10.54	1.76	-0.00
3	1	1	2	8.942682	1.01	10.64	-45.65	5.97	670.81	-376.19	0.00	10.64	1.01	-0.00
3	1	1	2	8.959458	0.76	10.66	-15.01	1.25	1826.80	-281.38	0.00	10.66	0.76	-0.00
3	1	1	2	8.976159	0.00	10.68	-45.58	1.63	-1830.81	22.48	0.00	10.68	-0.00	0.00
3	1	1	2	8.992797	-1.01	10.64	-60.89	-2.89	-919.93	-271.60	0.00	10.64	-1.01	0.00
3	1	1	2	9.009529	-1.26	10.61	-14.95	-1.60	2745.80	77.21	0.00	10.61	-1.26	0.00
3	1	1	2	9.026141	-2.00	10.50	-44.31	-6.85	-1767.89	-315.94	0.00	10.50	-2.00	0.00
3	1	1	2	9.042856	-2.94	10.27	-56.00	-13.31	-699.39	-386.26	0.00	10.27	-2.94	0.00
3	1	1	2	9.059446	-3.59	10.06	-39.68	-12.74	983.81	34.08	0.00	10.06	-3.59	0.00
3	1	1	2	9.076145	-3.37	9.87	13.36	-11.47	3176.73	76.14	0.00	9.87	-3.37	0.00
3	1	1	2	9.092921	-3.14	9.41	13.89	-27.32	31.40	-945.03	0.00	9.41	-3.14	0.00
3	1	1	2	9.109431	-3.14	9.41	0.00	0.00	-841.38	1654.90	0.00	9.41	-3.14	0.00
3	1	1	2	9.126128	-3.56	9.26	-25.40	-9.11	-1521.45	-545.85	0.00	9.26	-3.56	0.00
3	1	1	2	9.142853	-3.56	9.26	0.00	0.00	1518.90	544.93	0.00	9.26	-3.56	0.00
3	1	1	2	9.159476	-3.91	8.28	-21.00	-58.88	-1263.17	-3542.21	0.00	8.28	-3.91	0.00
3	1	1	2	9.176229	-5.01	6.42	-65.73	-111.40	-2670.09	-3135.11	0.00	6.42	-5.01	0.00
3	1	1	2	9.192809	-7.04	5.86	-122.07	-33.30	-3398.08	4710.91	0.00	5.86	-7.04	0.00
3	1	1	2	9.209433	-9.25	6.31	-133.11	26.63	-664.19	3605.05	0.00	6.31	-9.25	0.00
3	1	1	2	9.226215	-10.36	6.47	-65.94	9.90	4002.41	-996.89	0.00	6.47	-10.36	0.00
3	1	1	2	9.242827	-11.29	5.87	-56.00	-36.33	598.15	-2783.06	0.00	5.87	-11.29	0.00
3	1	1	2	9.259621	-12.19	5.75	-54.14	-6.92	111.02	1751.21	0.00	5.75	-12.19	0.00
3	1	1	2	9.276187	-12.82	5.60	-38.01	-9.43	973.92	-151.32	0.00	5.60	-12.82	0.00
3	1	1	2	9.292799	-15.13	5.28	-138.87	-18.79	-6071.47	-563.55	0.00	5.28	-15.13	0.00
3	1	1	2	9.309517	-16.92	4.66	-107.22	-37.31	1892.83	-1107.83	0.00	4.66	-16.92	0.00
3	1	1	2	9.326194	-18.66	3.98	-104.12	-40.74	185.98	-205.43	0.00	3.98	-18.66	0.00
3	1	1	2	9.342824	-19.10	3.02	-26.32	-58.05	4678.42	-1041.20	0.00	3.02	-19.10	0.00
3	1	1	2	9.359612	-22.04	2.03	-175.25	-58.90	-8870.84	-50.51	0.00	2.03	-22.04	0.00
3	1	1	2	9.376127	-23.06	2.03	-61.86	0.04	6865.53	3569.13	0.00	2.03	-23.06	0.00
3	1	1	2	9.392873	-25.36	2.03	-137.20	0.08	-4498.79	2.13	0.00	2.03	-25.36	0.00
3	1	1	2	9.409527	-30.00	1.02	-278.79	-60.75	-8501.77	-3652.41	0.00	1.02	-30.00	0.00
3	1	1	2	9.426346	-34.09	0.25	-242.99	-45.34	2128.80	915.88	0.00	0.25	-34.09	0.00
3	1	1	2	9.442857	-38.67	0.00	-277.40	-15.41	-2083.96	1813.10	0.00	-0.00	-38.67	0.00
3	1	1	2	9.459561	-41.98	0.25	-197.95	15.23	4756.19	1834.20	0.00	0.25	-41.98	0.00
3	1	1	2	9.476236	-45.03	0.25	-183.08	0.00	891.70	-913.36	0.00	0.25	-45.03	0.00
3	1	1	2	9.493389	-47.83	0.00	-163.19	-14.83	1159.73	-864.66	0.00	-0.00	-47.83	0.00
3	1	1	2	9.509706	-49.61	0.25	-109.10	15.59	3314.98	1864.44	0.00	0.25	-49.61	0.00
3	1	1	2	9.526157	-50.63	0.00	-61.90	-15.46	2869.24	-1887.67	0.00	-0.00	-50.63	0.00
3	1	1	2	9.542932	-52.91	-0.51	-136.35	-30.33	-4438.41	-886.27	0.00	-0.51	-52.91	0.00
3	1	1	2	9.559625	-56.98	-0.76	-243.68	-15.24	-6429.50	904.16	0.00	-0.76	-56.98	0.00
3	1	1	2	9.576203	-60.03	-0.76	-184.16	-0.00	3589.86	919.09	0.00	-0.76	-60.03	0.00
3	1	1	2	9.593035	-64.36	-1.02	-256.74	-15.11	-4311.88	-897.64	0.00	-1.02	-64.36	0.00
3	1	1	2	9.609524	-66.13	-1.27	-107.75	-15.42	9036.22	-18.95	0.00	-1.27	-66.13	0.00
3	1	1	2	9.626268	-67.15	-1.53	-60.47	-15.18	2823.62	14.23	0.00	-1.53	-67.15	0.00
3	1	1	2	9.642941	-67.62	-2.54	-28.69	-60.95	1905.91	-2745.01	0.00	-2.54	-67.62	0.00
3	1	1	2	9.659605	-68.11	-3.05	-29.31	-30.46	-36.78	1829.88	0.00	-3.05	-68.11	0.00
3	1	1	2	9.676231	-69.64	-3.05	-91.90	-0.01	-3764.99	1831.52	0.00	-3.05	-69.64	0.00
3	1	1	2	9.692917	-70.91	-3.05	-76.30	-0.01	934.75	0.10	0.00	-3.05	-70.91	0.00
3	1	1	2	9.709609	-72.20	-2.80	-76.89	15.20	-35.05	910.82	0.00	-2.80	-72.20	0.00
3	1	1	2	9.726257	-73.72	-2.80	-91.76	-0.01	-893.04	-913.18	0.00	-2.80	-73.72	0.00
3	1	1	2	9.742894	-75.25	-2.80	-91.81	-0.00	-3.56	0.02	0.00	-2.80	-75.25	0.00
3	1	1	2	9.759692	-75.99	-3.30	-44.25	-30.22	2831.40	-1798.57	0.00	-3.30	-75.99	0.00
3	1	1	2	9.776344	-76.23	-3.81	-13.87	-30.46	1824.45	-14.32	0.00	-3.81	-76.23	0.00
3	1	1	2	9.792906	-77.24	-3.81	-61.52	-0.01	-2877.11	1838.54	0.00	-3.81	-77.24	0.00
3	1	1	2	9.809589	-79.01	-4.07	-106.11	-15.20	-2672.68	-910.88	0.00	-4.07	-79.01	0.00
3	1	1	2	9.826315	-82.54	-4.83	-210.76	-45.46	-6256.92	-1808.85	0.00	-4.83	-82.54	0.00
3	1	1	2	9.842928	-87.59	-5.59	-304.05	-45.75	-5615.42	-17.78	0.00	-5.59	-87.59	0.00
3	1	1	2	9.859577	-92.40	-6.09	-288.97	-30.45	905.98	919.37	0.00	-6.09	-92.40	0.00
3	1	1	2	9.876464	-96.69	-6.85	-253.62	-44.96	2093.23	-859.25	0.00	-6.85	-96.69	0.00
3	1	1	2	9.892963	-96.61	-7.86	4.65	-61.15	15654.07	-981.09	0.00	-7.86	-96.61	0.00
3	1	1	2	9.909714	-96.82	-8.36	-12.72	-30.07	-1037.14	1855.41	0.00	-8.36	-96.82	0.00
3	1	1	2	9.926381	-96.68	-9.87	8.52	-90.37	1274.04	-3618.11	0.00	-9.87	-96.68	0.00
3	1	1	2	9.943001	-96.68	-9.87	0.00	0.00	-512.42	5437.68	0.00	-9.87	-96.68	0.00
3	1	1	2	9.959583	-96.42	-9.87	15.42	0.02	929.90	0.97	0.00	-9.87	-96.42	0.00
3	1	1	2	9.976415	-96.68	-9.87	-15.19	-0.02	-1818.64	-1.90	0.00	-9.87	-96.68	0.00
3	1	1	2	9.992938	-96.65	-10.12	1.57	-15.15	1014.24	-916.14	0.00	-10.12	-96.65	0.00
3	0	1	2	10.009654	-96.65	-10.12	-9.66	-1.01	-0.96	-0.10	0.00	-10.12	-96.65	0.00
3	0	1	2	10.026624	-96.32	-10.87	19.88	-44.17	1740.70	-2543.04	0.00	-10.87	-96.32	0.00
3	0	1	2	10.043002	-96.23	-11.62	5.33	-45.66	-888.47	-91.34	0.00	-11.62	-96.23	0.00
3	0	1	2	10.059598	-95.78	-13.11	27.01	-89.69	1305.82	-2653.04	0.00	-13.11	-95.78	0.00
3	0	1	2	10.076421	-94.83	-14.34	56.37	-73.19	1745.71	981.32	0.00	-14.34	-94.83	0.00
3	0	1	2	10.093094	-94.16	-15.32	40.11	-58.73	-975.67	866.92	0.00	-15.32	-94.16	0.00
3	0	1	2	10.109561	-92.28	-15.80	114.51	-29.17	4518.70	1795.36	0.00	-15.80	-92.28	0.00
3	0	1	2	10.126377	-90.90	-16.28	81.79	-28.53	-1945.96	38.08	0.00	-16.28	-90.90	0.00
3	0	1	2	10.142948	-89.55	-17.96	81.77	-101.51	-1.42	-4403.96	0.00	-17.96	-89.55	0.00
3	0	1	2	10.159834	-89.09	-18.91	27.04	-56.48	-3240.78	2666.42	0.00	-18.91	-89.09	0.00
3	0	1	2	10.176529	-88.99	-19.39	6.12	-28.48	-1252.85	1677.35	0.00	-19.39	-88.99	0.00
3	0	1	2	10.192953	-88.10	-19.85	53.88	-28.36	2907.79	7.18	0.00	-19.85	-88.10	0.00
3	0	1	2	10.209644	-84.96	-20.99	188.38	-68.21	8057.77	-2387.67	0.00	-20.99	-84.96	0.00
3	0	1	2	10.226605	-79.34	-21.37	331.07	-22.32	8413.50	2706.04	0.00	-21.37	-79.34	0.00
3	0	1	2	10.243062	-73.56	-22.17	351.32	-48.30	1230.32	-1578.63	0.00	-22.17	-73.56	0.00
3	0	1	2	10.259703	-66.88	-22.21	401.72	-2.75	3028.75	2736.90	0.00	-22.21	-66.88	0.00
3	0	1	2	10.276290	-61.90	-21.83	300.18	22.89	-6122.00	1545.60	0.00	-21.83	-61.90	0.00
3	0	1	2	10.293078	-53.89	-22.12	476.76	-17.29	10518.19	-2392.82	0.00	-22.12	-53.89	0.00
3	0	1	2	10.309587	-43.87	-22.61	607.27	-29.70	7905.34	-751.74	0.00	-22.61	-43.87	0.00
3	0	1	2	10.326371	-37.17	-22.61	399.22	0.45	-12395.81	1795.94	0.00	-22.61	-37.17	0.00
3	0	1	2	10.343155	-33.30	-22.06	230.60	32.65	-10046.61	1918.83	0.00	-22.06	-33.30	0.00
3	0	1	2	10.359714	-34.13	-22.18	-50.13	-7.61	-16953.55	-2431.30	0.00	-22.18	-34.13	0.00
3	0	1	2	10.376343	-32.74	-21.97	83.21	12.80	8018.70	1227.41	0.00	-21.97	-32.74	0.00
3	0	1	2	10.393042	-30.53	-21.60	132.66	22.26	2961.40	566.19	-0.00	-21.60	-30.53	0.00
3	0	1	2	10.409680	-28.31	-21.18	133.14	24.90	28.71	159.18	-0.00	-21.18	-28.31	0.00
3	0	1	2	10.426577	-27.21	-20.96	65.50	13.31	-4002.94	-685.87	-0.00	-20.96	-27.21	0.00
3	0	1	2	10.443129	-26.38	-20.78	50.11	10.70	-929.96	-157.78	-0.00	-20.78	-26.38	0.00
3	0	1	2	10.459783	-26.38	-20.78	0.00	0.00	-3009.10	-642.69	-0.00	-20.78	-26.38	0.00
3	0	1	2	10.476316	-26.65	-20.84	-16.72	-3.62	-1011.22	-219.07	-0.00	-20.84	-26.65	0.00
3	0	1	2	10.493045	-26.65	-20.84	0.00	0.00	999.36	216.50	-0.00	-20.84	-26.65	0.00
3	0	1	2	10.509805	-26.65	-20.84	0.00	0.00	0.00	0.00	-0.00	-20.84	-26.65	0.00
3	0	1	2	10.526370	-26.65	-20.84	0.00	0.00	0.00	0.00	-0.00	-20.84	-26.65	0.00
3	0	1	2	10.543204	-25.09	-20.35	92.69	29.15	5506.01	1731.60	-0.00	-20.35	-25.09	0.00
3	0	1	2	10.559756	-21.25	-19.37	232.48	59.56	8445.64	1837.51	-0.00	-19.37	-21.25	0.00
3	0	1	2	10.576401	-19.34	-18.79	114.50	34.43	-7087.90	-1510.17	-0.00	-18.79	-19.34	0.00
3	0	1	2	10.593115	-17.22	-18.72	126.57	4.21	722.15	-1807.73	-0.00	-18.72	-17.22	0.00
3	0	1	2	10.609606	-15.75	-18.67	89.45	3.41	-2251.07	-48.55	-0.00	-18.67	-15.75	0.00
3	0	1	2	10.626319	-14.98	-18.97	46.29	-18.14	-2582.02	-1289.54	-0.00	-18.97	-14.98	0.00
3	0	1	2	10.643036	-13.74	-19.57	73.83	-36.02	1647.06	-1069.67	-0.00	-19.57	-13.74	0.00
3	0	1	2	10.659751	-12.56	-20.35	70.85	-46.67	-178.15	-637.01	-0.00	-20.35	-12.56	0.00
3	0	1	2	10.676393	-11.00	-20.66	93.43	-18.40	1356.90	1698.91	-0.00	-20.66	-11.00	0.00
3	0	1	2	10.693104	-9.66	-20.48	80.16	10.86	-794.09	1750.64	-0.00	-20.48	-9.66	0.00
3	0	1	2	10.709777	-8.42	-19.64	74.67	50.04	-329.31	2350.16	-0.00	-19.64	-8.42	0.00
3	0	1	2	10.726364	-7.35	-18.98	64.16	40.07	-633.32	-600.84	-0.00	-18.98	-7.35	0.00
3	0	1	2	10.743161	-6.25	-18.03	65.73	56.53	93.18	979.72	-0.00	-18.03	-6.25	0.00
3	0	1	2	10.759818	-5.76	-16.31	29.54	102.94	-2172.82	2785.99	-0.00	-16.31	-5.76	0.00
3	0	1	2	10.776454	-5.69	-14.71	3.83	96.40	-1545.65	-392.70	-0.00	-14.71	-5.69	0.00
3	0	1	2	10.793100	-5.56	-12.28	7.93	145.78	246.46	2966.04	-0.00	-12.28	-5.56	0.00
3	0	1	2	10.809806	-5.16	-9.65	24.09	157.83	967.46	721.39	-0.00	-9.65	-5.16	0.00
3	0	1	2	10.826432	-4.87	-8.64	17.13	60.42	-418.56	-5858.83	-0.00	-8.64	-4.87	0.00
3	0	1	2	10.843212	-5.01	-8.27	-7.81	22.12	-1486.14	-2282.32	-0.00	-8.27	-5.01	0.00
4	1	0	4	10.867272	-4.76	-4.95	-0.44	-0.46	-0.04	-0.04	-0.00	-4.95	-4.76	0.00
4	1	1	4	10.884056	-5.34	-3.90	-34.32	62.27	-2018.51	3737.54	-0.00	-3.90	-5.34	0.00
4	1	1	4	10.900410	-5.18	-3.24	9.96	40.76	2707.30	-1315.20	-0.00	-3.24	-5.18	0.00
4	1	1	4	10.917172	-4.36	-2.62	48.60	36.88	2305.26	-231.60	-0.00	-2.62	-4.36	0.00
4	1	1	4	10.933756	-4.08	-1.44	17.17	71.06	-1895.41	2060.60	0.00	-1.44	-4.08	0.00
4	1	1	4	10.950272	-3.48	-0.75	36.07	41.97	1144.51	-1761.21	0.00	-0.75	-3.48	0.00
4	1	1	4	10.966911	-3.04	0.25	26.46	60.09	-577.40	1088.99	0.00	0.25	-3.04	0.00
4	1	1	4	10.984057	-2.55	1.16	28.85	52.75	139.38	-427.88	0.00	1.16	-2.55	0.00
4	1	1	4	11.000289	-1.71	1.52	51.52	22.37	1396.63	-1871.49	0.00	1.52	-1.71	0.00
4	1	1	4	11.017245	-1.34	2.46	21.90	55.18	-1747.26	1934.72	0.00	2.46	-1.34	0.00
4	1	1	4	11.033601	-0.75	4.00	36.07	94.40	866.54	2398.35	0.00	4.00	-0.75	0.00
4	1	1	4	11.050210	0.25	5.08	60.46	65.08	1468.80	-1765.24	0.00	5.08	0.25	-0.00
4	1	1	4	11.066927	0.25	5.59	0.00	30.47	-3616.51	-2070.54	0.00	5.59	0.25	-0.00
4	1	1	4	11.083702	0.00	5.60	-15.15	0.34	-903.33	-1795.87	0.00	5.60	-0.00	0.00
4	1	1	4	11.100445	-0.76	5.80	-45.20	12.26	-1795.04	711.71	0.00	5.80	-0.76	0.00
4	1	1	4	11.117201	-1.25	5.98	-29.15	10.46	957.91	-107.61	0.00	5.98	-1.25	0.00
4	1	1	4	11.133776	-1.25	7.01	-0.42	62.44	1733.52	3136.35	0.00	7.01	-1.25	0.00
4	1	1	4	11.150212	-1.01	7.05	14.90	2.39	931.71	-3653.56	0.00	7.05	-1.01	0.00
4	1	1	4	11.167002	-1.01	7.05	0.00	0.00	-887.20	-142.54	0.00	7.05	-1.01	0.00
4	1	1	4	11.183592	-1.49	6.97	-29.24	-5.22	-1762.68	-314.38	0.00	6.97	-1.49	0.00
4	1	1	4	11.200432	-3.19	6.37	-100.54	-35.27	-4233.50	-1784.46	0.00	6.37	-3.19	0.00
4	1	1	4	11.217260	-4.14	4.14	-56.57	-132.75	2613.13	-5793.09	0.00	4.14	-4.14	0.00
4	1	1	4	11.233802	-7.57	2.20	-207.73	-117.19	-9138.22	940.26	0.00	2.20	-7.57	0.00
4	1	1	4	11.250202	-9.67	0.00	-127.65	-134.07	4882.68	-1029.15	0.00	-0.00	-9.67	0.00
4	1	1	4	11.266834	-10.16	-0.51	-29.83	-30.55	5881.68	6224.06	0.00	-0.51	-10.16	0.00
4	1	1	4	11.283492	-10.67	-0.51	-30.58	-0.00	-45.09	1833.91	0.00	-0.51	-10.67	0.00
4	1	1	4	11.300492	-12.21	-0.25	-90.34	14.93	-3515.60	878.69	0.00	-0.25	-12.21	0.00
4	1	1	4	11.316796	-15.01	-0.25	-171.68	-0.00	-4988.86	-916.10	0.00	-0.25	-15.01	0.00
4	1	1	4	11.333539	-15.98	-1.27	-57.91	-60.54	6795.22	-3615.85	0.00	-1.27	-15.98	0.00
4	1	1	4	11.350086	-17.23	-1.52	-75.86	-15.26	-1085.15	2736.63	0.00	-1.52	-17.23	0.00
4	1	1	4	11.366794	-17.46	-1.77	-13.87	-15.04	3710.43	13.32	0.00	-1.77	-17.46	0.00
4	1	1	4	11.383641	-17.21	-1.77	15.18	0.02	1724.12	893.43	0.00	-1.77	-17.21	0.00
4	1	1	4	11.400448	-17.21	-1.77	0.00	0.00	-903.05	-0.94	0.00	-1.77	-17.21	0.00
4	1	1	4	11.416772	-17.21	-1.77	0.00	0.00	0.00	0.00	0.00	-1.77	-17.21	0.00
4	1	1	4	11.433461	-17.21	-1.77	0.00	0.00	0.00	0.00	0.00	-1.77	-17.21	0.00
4	1	1	4	11.450323	-17.46	-1.77	-15.16	-0.02	-899.33	-0.94	0.00	-1.77	-17.46	0.00
4	1	1	4	11.467047	-17.46	-1.77	0.00	0.00	906.75	0.95	0.00	-1.77	-17.46	0.00
4	1	1	4	11.483584	-17.21	-1.77	15.46	0.02	934.96	0.98	0.00	-1.77	-17.21	0.00
4	1	1	4	11.500231	-17.21	-1.77	0.00	0.00	-928.85	-0.97	0.00	-1.77	-17.21	0.00
4	1	1	4	11.516620	-17.21	-1.77	0.00	0.00	0.00	0.00	0.00	-1.77	-17.21	0.00
4	1	1	4	11.533347	-17.21	-1.77	0.00	0.00	0.00	0.00	0.00	-1.77	-17.21	0.00
4	1	1	4	11.550040	-17.46	-1.77	-15.32	-0.02	-917.58	-0.96	0.00	-1.77	-17.46	0.00
4	1	1	4	11.566729	-17.21	-1.77	15.32	0.02	1835.99	1.92	0.00	-1.77	-17.21	0.00
4	1	1	4	11.583407	-17.21	-1.77	0.00	0.00	-918.70	-0.96	0.00	-1.77	-17.21	0.00
4	1	1	4	11.600121	-17.46	-1.77	-15.30	-0.02	-915.31	-0.96	0.00	-1.77	-17.46	0.00
4	1	1	4	11.616915	-17.46	-1.77	0.00	0.00	910.95	0.95	0.00	-1.77	-17.46	0.00
4	1	1	4	11.633358	-17.72	-1.77	-15.55	-0.02	-945.54	-0.95	0.00	-1.77	-17.72	0.00
4	1	1	4	11.650365	-17.95	-2.02	-13.48	-14.73	121.78	-864.97	0.00	-2.02	-17.95	0.00
4	1	1	4	11.666701	-18.18	-2.27	-13.87	-15.27	-23.91	-33.57	0.00	-2.27	-18.18	0.00
4	1	1	4	11.683347	-17.95	-2.02	13.61	14.99	1650.67	1818.14	0.00	-2.02	-17.95	0.00
4	1	1	4	11.700078	-17.44	-2.02	30.60	0.04	1015.76	-893.28	0.00	-2.02	-17.44	0.00
4	1	1	4	11.716668	-16.41	-2.02	61.76	0.10	1878.24	3.49	0.00	-2.02	-16.41	0.00
4	1	1	4	11.733639	-15.16	-1.77	73.71	14.80	704.18	865.99	0.00	-1.77	-15.16	0.00
4	1	1	4	11.750303	-14.14	-1.77	61.50	0.11	-733.18	-881.76	0.00	-1.77	-14.14	0.00
4	1	1	4	11.766962	-13.37	-1.77	46.18	0.09	-919.48	-0.63	0.00	-1.77	-13.37	0.00
4	1	1	4	11.783820	-11.83	-1.76	91.39	0.24	2681.98	8.79	0.00	-1.76	-11.83	0.00
4	1	1	4	11.800003	-10.02	-1.75	111.40	0.45	1235.96	12.59	0.00	-1.75	-10.02	0.00
4	1	1	4	11.816663	-6.65	-1.72	202.57	1.82	5472.48	82.47	0.00	-1.72	-6.65	0.00
4	1	1	4	11.833536	-2.36	-1.50	254.14	13.12	3056.53	669.81	-0.00	-1.50	-2.36	0.00
4	1	1	4	11.850072	1.04	-1.45	205.38	3.22	-2948.86	-598.68	-0.00	-1.45	1.04	-0.00
4	1	1	4	11.866590	5.79	-1.93	288.01	-29.16	5002.57	-1960.56	-0.00	-1.93	5.79	-0.00
4	1	1	4	11.883393	11.53	-2.01	341.43	-4.42	3179.21	1472.12	0.00	-2.01	11.53	-0.00
4	1	1	4	11.900262	16.52	-3.00	295.82	-59.19	-2703.62	-3246.42	0.00	-3.00	16.52	-0.00
4	1	1	4	11.916694	21.38	-3.27	295.51	-16.17	-19.07	2618.23	0.00	-3.27	21.38	-0.00
4	1	1	4	11.933424	25.19	-3.53	228.28	-15.42	-4018.96	44.35	0.00	-3.53	25.19	-0.00
4	1	1	4	11.949941	29.01	-3.78	231.03	-15.54	166.78	-7.33	0.00	-3.78	29.01	-0.00
4	1	1	4	11.966814	31.22	-4.53	130.87	-44.32	-5936.11	-1705.27	0.00	-4.53	31.22	-0.00
4	1	1	4	11.983595	32.65	-5.27	85.24	-44.24	-2719.25	4.82	0.00	-5.27	32.65	-0.00
4	1	1	4	11.999972	33.12	-5.52	29.01	-15.06	-3433.14	1781.60	0.00	-5.52	33.12	-0.00
4	1	1	4	12.016975	34.24	-6.50	65.74	-57.51	2160.08	-2496.59	0.00	-6.50	34.24	-0.00
4	1	1	4	12.033352	35.14	-7.23	54.55	-44.45	-683.20	797.32	0.00	-7.23	35.14	-0.00
4	1	1	4	12.049972	36.33	-7.71	72.05	-29.37	1052.72	907.53	0.00	-7.71	36.33	-0.00
4	1	1	4	12.066950	36.33	-7.71	0.00	0.00	-4243.59	1729.66	0.00	-7.71	36.33	-0.00
4	1	1	4	12.083267	36.33	-7.71	0.00	0.00	0.00	0.00	0.00	-7.71	36.33	-0.00
4	1	1	4	12.099843	36.33	-7.71	0.00	0.00	0.00	0.00	0.00	-7.71	36.33	-0.00
4	1	1	4	12.116750	36.80	-7.96	27.70	-14.34	1638.48	-848.34	0.00	-7.96	36.80	-0.00
4	1	1	4	12.133157	36.80	-7.96	0.00	0.00	-1688.50	874.25	0.00	-7.96	36.80	-0.00
4	1	1	4	12.150133	37.06	-7.96	15.30	-0.14	901.22	-8.25	0.00	-7.96	37.06	-0.00
4	1	1	4	12.166684	37.84	-7.97	47.06	-0.41	1918.92	-16.61	0.00	-7.97	37.84	-0.00
4	1	1	4	12.183185	38.57	-8.21	44.13	-14.85	-177.27	-874.55	0.00	-8.21	38.57	-0.00
4	1	1	4	12.199899	38.50	-9.63	-3.96	-84.61	-2877.23	-4174.24	0.00	-9.63	38.50	-0.00
4	1	1	4	12.216528	38.50	-9.63	0.00	0.00	237.95	5088.44	0.00	-9.63	38.50	-0.00
4	1	1	4	12.233164	38.76	-9.63	15.71	-0.22	944.11	-13.00	0.00	-9.63	38.76	-0.00
4	1	1	4	12.249847	39.29	-9.64	31.31	-0.42	935.31	-12.20	0.00	-9.64	39.29	-0.00
4	1	1	4	12.266498	40.01	-9.88	43.61	-14.61	738.50	-852.47	0.00	-9.88	40.01	-0.00
4	1	1	4	12.283392	41.40	-10.60	82.47	-42.52	2300.45	-1651.51	0.00	-10.60	41.40	-0.00
4	1	1	4	12.300022	42.93	-11.78	91.99	-70.88	572.27	-1705.36	0.00	-11.78	42.93	-0.00
4	1	1	4	12.316601	44.26	-12.71	79.74	-56.59	-738.81	861.47	0.00	-12.71	44.26	-0.00
4	1	1	4	12.333223	44.65	-13.18	23.80	-27.76	-3365.52	1734.64	0.00	-13.18	44.65	-0.00
4	1	1	4	12.349971	45.24	-12.96	35.36	12.79	690.18	2421.06	0.00	-12.96	45.24	-0.00
4	1	1	4	12.366445	46.23	-13.21	59.96	-15.01	1493.43	-1687.44	0.00	-13.21	46.23	-0.00
4	1	1	4	12.383325	47.75	-13.47	89.66	-15.26	1759.76	-14.69	0.00	-13.47	47.75	-0.00
4	1	1	4	12.399853	49.26	-13.72	91.55	-15.56	114.26	-18.11	0.00	-13.72	49.26	-0.00
4	1	1	4	12.416604	51.36	-13.76	125.35	-2.22	2017.43	795.94	0.00	-13.76	51.36	-0.00
4	1	1	4	12.433277	52.93	-13.79	94.29	-1.53	-1862.76	41.93	0.00	-13.79	52.93	-0.00
4	1	1	4	12.450039	54.24	-13.81	78.06	-1.18	-968.13	20.82	0.00	-13.81	54.24	-0.00
4	1	1	4	12.466420	55.28	-13.82	63.84	-0.91	-868.30	16.33	0.00	-13.82	55.28	-0.00
4	1	1	4	12.483403	56.59	-13.84	76.90	-1.04	769.12	-7.46	0.00	-13.84	56.59	-0.00
4	1	1	4	12.499874	57.69	-13.62	66.76	13.41	-615.54	877.00	0.00	-13.62	57.69	-0.00
4	1	1	4	12.516781	59.72	-12.69	120.24	54.82	3163.06	2449.14	0.00	-12.69	59.72	-0.00
4	1	1	4	12.533330	61.54	-12.71	109.75	-0.93	-633.80	-3368.27	0.00	-12.71	61.54	-0.00
4	1	1	4	12.549995	62.58	-12.71	62.23	-0.49	-2851.29	26.04	0.00	-12.71	62.58	-0.00
4	1	1	4	12.566824	62.84	-12.72	15.40	-0.12	-2782.69	22.27	0.00	-12.72	62.84	-0.00
4	1	1	4	12.583279	62.58	-12.71	-15.75	0.12	-1893.12	14.59	0.00	-12.71	62.58	-0.00
4	1	1	4	12.600069	62.58	-12.71	0.00	0.00	938.10	-7.23	0.00	-12.71	62.58	-0.00
4	1	1	4	12.616399	62.67	-12.23	5.85	29.39	358.54	1799.89	0.00	-12.23	62.67	-0.00
4	1	1	4	12.633045	63.02	-11.75	21.07	28.87	913.91	-31.49	0.00	-11.75	63.02	-0.00
4	1	1	4	12.650030	64.83	-11.76	106.49	-0.62	5029.69	-1736.20	0.00	-11.76	64.83	-0.00
4	1	1	4	12.666413	68.66	-12.03	233.73	-16.08	7766.08	-943.31	0.00	-12.03	68.66	-0.00
4	1	1	4	12.683262	70.51	-11.79	109.62	13.95	-7366.03	1782.09	0.00	-11.79	70.51	-0.00
4	1	1	4	12.699695	72.31	-11.80	109.76	-0.47	8.70	-877.52	0.00	-11.80	72.31	-0.00
4	1	1	4	12.716564	72.53	-12.05	12.89	-14.55	-5742.51	-834.80	0.00	-12.05	72.53	-0.00
4	1	1	4	12.733068	72.53	-12.05	0.00	0.00	-780.91	881.76	0.00	-12.05	72.53	-0.00
4	1	1	4	12.749708	72.57	-11.80	2.41	14.69	145.09	882.74	0.00	-11.80	72.57	-0.00
4	1	1	4	12.766589	72.83	-11.80	15.26	-0.06	760.81	-873.83	0.00	-11.80	72.83	-0.00
4	1	1	4	12.783039	73.86	-11.81	62.62	-0.25	2879.15	-11.32	0.00	-11.81	73.86	-0.00
4	1	1	4	12.799965	75.62	-12.06	104.16	-14.89	2454.49	-864.73	0.00	-12.06	75.62	-0.00
4	1	1	4	12.816333	76.65	-12.06	62.91	-0.24	-2520.51	894.88	0.00	-12.06	76.65	-0.00
4	1	1	4	12.832940	77.42	-12.07	46.49	-0.17	-988.68	4.09	0.00	-12.07	77.42	-0.00
4	1	1	4	12.849704	77.42	-12.07	0.00	0.00	-2773.21	10.15	0.00	-12.07	77.42	-0.00
4	1	1	4	12.866489	77.42	-12.07	0.00	0.00	0.00	0.00	0.00	-12.07	77.42	-0.00
4	1	1	4	12.882926	77.42	-12.07	0.00	0.00	0.00	0.00	0.00	-12.07	77.42	-0.00
4	1	1	4	12.899854	77.14	-13.77	-16.87	-100.93	-996.82	-5962.32	0.00	-13.77	77.14	-0.00
4	1	1	4	12.916345	77.17	-14.98	2.02	-73.38	1145.59	1670.91	0.00	-14.98	77.17	-0.00
4	1	1	4	12.933018	77.14	-16.42	-1.99	-86.26	-240.08	-772.74	0.00	-16.42	77.14	-0.00
4	1	1	4	12.949523	76.98	-17.13	-9.39	-43.14	-448.79	2612.75	0.00	-17.13	76.98	-0.00
4	1	1	4	12.966231	76.61	-17.60	-21.96	-28.09	-752.42	900.40	0.00	-17.60	76.61	-0.00
4	1	1	4	12.983364	76.56	-17.84	-3.18	-13.73	1096.59	838.24	0.00	-17.84	76.56	-0.00
4	1	1	4	12.999631	76.50	-18.07	-3.39	-14.43	-12.82	-43.00	0.00	-18.07	76.50	-0.00
4	1	1	4	13.016502	76.22	-19.24	-16.89	-69.11	-800.14	-3241.02	0.00	-19.24	76.22	-0.00
4	1	1	4	13.033071	76.26	-21.09	2.28	-111.49	1156.58	-2557.68	0.00	-21.09	76.26	-0.00
4	1	1	4	13.049621	76.00	-22.90	-15.59	-109.36	-1079.78	128.53	0.00	-22.90	76.00	-0.00
4	1	1	4	13.066468	75.92	-24.01	-4.65	-66.25	649.39	2559.15	0.00	-24.01	75.92	-0.00
4	1	1	4	13.082898	75.90	-24.90	-1.08	-53.86	217.30	754.45	0.00	-24.90	75.90	-0.00
4	1	1	4	13.099610	75.95	-25.56	2.91	-39.51	239.12	858.68	0.00	-25.56	75.95	-0.00
4	1	1	4	13.116185	75.66	-26.42	-17.82	-51.97	-1250.75	-751.86	0.00	-26.42	75.66	-0.00
4	1	1	4	13.133680	75.70	-27.07	2.31	-37.10	1150.50	849.61	0.00	-27.07	75.70	-0.00
4	1	1	4	13.149596	75.62	-27.28	-4.79	-13.32	-445.88	1494.05	0.00	-27.28	75.62	-0.00
4	1	1	4	13.166641	75.89	-27.29	15.66	-0.58	1199.25	747.64	0.00	-27.29	75.89	-0.00
4	1	1	4	13.182762	76.15	-27.30	16.55	-0.61	55.38	-1.75	0.00	-27.30	76.15	-0.00
4	1	1	4	13.199487	76.15	-27.30	0.00	0.00	-989.43	36.41	0.00	-27.30	76.15	-0.00
4	1	1	4	13.216318	76.23	-27.09	4.51	12.63	267.76	750.21	0.00	-27.09	76.23	-0.00
4	1	1	4	13.232793	76.23	-27.09	0.00	0.00	-273.55	-766.43	0.00	-27.09	76.23	-0.00
4	1	1	4	13.249688	76.15	-27.30	-4.49	-12.58	-265.75	-744.56	0.00	-27.30	76.15	-0.00
4	1	1	4	13.266321	76.23	-27.09	4.56	12.78	544.09	1524.40	0.00	-27.09	76.23	-0.00
4	1	1	4	13.282789	77.28	-25.60	63.71	90.44	3591.68	4715.91	0.00	-25.60	77.28	-0.00
4	1	1	4	13.299725	78.37	-22.95	64.52	156.40	47.91	3894.61	0.00	-22.95	78.37	-0.00
4	1	1	4	13.316388	79.73	-20.92	81.40	122.05	1013.31	-2061.28	0.00	-20.92	79.73	-0.00
4	1	1	4	13.332787	80.63	-20.47	55.14	27.44	-1601.19	-5769.18	0.00	-20.47	80.63	-0.00
4	1	1	4	13.349402	81.07	-19.77	26.17	41.76	-1743.85	861.89	0.00	-19.77	81.07	-0.00
4	1	1	4	13.366128	81.30	-17.65	13.62	126.82	-750.21	5085.79	0.00	-17.65	81.30	-0.00
4	1	1	4	13.383210	81.98	-12.57	39.88	297.29	1537.16	9979.39	0.00	-12.57	81.98	-0.00
4	1	1	4	13.399632	82.20	-6.09	13.68	394.84	-1595.68	5940.25	0.00	-6.09	82.20	-0.00
4	1	1	4	13.416134	82.42	-0.76	13.43	322.73	-14.67	-4369.56	0.00	-0.76	82.42	-0.00
4	1	1	4	13.432892	82.57	4.32	8.66	303.28	-285.06	-1161.15	0.00	4.32	82.57	-0.00
4	1	1	4	13.449411	82.98	5.84	25.22	91.89	1002.94	-12796.70	0.00	5.84	82.98	-0.00
4	1	1	4	13.466299	83.49	5.84	30.20	0.01	294.75	-5440.45	0.00	5.84	83.49	-0.00
4	1	1	4	13.482792	83.75	5.84	15.46	0.01	-893.67	-0.31	0.00	5.84	83.75	-0.00
4	1	1	4	13.499528	83.97	6.34	13.05	30.17	-144.05	1802.46	0.00	6.34	83.97	-0.00
4	1	1	4	13.516036	83.97	9.11	0.08	167.38	-785.59	8311.55	0.00	9.11	83.97	-0.00
4	1	1	4	13.532764	84.47	13.07	30.14	237.22	1796.83	4174.84	0.00	13.07	84.47	-0.00
4	1	1	4	13.549644	85.24	17.45	45.32	259.08	899.03	1295.10	0.00	17.45	85.24	-0.00
4	1	1	4	13.566100	86.12	20.54	53.36	187.94	488.72	-4322.64	0.00	20.54	86.12	-0.00
4	1	1	4	13.582814	87.46	21.49	80.14	57.09	1602.41	-7829.11	0.00	21.49	87.46	-0.00
4	1	1	4	13.599299	87.98	21.50	31.68	0.42	-2939.91	-3437.60	0.00	21.50	87.98	-0.00
4	1	1	4	13.616025	87.92	21.73	-3.42	13.93	-2098.53	807.92	0.00	21.73	87.92	-0.00
4	1	1	4	13.632746	88.18	21.74	15.62	0.21	1138.84	-820.50	0.00	21.74	88.18	-0.00
4	1	1	4	13.649371	88.50	21.51	19.14	-13.82	211.56	-843.78	0.00	21.51	88.50	-0.00
4	1	1	4	13.666141	90.07	21.53	93.34	1.17	4425.07	893.79	0.00	21.53	90.07	-0.00
4	1	1	4	13.682724	92.67	19.18	157.25	-141.37	3853.38	-8595.50	0.00	19.18	92.67	-0.00
4	1	1	4	13.699500	93.95	15.07	75.82	-245.05	-4853.53	-6180.77	0.00	15.07	93.95	-0.00
4	1	1	4	13.716130	94.35	14.09	24.62	-59.00	-3079.22	11188.12	0.00	14.09	94.35	-0.00
4	1	1	4	13.732796	94.10	14.09	-15.43	-0.05	-2402.69	3537.02	0.00	14.09	94.10	-0.00
4	1	1	4	13.749284	93.84	14.09	-15.59	-0.05	-10.21	-0.06	0.00	14.09	93.84	-0.00
4	1	1	4	13.766299	94.10	14.09	15.11	0.05	1804.53	5.82	0.00	14.09	94.10	-0.00
4	1	1	4	13.782615	94.10	14.09	0.00	0.00	-926.16	-2.99	0.00	14.09	94.10	-0.00
4	1	1	4	13.799421	94.39	13.84	17.47	-14.60	1039.35	-869.01	0.00	13.84	94.39	-0.00
4	1	1	4	13.816060	94.66	11.86	16.18	-118.99	-77.28	-6273.85	0.00	11.86	94.66	-0.00
4	1	1	4	13.832853	95.29	8.36	37.44	-208.47	1265.68	-5328.05	0.00	8.36	95.29	-0.00
4	1	1	4	13.849542	95.21	6.09	-4.97	-136.02	-2540.93	4341.42	0.00	6.09	95.21	-0.00
