Trial	Type	Onset	Target #	Time to Target	Endpoint Error	Est. Avg. Error Mag	Accum. Error x dMagProj	Max Error Mag.	Max Error Pos. (% of trajectory)	Feedback	Target (1)/Return (0)
1	1	0.7542	3	2.2518	0.000000	3.236692e+01	7.955762e+03	5.197423e+01	23.9713	1	1
1	0	3.3713	3	1.1183	0.000000	4.603111e+00	8.303334e+02	1.057609e+01	68.1143	1	0
2	1	4.6381	1	1.4013	0.067605	7.624666e+00	8.452845e+02	8.356716e+00	90.4309	1	1
2	0	6.1883	1	0.3844	0.000000	5.200125e+00	1.017211e+03	6.094088e+00	50.4952	1	0
3	1	6.9051	2	1.0348	-0.446754	1.653036e+01	1.519610e+03	4.198653e+01	100.0000	0	1
3	0	8.0886	2	0.7346	0.000000	3.653230e+01	6.995234e+03	5.878481e+01	49.4362	1	0
4	1	8.9807	4	2.5672	0.013333	1.542834e+01	2.205063e+03	3.031776e+01	89.9220	1	1
4	0	11.7059	4	1.1513	0.000000	2.095512e+01	4.083553e+03	9.916612e+01	96.4105	1	0
5	1	12.9959	4	1.7839	-0.255617	1.040461e+01	1.022292e+03	2.412142e+01	100.0000	0	1
5	0	14.9286	4	1.0174	0.000000	2.946105e+01	5.945527e+03	4.896785e+01	68.6863	1	0
6	1	16.0782	2	0.8176	-0.124999	4.904498e+00	5.896315e+02	1.211607e+01	100.0000	1	1
6	0	17.0280	2	0.5009	0.000000	1.198563e+01	2.356844e+03	1.551153e+01	93.8220	1	0
7	1	17.7444	3	1.6009	-0.008000	6.817685e+00	8.453569e+02	1.697707e+01	12.5663	1	1
7	0	19.4938	3	0.7012	0.000000	4.370732e+00	9.209460e+02	1.457581e+01	76.1781	1	0
8	1	20.3268	1	1.0842	0.039662	2.084984e+00	4.963931e+02	4.559672e+00	80.2816	1	1
8	0	21.5599	1	0.3844	0.000000	3.032817e+00	5.574180e+02	5.898600e+00	100.0000	1	0
9	1	22.2762	2	0.7675	0.015914	1.186397e+01	1.150813e+03	1.827093e+01	76.9895	1	1
9	0	23.1759	2	0.5842	0.000000	8.524280e+00	1.628524e+03	9.375726e+00	55.0678	1	0
10	1	23.9590	3	1.3005	-0.010695	4.627201e+00	4.449052e+02	1.370023e+01	1.0555	1	1
10	0	25.4084	3	0.8177	0.000000	2.111729e+00	3.921037e+02	5.080052e+00	60.6144	1	0
11	1	26.3581	4	1.2514	0.039872	3.011686e+00	2.898187e+02	4.989256e+00	1.7062	1	1
11	0	27.7583	4	0.4845	0.000000	7.031046e+00	1.293605e+03	1.396548e+01	91.0281	1	0
12	1	28.4751	1	0.4680	0.043786	4.712663e+00	5.981933e+02	5.088063e+00	22.3105	1	1
12	0	29.1919	1	0.4178	0.000000	1.771664e+00	3.350989e+02	5.916172e+00	100.0000	1	0
13	1	29.9087	2	0.8345	-0.047458	1.270162e+01	1.332710e+03	2.948339e+01	8.4529	1	1
13	0	30.8921	2	0.6349	0.000000	6.823794e+00	1.278004e+03	1.225780e+01	88.8408	1	0
14	1	31.6755	1	0.7680	0.037118	8.025715e+00	9.030741e+02	1.394934e+01	11.4386	1	1
14	0	32.5758	1	0.3344	0.000000	1.009655e+00	1.905477e+02	4.156124e+00	100.0000	1	0
15	1	33.2926	3	1.7180	0.032075	3.783371e+00	5.001289e+02	6.847454e+00	93.0675	1	1
15	0	35.1427	3	0.7347	0.000000	3.645527e+00	6.619795e+02	1.052628e+01	74.0103	1	0
16	1	36.0262	4	1.8180	0.018516	1.326614e+01	1.361344e+03	2.455079e+01	75.9057	0	1
16	0	37.9766	4	0.9015	0.000000	1.360555e+01	2.523316e+03	2.350148e+01	52.9881	1	0
17	1	39.0267	4	1.1013	-0.077180	5.038505e+00	4.902347e+02	1.104367e+01	70.1319	1	1
17	0	40.2769	4	0.5845	0.000000	1.014565e+01	1.836623e+03	1.963357e+01	65.9625	1	0
18	1	40.9937	3	1.3847	-0.016041	2.262812e+00	2.152716e+02	3.294028e+00	38.6201	1	1
18	0	42.5194	3	0.5342	0.000000	1.758167e+00	3.301826e+02	2.724803e+00	100.0000	1	0
19	1	43.2357	1	0.7176	0.041751	4.274284e+00	4.956742e+02	5.319750e+00	65.6388	1	1
19	0	44.0855	1	0.3344	0.000000	2.087347e+00	4.090035e+02	5.399657e+00	100.0000	1	0
20	1	44.9853	2	0.8176	-0.034378	3.193490e+00	3.069186e+02	3.533648e+00	29.1515	1	1
20	0	45.9515	2	0.4014	0.000000	4.445548e+00	7.948151e+02	9.650866e+00	96.6586	1	0
21	1	46.6779	4	1.2846	-0.015999	4.493410e+00	4.617086e+02	8.360636e+00	96.4231	1	1
21	0	48.1008	4	0.5012	0.000000	1.231335e+01	2.206249e+03	2.610371e+01	72.3594	1	0
22	1	48.8172	2	0.6843	-0.108104	1.101283e+01	1.077928e+03	1.434765e+01	47.7023	0	1
22	0	49.6336	2	0.4676	0.000000	1.406613e+01	2.784583e+03	2.170518e+01	54.9953	1	0
23	1	50.2784	1	0.8184	-0.025901	2.300642e+00	2.504222e+02	1.736049e+01	5.3265	1	1
23	0	51.2498	1	0.3010	0.000000	1.913126e+00	3.751699e+02	2.289012e+00	50.3214	1	0
24	1	52.0495	3	1.1007	-0.005348	3.958068e+00	3.938317e+02	7.328936e+00	68.1287	1	1
24	0	53.2990	3	0.4845	0.000000	1.339923e+00	2.403206e+02	4.574101e+00	54.6727	1	0
25	1	54.0155	2	0.9673	-0.231830	1.010688e+01	9.727198e+02	2.203615e+01	100.0000	0	1
25	0	55.1317	2	0.4513	0.000000	2.624443e+01	5.188951e+03	3.212177e+01	53.2931	1	0
26	1	55.7650	3	1.3344	0.016041	4.389765e+00	4.638828e+02	1.073993e+01	4.9735	1	1
26	0	57.2477	3	0.5676	0.000000	2.943437e+00	5.564602e+02	5.586840e+00	58.0595	1	0
27	1	57.9642	1	1.2506	0.005319	5.787525e+00	5.647915e+02	6.594883e+00	89.0266	1	1
27	0	59.3471	1	0.3509	0.000000	1.400063e+00	2.501003e+02	3.555600e+00	76.1076	1	0
28	1	60.0635	4	1.6179	-0.047963	1.429356e+01	1.529540e+03	2.159954e+01	45.6533	1	1
28	0	61.8302	4	0.8012	0.000000	1.040504e+01	2.386478e+03	2.490170e+01	81.9891	1	0
29	1	62.7803	1	0.4347	0.080346	6.592657e+00	6.462859e+02	7.861055e+00	100.0000	1	1
29	0	63.4971	1	0.4011	0.000000	2.443770e+00	4.571214e+02	3.908427e+00	100.0000	1	0
30	1	64.2138	4	1.5683	-0.088007	1.130099e+01	1.213721e+03	3.324529e+01	19.7344	1	1
30	0	65.9309	4	0.8846	0.000000	1.396977e+01	2.864326e+03	3.567811e+01	89.6985	1	0
31	1	66.9643	2	0.9013	-0.057830	2.826109e+00	2.761856e+02	5.587513e+00	100.0000	1	1
31	0	68.0145	2	0.4511	0.000000	5.636253e+00	1.034481e+03	6.347442e+00	55.0748	1	0
32	1	68.7314	3	1.4348	-0.016041	6.878343e+00	7.159514e+02	1.638325e+01	39.6025	1	1
32	0	70.3148	3	0.4680	0.000000	4.767914e+00	8.716778e+02	9.813594e+00	70.4952	1	0
33	1	71.0317	2	0.5012	0.141897	9.062136e+00	8.786720e+02	1.385154e+01	100.0000	1	1
33	0	71.7595	2	0.3677	0.000000	9.936762e+00	1.843263e+03	1.336825e+01	54.7976	1	0
34	1	72.4759	1	0.7676	0.137863	1.087335e+01	1.224984e+03	1.443095e+01	74.6281	1	1
34	0	73.3986	1	0.3347	0.000000	3.560333e+00	6.727679e+02	5.587847e+00	52.0185	1	0
35	1	74.1820	3	1.3846	-0.018714	7.041331e+00	7.602630e+02	1.774630e+01	58.3142	1	1
35	0	75.7157	3	0.6345	0.000000	1.958372e+00	3.392623e+02	6.803973e+00	81.7743	1	0
36	1	76.4824	4	1.7514	0.005348	1.266376e+01	1.394309e+03	2.297776e+01	85.9597	1	1
36	0	78.3661	4	0.6678	0.000000	5.473538e+00	9.775577e+02	1.982682e+01	71.6245	1	0
37	1	79.1736	1	0.8675	0.091368	7.421640e+00	8.214275e+02	9.347417e+00	83.7774	1	1
37	0	80.1900	1	0.3846	0.000000	4.866021e+00	9.410888e+02	8.364947e+00	50.7228	1	0
38	1	80.9065	3	1.3343	0.002674	2.605831e+00	2.551025e+02	4.318648e+00	85.0696	1	1
38	0	82.3727	3	0.4509	0.000000	3.602199e+00	6.969366e+02	9.541261e+00	74.6868	1	0
39	1	83.0891	2	1.1508	-0.064083	1.763425e+00	1.680537e+02	6.093142e+00	100.0000	1	1
39	0	84.3886	2	0.3845	0.000000	4.468875e+00	7.964846e+02	6.093968e+00	55.1342	1	0
40	1	85.1049	4	1.1011	0.053283	8.937824e+00	9.623598e+02	1.405875e+01	52.4946	1	1
40	0	86.3547	4	0.5180	0.000000	1.469384e+01	3.092811e+03	3.239794e+01	91.4406	1	0
41	1	87.0710	3	1.2507	0.034745	7.952707e+00	1.042481e+03	1.677595e+01	69.0061	1	1
41	0	88.4539	3	0.5843	0.000000	4.076907e+00	7.350514e+02	6.840486e+00	63.9560	1	0
42	1	89.1703	4	1.4178	0.150845	1.569155e+01	1.617665e+03	2.645760e+01	58.3035	1	1
42	0	90.7365	4	0.5342	0.000000	6.513261e+00	1.168221e+03	1.211802e+01	54.5558	1	0
43	1	91.4529	1	1.0179	0.042191	8.012013e+00	9.516572e+02	1.270363e+01	48.9648	1	1
43	0	92.6192	1	0.3177	0.000000	1.341481e+00	2.633509e+02	5.145677e+00	100.0000	1	0
44	1	93.3357	2	0.6677	-0.044825	5.352664e+00	5.214141e+02	6.994080e+00	38.3007	1	1
44	0	94.1353	2	0.3676	0.000000	4.580752e+00	8.540897e+02	4.828323e+00	55.0627	1	0
45	1	94.8520	3	1.1347	-0.037416	2.595919e+00	2.489795e+02	1.140318e+01	1.0568	1	1
45	0	96.1354	3	0.8847	0.000000	2.238768e+00	4.124341e+02	3.305255e+00	51.7544	1	0
46	1	97.1690	2	0.7177	0.018371	3.221564e+00	3.149413e+02	1.097692e+01	4.5969	1	1
46	0	98.0191	2	0.3345	0.000000	1.779395e+00	3.274370e+02	2.034797e+00	53.9117	1	0
47	1	98.7358	4	1.6180	-0.072067	1.687241e+01	1.627646e+03	2.531904e+01	66.4737	1	1
47	0	100.4861	4	0.5512	0.000000	3.436381e+00	6.403821e+02	1.176484e+01	97.7674	1	0
48	1	101.2028	1	0.4681	0.046841	2.737596e+00	2.741434e+02	4.574234e+00	100.0000	1	1
48	0	101.9197	1	0.3512	0.000000	2.288734e+00	4.106776e+02	3.811700e+00	64.9639	1	0
49	1	115.2050	2	0.9512	-0.084455	3.885807e+00	3.791305e+02	8.111885e+00	100.0000	1	1
49	0	116.2945	2	0.4343	0.000000	7.351461e+00	1.506786e+03	9.883324e+00	54.6491	1	0
50	1	117.0110	4	1.1342	-0.066568	5.125856e+00	5.015155e+02	1.122400e+01	28.7834	1	1
50	0	118.2939	4	0.3844	0.000000	8.686919e+00	1.603166e+03	1.799451e+01	67.9609	1	0
51	1	119.0102	1	0.6177	0.052445	3.375289e+00	4.058415e+02	5.333597e+00	96.3861	1	1
51	0	119.7766	1	0.3180	0.000000	2.015317e+00	3.957743e+02	3.386819e+00	100.0000	1	0
52	1	120.5431	3	1.0506	-0.031989	5.166231e+00	5.026579e+02	7.363168e+00	29.7058	1	1
52	0	121.7261	3	0.4341	0.000000	2.711195e+00	5.007910e+02	3.051324e+00	52.4489	1	0
53	1	122.4425	1	0.7675	0.059515	9.041179e+00	1.108806e+03	1.139298e+01	59.6527	1	1
53	0	123.3588	1	0.4013	0.000000	4.052515e+00	8.020999e+02	8.723319e+00	100.0000	1	0
54	1	124.0752	2	0.6342	-0.084678	5.590872e+00	5.353369e+02	8.361931e+00	97.8437	1	1
54	0	124.8417	2	0.3345	0.000000	7.836491e+00	1.545622e+03	8.368886e+00	53.3605	1	0
55	1	125.5580	4	1.1342	0.055942	1.959513e+01	2.093354e+03	3.889944e+01	88.1874	1	1
55	0	126.8409	4	0.4843	0.000000	1.016182e+01	2.709277e+03	2.185195e+01	70.6307	1	0
56	1	127.5575	3	1.6342	-0.048091	5.612242e+00	7.566890e+02	1.707072e+01	82.0785	1	1
56	0	129.3406	3	0.4844	0.000000	4.325377e+00	8.170185e+02	5.025151e+00	91.7468	1	0
57	1	130.0574	1	0.6178	-0.002591	1.762859e+00	2.139517e+02	4.627779e+00	12.6433	1	1
57	0	130.8075	1	0.3343	0.000000	9.203425e-01	1.767817e+02	4.020109e+00	100.0000	1	0
58	1	131.5242	4	1.4846	-0.044943	6.648900e+00	6.934791e+02	1.206383e+01	80.4509	1	1
58	0	133.1411	4	0.5513	0.000000	7.363300e+00	1.293298e+03	1.086581e+01	57.0263	1	0
59	1	133.8579	3	1.4513	-0.005348	2.507934e+00	2.497123e+02	6.057492e+00	1.9468	1	1
59	0	135.4582	3	0.5012	0.000000	1.578004e+00	2.844291e+02	4.750336e+00	95.2340	1	0
60	1	136.1750	2	1.2346	0.061420	5.530388e+00	5.518182e+02	1.521154e+01	4.1801	1	1
60	0	137.5584	2	0.3181	0.000000	6.397142e+00	1.207122e+03	7.565144e+00	77.0701	1	0
61	1	138.2752	3	1.0346	0.036923	5.303949e+00	6.112632e+02	2.463112e+01	6.3483	1	1
61	0	139.4588	3	0.4011	0.000000	3.262824e+00	6.159495e+02	5.647543e+00	100.0000	1	0
62	1	140.1755	1	0.3680	0.053141	5.140038e+00	4.934940e+02	5.802124e+00	1.2978	1	1
62	0	140.9029	1	0.1844	0.000000	4.957889e+00	9.779316e+02	9.146869e+00	100.0000	1	0
63	1	141.6195	4	1.0845	0.026732	1.495903e+01	1.571053e+03	1.957339e+01	89.4113	1	1
63	0	142.8593	4	0.5680	0.000000	8.650579e+00	1.542124e+03	2.487017e+01	77.3042	1	0
64	1	143.5761	2	0.9346	0.060772	5.129748e+00	4.948690e+02	6.093008e+00	98.3982	1	1
64	0	144.6429	2	0.3344	0.000000	4.241230e+00	8.591433e+02	6.128049e+00	95.0389	1	0
65	1	145.3681	4	1.1011	0.013262	4.798129e+00	4.682537e+02	1.061175e+01	94.1575	1	1
65	0	146.6176	4	0.7511	0.000000	9.931438e+00	1.986410e+03	2.807516e+01	95.3006	1	0
66	1	147.5174	3	1.1840	-0.042303	1.094053e+01	1.268953e+03	2.131798e+01	57.7194	1	1
66	0	148.8336	3	0.6841	0.000000	4.566979e+00	8.515216e+02	5.032320e+00	91.8046	1	0
67	1	149.6500	1	0.9341	0.007874	3.188236e+00	3.242499e+02	4.066989e+00	14.2635	1	1
67	0	150.7330	1	0.2680	0.000000	1.471399e+00	2.679683e+02	4.863063e+00	100.0000	1	0
68	1	151.4494	2	1.2843	0.095961	3.722827e+00	3.639798e+02	9.617004e+00	99.1647	1	1
68	0	152.8656	2	0.4009	0.000000	6.342475e+00	1.161159e+03	9.117474e+00	52.4298	1	0
69	1	153.5819	4	1.2840	0.158655	6.514536e+00	6.606659e+02	1.507248e+01	100.0000	0	1
69	0	154.9982	4	0.5841	0.000000	1.071843e+01	1.951239e+03	1.556821e+01	52.5524	1	0
70	1	155.7147	1	0.6676	-0.028564	6.490942e+00	6.923629e+02	1.164234e+01	10.7678	1	1
70	0	156.5310	1	0.2180	0.000000	3.944952e+00	7.720856e+02	9.412572e+00	100.0000	1	0
71	1	157.2474	2	0.8841	-0.032075	1.113340e+01	1.288524e+03	2.340371e+01	17.6083	1	1
71	0	158.2639	2	0.3508	0.000000	1.967240e+00	3.681833e+02	3.305469e+00	53.9354	1	0
72	1	158.9802	3	1.4846	-0.016041	5.586131e+00	5.537821e+02	2.576515e+01	9.7311	1	1
72	0	160.6129	3	0.4677	0.000000	1.962518e+00	3.710536e+02	4.841252e+00	100.0000	1	0
73	1	161.3294	3	0.9508	-0.109190	3.615079e+00	3.447765e+02	1.061711e+01	99.1657	1	1
73	0	162.4290	3	0.4012	0.000000	9.377342e+00	1.842985e+03	9.874663e+00	51.4030	1	0
74	1	163.1459	4	1.1678	-0.069223	2.464808e+01	2.582613e+03	3.408093e+01	50.6527	1	1
74	0	164.4460	4	0.6178	0.000000	8.009417e+00	1.372559e+03	1.396106e+01	82.4015	1	0
75	1	165.1959	1	0.6513	-0.002618	9.766290e-01	1.009953e+02	4.454872e+00	1.8138	1	1
75	0	165.9795	1	0.3512	0.000000	2.873898e+00	5.528864e+02	7.833872e+00	67.8105	1	0
76	1	166.6962	2	0.7180	-0.034745	1.294631e+01	1.231056e+03	1.566450e+01	76.0917	1	1
76	0	167.5631	2	0.3845	0.000000	3.173213e+00	5.485059e+02	3.305255e+00	55.1583	1	0
77	1	168.2798	1	0.7847	0.064677	6.049884e+00	8.183420e+02	1.249363e+01	12.0253	1	1
77	0	169.1966	1	0.4012	0.000000	6.042805e+00	1.103354e+03	1.016747e+01	91.9361	1	0
78	1	169.9135	3	1.4513	0.029325	3.863734e+00	3.942672e+02	6.821222e+00	62.9788	1	1
78	0	171.4970	3	0.5178	0.000000	6.721761e-01	1.204099e+02	3.256014e+00	100.0000	1	0
79	1	172.2138	4	1.2680	0.002653	6.423700e+00	6.858044e+02	1.277409e+01	3.2214	1	1
79	0	173.6140	4	0.7845	0.000000	9.465177e+00	1.747753e+03	1.777150e+01	89.4325	1	0
80	1	174.5308	2	0.9013	-0.039767	1.284892e+00	1.258862e+02	4.066480e+00	96.0908	1	1
80	0	175.5810	2	0.2679	0.000000	3.863682e+00	6.956673e+02	4.067046e+00	55.1996	1	0
81	1	176.2979	1	0.6514	0.067256	1.004549e+01	1.050396e+03	1.136378e+01	50.4788	1	1
81	0	177.0978	1	0.3179	0.000000	3.207293e+00	5.953649e+02	5.738073e+00	100.0000	1	0
82	1	177.8239	3	1.6337	-0.008021	4.473081e+00	4.465800e+02	9.109619e+00	91.2639	1	1
82	0	179.5982	3	0.4012	0.000000	1.166145e+00	2.316715e+02	3.144225e+00	100.0000	1	0
83	1	180.3150	2	0.7346	-0.000000	6.388034e+00	6.078805e+02	9.667639e+00	2.3513	1	1
83	0	181.1894	2	0.3009	0.000000	8.194998e-02	1.682512e+01	2.544024e-01	51.5475	1	0
84	1	181.9058	4	2.0341	0.039979	1.694821e+01	1.723281e+03	2.253798e+01	65.4150	1	1
84	0	184.0885	4	0.5342	0.000000	8.334958e+00	1.500284e+03	2.268887e+01	78.5167	1	0
85	1	184.8048	1	0.7509	0.068315	1.131730e+01	1.172889e+03	1.573204e+01	63.8618	1	1
85	0	185.7046	1	0.3343	0.000000	3.505336e+00	6.768504e+02	6.930989e+00	100.0000	1	0
86	1	186.4210	3	0.8007	0.008021	1.318524e+01	1.380176e+03	1.696651e+01	70.1823	1	1
86	0	187.3539	3	0.4343	0.000000	7.517273e-01	1.360152e+02	2.468073e+00	100.0000	1	0
87	1	188.0703	2	0.5344	0.131856	1.193247e+01	1.134509e+03	1.283347e+01	90.7801	1	1
87	0	188.7868	2	0.3513	0.000000	6.566724e+00	1.389615e+03	8.119744e+00	53.1190	1	0
88	1	189.5164	4	0.9210	-0.063575	6.451030e+00	6.651329e+02	7.098682e+00	89.7851	1	1
88	0	190.5696	4	0.4342	0.000000	5.690469e+00	1.042842e+03	5.841071e+00	54.2011	1	0
89	1	191.2857	3	1.0678	-0.021387	4.265714e+00	4.138562e+02	7.706582e+00	25.2607	1	1
89	0	192.5023	3	0.4510	0.000000	2.201297e+00	4.083620e+02	3.370561e+00	100.0000	1	0
90	1	193.2186	1	0.6008	0.141528	1.693662e+01	1.624932e+03	2.194852e+01	77.5266	1	1
90	0	193.9517	1	0.4180	0.000000	7.595470e+00	1.481969e+03	1.112388e+01	50.7932	1	0
91	1	194.6682	4	1.1007	0.015999	1.586885e+01	1.779366e+03	1.931121e+01	74.6625	1	1
91	0	195.9010	4	0.5009	0.000000	3.422778e+00	6.228197e+02	1.379173e+01	95.2896	1	0
92	1	196.6175	2	0.6846	0.010666	3.202513e+00	3.087645e+02	1.272016e+01	0.0000	1	1
92	0	197.4510	2	0.3011	0.000000	1.017182e+00	1.977400e+02	1.017563e+00	52.8672	1	0
93	1	198.1675	3	1.1349	0.024060	2.289243e+00	2.228970e+02	4.078295e+00	1.4783	1	1
93	0	199.4346	3	0.7012	0.000000	9.381319e-01	1.780998e+02	4.568728e+00	100.0000	1	0
94	1	200.2681	4	1.2846	0.103903	9.798605e+00	1.031587e+03	2.948339e+01	4.0543	1	1
94	0	201.7017	4	0.4012	0.000000	1.122931e+01	1.971666e+03	1.383169e+01	90.2652	1	0
95	1	202.4185	1	0.5845	-0.018180	4.265160e+00	4.846240e+02	1.078661e+01	17.1330	1	1
95	0	203.1352	1	0.4179	0.000000	2.987317e+00	5.776435e+02	8.017534e+00	100.0000	1	0
96	1	203.8520	2	0.6345	0.074528	1.351798e+01	1.288606e+03	1.926646e+01	59.5688	1	1
96	0	204.6188	2	0.3677	0.000000	4.421874e+00	8.277791e+02	6.538453e+00	83.6293	1	0
97	1	217.8708	4	1.3846	0.042415	1.528107e+01	1.728770e+03	2.371851e+01	45.8814	1	1
97	0	219.4098	4	0.4510	0.000000	2.051033e+00	3.733237e+02	2.289016e+00	54.3615	1	0
98	1	220.1262	3	1.0841	0.029403	2.145665e+00	2.072870e+02	4.318876e+00	86.4755	1	1
98	0	221.3425	3	0.3679	0.000000	1.756056e+00	3.270434e+02	2.543169e+00	54.9191	1	0
99	1	222.0590	1	0.6178	-0.059515	4.880656e+00	4.845426e+02	5.840912e+00	100.0000	1	1
99	0	222.8253	1	0.3678	0.000000	4.018931e+00	8.056841e+02	5.334893e+00	49.9285	1	0
100	1	223.5418	2	0.5680	0.118180	1.518134e+01	1.453556e+03	1.664041e+01	78.3384	1	1
100	0	224.2583	2	0.3176	0.000000	7.583908e-01	1.566845e+02	1.271933e+00	54.7985	1	0
101	1	224.9746	4	2.0338	0.010638	1.706253e+01	5.253340e+03	2.819758e+01	66.6701	1	1
101	0	227.1573	4	0.5175	0.000000	9.662997e+00	1.787412e+03	1.978952e+01	70.8520	1	0
102	1	227.8736	3	0.9347	-0.032075	4.337715e+00	4.319553e+02	5.503607e+00	34.3970	1	1
102	0	228.9565	3	0.4015	0.000000	3.151707e+00	5.655021e+02	3.987424e+00	100.0000	1	0
103	1	229.6730	2	0.6676	-0.076772	4.299957e+00	4.111941e+02	7.355960e+00	100.0000	1	1
103	0	230.4895	2	0.3177	0.000000	1.150882e+01	2.362352e+03	1.188207e+01	51.4822	1	0
104	1	231.2062	1	0.6178	0.152454	1.498567e+01	2.188266e+03	2.490486e+01	81.4335	1	1
104	0	231.9563	1	0.3678	0.000000	8.747102e+00	1.730709e+03	1.311523e+01	50.3524	1	0
105	1	232.6731	3	1.1845	0.013333	1.013084e+01	1.111176e+03	2.325070e+01	20.7973	1	1
105	0	233.9899	3	0.4512	0.000000	1.591453e+00	2.955037e+02	2.288893e+00	56.0518	1	0
106	1	234.7066	4	0.8847	-0.039767	7.916607e+00	7.872393e+02	8.852921e+00	86.2950	1	1
106	0	235.7403	4	0.4844	0.000000	4.507554e+00	8.440273e+02	1.170234e+01	86.6377	1	0
107	1	236.4570	2	0.7511	0.061420	9.611125e+00	9.203830e+02	1.011490e+01	96.6849	1	1
107	0	237.3404	2	0.3512	0.000000	2.030739e+00	3.806597e+02	3.305376e+00	52.5104	1	0
108	1	238.0572	1	0.5012	0.002591	3.390057e+00	3.339956e+02	6.005680e+00	3.1411	1	1
108	0	238.7739	1	0.3180	0.000000	4.995830e+00	9.736164e+02	7.286107e+00	100.0000	1	0
109	1	240.1908	2	0.7013	-0.127644	7.604192e+00	7.393971e+02	1.211200e+01	100.0000	1	1
109	0	241.0410	2	0.3344	0.000000	1.080564e+01	2.260546e+03	1.363638e+01	53.3825	1	0
110	1	241.7577	4	0.9847	-0.060612	5.947931e+00	5.852909e+02	6.337362e+00	78.1550	1	1
110	0	242.8913	4	0.2845	0.000000	5.833021e+00	1.036322e+03	6.056590e+00	100.0000	1	0
111	1	243.6081	3	0.7512	0.087774	4.207486e+00	4.021518e+02	9.103176e+00	86.8178	1	1
111	0	244.5082	3	0.4680	0.000000	3.412103e+00	6.244618e+02	4.499207e+00	93.2291	1	0
112	1	245.2345	1	0.6012	-0.018133	1.819881e+00	1.953039e+02	4.121184e+00	6.2656	1	1
112	0	245.9918	1	0.3679	0.000000	1.721109e+00	3.211522e+02	1.780532e+00	52.8909	1	0
113	1	246.7085	4	1.2020	-0.039662	4.932884e+00	5.161441e+02	5.586730e+00	93.3427	1	1
113	0	248.0587	4	0.4847	0.000000	2.867368e+00	5.204694e+02	3.813213e+00	54.4801	1	0
114	1	248.7833	1	0.4347	0.075995	7.703488e+00	7.839312e+02	8.578853e+00	67.2443	1	1
114	0	249.4998	1	0.3343	0.000000	4.307734e+00	8.241574e+02	6.094493e+00	52.5606	1	0
115	1	250.3494	2	0.7175	-0.194830	1.022709e+01	9.687913e+02	1.846966e+01	100.0000	0	1
115	0	251.2157	2	0.5180	0.000000	2.005196e+01	4.080009e+03	3.956999e+01	96.0082	1	0
116	1	251.8823	3	1.0676	-0.021387	9.047425e+00	1.057083e+03	1.225010e+01	74.2169	1	1
116	0	253.0820	3	0.7174	0.000000	2.698708e+00	4.940467e+02	7.504910e+00	96.5270	1	0
117	1	253.9483	4	1.0679	-0.039979	4.699995e+00	4.709355e+02	7.855391e+00	92.8377	0	1
117	0	255.1644	4	0.6676	0.000000	1.583406e+01	2.793933e+03	2.529492e+01	82.2747	1	0
118	1	255.9642	3	0.9508	-0.008021	1.438302e+00	1.374040e+02	2.514449e+00	17.5148	1	1
118	0	257.0639	3	0.7342	0.000000	1.895970e+00	3.509061e+02	6.828210e+00	75.9643	1	0
119	1	257.9303	1	0.9173	-0.018566	2.975315e+00	3.664340e+02	4.166094e+00	12.1380	1	1
119	0	258.9965	1	0.4013	0.000000	3.720285e+00	7.010188e+02	5.186522e+00	93.8821	1	0
120	1	259.7129	2	0.9674	0.217554	2.090269e+01	2.130663e+03	2.741801e+01	6.1509	0	1
120	0	260.8293	2	0.3010	0.000000	1.035191e+01	2.021715e+03	1.730326e+01	51.8753	1	0
121	1	261.4623	4	1.5840	0.095454	5.028229e+00	4.940977e+02	1.036707e+01	96.1972	1	1
121	0	263.1951	4	0.6844	0.000000	8.162353e+00	1.476751e+03	1.506943e+01	57.9833	1	0
122	1	264.0281	1	0.6676	0.007772	1.176783e+00	1.230330e+02	2.969545e+00	4.8009	1	1
122	0	264.8280	1	0.3846	0.000000	4.248696e+00	7.745123e+02	8.746967e+00	94.5175	1	0
123	1	265.5448	3	1.1346	-0.026732	1.475269e+00	1.417127e+02	3.307241e+00	0.0000	1	1
123	0	266.8116	3	0.6679	0.000000	2.807611e+00	5.122589e+02	4.764366e+00	91.4429	1	0
124	1	267.6118	2	1.0345	-0.432741	1.242687e+01	1.239790e+03	4.064759e+01	100.0000	0	1
124	0	268.7786	2	0.4011	0.000000	4.227576e+01	8.580482e+03	5.559073e+01	43.6319	1	0
125	1	269.4121	3	1.0178	0.010695	3.972883e+00	4.594451e+02	7.068281e+00	66.6263	1	1
125	0	270.5623	3	0.7012	0.000000	2.136668e+00	4.168904e+02	1.077341e+01	88.1234	1	0
126	1	271.3957	2	0.6844	-0.031652	2.988565e+00	2.951898e+02	3.052838e+00	2.4324	1	1
126	0	272.2125	2	0.3512	0.000000	5.690002e+00	1.231503e+03	1.381665e+01	91.4174	1	0
127	1	272.9293	4	0.8512	-0.060137	1.299546e+01	1.372319e+03	1.995702e+01	11.8603	1	1
127	0	273.9127	4	0.4511	0.000000	7.414754e+00	1.358371e+03	7.609265e+00	53.6020	1	0
128	1	274.6294	1	0.7346	-0.031904	2.777648e+00	3.123418e+02	7.505919e+00	5.0513	1	1
128	0	275.5129	1	0.3512	0.000000	3.575617e+00	7.056604e+02	7.098827e+00	57.5127	1	0
129	1	276.4132	4	0.9012	0.007979	5.810089e+00	6.217572e+02	1.315051e+01	8.7830	1	1
129	0	277.4466	4	0.6178	0.000000	8.959772e+00	1.661894e+03	2.874008e+01	79.9695	1	0
130	1	278.1967	2	0.6511	0.092573	1.601005e+01	1.805208e+03	2.416903e+01	70.1520	1	1
130	0	278.9801	2	0.4515	0.000000	5.402019e+00	1.067209e+03	1.267411e+01	90.4536	1	0
131	1	279.7062	1	0.7010	-0.059515	6.176904e+00	6.510437e+02	2.310007e+01	5.1882	1	1
131	0	280.5639	1	0.3009	0.000000	2.310827e+00	4.210614e+02	3.305424e+00	54.7095	1	0
132	1	281.2805	3	0.8679	0.066041	4.505801e+00	4.436029e+02	8.596803e+00	81.1242	1	1
132	0	282.2806	3	0.7013	0.000000	6.755683e+00	1.223145e+03	1.047734e+01	94.2103	1	0
133	1	283.1384	2	0.7342	0.047709	9.796187e+00	9.787589e+02	2.053013e+01	3.2797	1	1
133	0	284.0048	2	0.3343	0.000000	1.528379e+00	2.899367e+02	4.006226e+00	97.6786	1	0
134	1	284.7311	3	1.0679	-0.002653	1.508181e+00	1.527369e+02	1.091680e+01	7.8475	1	1
134	0	285.9375	3	0.5175	0.000000	2.346345e+00	4.239057e+02	6.840486e+00	68.8880	1	0
135	1	286.6538	4	0.8179	0.018516	1.992796e+00	2.002593e+02	8.419773e+00	1.9714	1	1
135	0	287.6202	4	0.2680	0.000000	4.348387e+00	7.681208e+02	9.806795e+00	73.5671	1	0
136	1	288.3368	1	0.6675	-0.033666	8.734016e+00	8.756315e+02	3.436184e+01	4.0323	1	1
136	0	289.1363	1	0.2678	0.000000	2.506330e+00	4.666284e+02	5.485955e+00	100.0000	1	0
137	1	289.8861	2	0.7178	-0.124355	4.995307e+00	4.913620e+02	1.186461e+01	100.0000	1	1
137	0	290.7524	2	0.5176	0.000000	1.548393e+01	3.253180e+03	2.798319e+01	97.0394	1	0
138	1	291.4690	3	0.9175	0.039872	2.157299e+00	2.146805e+02	5.453722e+00	3.2882	1	1
138	0	292.5353	3	0.6508	0.000000	2.365114e+00	4.396029e+02	3.305317e+00	52.1178	1	0
139	1	293.3350	4	0.8677	-0.039872	8.013138e+00	7.737630e+02	9.841174e+00	1.8162	1	1
139	0	294.3513	4	0.6677	0.000000	8.231070e+00	1.451092e+03	2.208952e+01	81.9395	1	0
140	1	295.1676	1	0.7013	0.036254	4.554024e+00	5.588107e+02	9.829731e+00	23.9371	1	1
140	0	296.0174	1	0.3017	0.000000	3.096111e+00	6.109146e+02	7.278430e+00	79.3385	1	0
141	1	296.7338	4	1.4838	0.084233	1.691210e+01	1.779684e+03	1.905316e+01	9.5526	0	1
141	0	298.3499	4	0.4844	0.000000	1.715330e+01	3.132505e+03	2.416486e+01	52.1196	1	0
142	1	298.9832	3	0.7847	0.042755	5.827758e+00	6.386311e+02	8.838174e+00	79.1582	1	1
142	0	299.9166	3	0.5012	0.000000	5.367456e+00	1.008711e+03	1.403748e+01	79.4668	1	0
143	1	300.6335	1	0.7511	-0.015747	2.084509e+00	2.341590e+02	2.796927e+00	89.5521	1	1
143	0	301.5170	1	0.4512	0.000000	6.148728e+00	1.144858e+03	1.291068e+01	84.8917	1	0
144	1	302.2339	2	0.7510	-0.076975	8.153141e+00	7.816689e+02	2.688394e+01	4.4551	1	1
144	0	303.1171	2	0.3013	0.000000	6.950801e+00	1.346495e+03	1.115241e+01	100.0000	1	0
145	1	316.3692	2	0.8679	0.126973	2.022872e+01	1.924733e+03	2.368682e+01	85.4826	1	1
145	0	317.3769	2	0.3510	0.000000	1.036000e+01	2.028333e+03	2.427028e+01	53.0701	1	0
146	1	318.0933	3	0.9508	-0.032075	1.862924e+00	1.810192e+02	4.579256e+00	1.5677	1	1
146	0	319.1763	3	0.5010	0.000000	2.482785e+00	4.711448e+02	3.040848e+00	92.1394	1	0
147	1	319.8928	4	0.5175	0.174820	1.428754e+01	1.378070e+03	1.840326e+01	69.7063	1	1
147	0	320.6200	4	0.5011	0.000000	4.032469e+00	7.333816e+02	1.579879e+01	58.4589	1	0
148	1	321.3368	1	0.5677	0.007957	4.867653e-01	4.697824e+01	1.526197e+00	93.3997	1	1
148	0	322.0586	1	0.3010	0.000000	1.351175e+00	2.546914e+02	3.152563e+00	100.0000	1	0
149	1	322.7750	2	0.8343	-0.135528	1.174449e+01	1.190007e+03	2.099728e+01	69.1265	1	1
149	0	323.7581	2	0.2845	0.000000	6.635969e+00	1.224564e+03	9.624416e+00	55.1747	1	0
150	1	324.4745	4	1.5838	0.002660	4.518356e+00	5.870064e+02	1.185633e+01	95.9938	1	1
150	0	326.2072	4	0.6178	0.000000	4.816295e+00	8.863179e+02	1.500000e+01	78.2023	1	0
151	1	326.9737	1	0.6508	0.041751	7.003697e+00	7.253256e+02	1.240384e+01	58.6971	1	1
151	0	327.7568	1	0.2843	0.000000	3.690289e+00	6.582810e+02	6.599756e+00	55.3731	1	0
152	1	328.4732	3	1.1010	0.000000	3.607311e+00	4.102575e+02	9.096186e+00	84.3160	1	1
152	0	329.7227	3	0.6342	0.000000	4.872636e+00	8.615321e+02	1.439066e+01	74.0040	1	0
153	1	330.4891	4	0.9010	-0.039662	3.474757e+00	3.349605e+02	7.118749e+00	0.2637	1	1
153	0	331.5221	4	0.6008	0.000000	9.347900e+00	1.642808e+03	2.957856e+01	95.4596	1	0
154	1	332.2551	2	0.8512	-0.116957	8.047607e+00	7.951554e+02	1.679061e+01	2.0557	1	1
154	0	333.2384	2	0.3346	0.000000	7.392664e+00	1.411183e+03	1.138013e+01	54.4779	1	0
155	1	333.9554	3	0.8848	0.018714	1.478033e+00	1.437939e+02	3.482584e+00	2.4098	1	1
155	0	334.9888	3	0.6514	0.000000	1.221760e+00	2.243832e+02	3.016427e+00	100.0000	1	0
156	1	335.7888	1	0.6512	-0.015872	2.325436e+00	3.001122e+02	3.557585e+00	83.1879	1	1
156	0	336.5890	1	0.3344	0.000000	1.173788e+00	2.109202e+02	1.780534e+00	55.0811	1	0
157	1	337.3057	4	1.0346	-0.093311	7.490987e+00	7.363145e+02	1.233679e+01	90.1985	1	1
157	0	338.4892	4	0.4845	0.000000	1.134408e+01	2.066262e+03	1.931637e+01	80.1020	1	0
158	1	339.2061	3	0.8345	-0.066746	8.014167e+00	7.648813e+02	1.050813e+01	60.2993	1	1
158	0	340.1728	3	0.4511	0.000000	2.714573e+00	4.922921e+02	4.066884e+00	53.5407	1	0
159	1	340.8897	1	0.6011	-0.013123	1.648598e+00	1.944248e+02	2.820873e+00	14.2095	1	1
159	0	341.6231	1	0.4345	0.000000	1.683118e+00	3.037169e+02	3.785584e+00	93.1880	1	0
160	1	342.3399	2	0.8345	0.039662	9.671228e+00	9.328173e+02	1.206477e+01	80.3796	1	1
160	0	343.3066	2	0.2848	0.000000	3.627255e+00	6.990282e+02	5.313828e+00	81.9168	1	0
161	1	344.0235	1	0.6845	-0.025901	4.943361e+00	5.375979e+02	1.173962e+01	5.0800	1	1
161	0	344.8569	1	0.3011	0.000000	3.210801e+00	6.274041e+02	4.643607e+00	100.0000	1	0
162	1	345.5737	2	1.2346	0.283184	1.455673e+01	1.770298e+03	2.694518e+01	94.7367	0	1
162	0	346.9407	2	0.2677	0.000000	1.428611e+01	3.050202e+03	1.905624e+01	52.0251	1	0
163	1	347.5833	3	1.1174	0.023932	3.263075e+00	3.622235e+02	5.569093e+00	64.0227	1	1
163	0	348.8409	3	0.3510	0.000000	1.602228e+00	3.013196e+02	3.077085e+00	100.0000	1	0
164	1	349.5576	4	0.9012	0.023805	7.574287e+00	7.605704e+02	1.134772e+01	5.7668	1	1
164	0	350.5912	4	0.5011	0.000000	4.396077e+00	7.940637e+02	5.840859e+00	54.2151	1	0
165	1	351.3155	1	1.1007	0.005263	7.782846e+00	7.898461e+02	9.284843e+00	59.5591	1	1
165	0	352.5650	1	0.4344	0.000000	2.258094e+00	4.102777e+02	7.742513e+00	86.9425	1	0
166	1	353.2815	4	0.8342	-0.103627	5.609353e+00	5.412423e+02	9.868497e+00	100.0000	1	1
166	0	354.2478	4	0.7009	0.000000	7.098096e+00	1.286940e+03	9.371474e+00	54.9270	1	0
167	1	355.0974	3	0.8675	0.000000	1.275161e+00	1.223255e+02	2.780243e+00	25.3131	1	1
167	0	356.0971	3	0.5176	0.000000	6.705972e-01	1.256919e+02	3.187555e+00	100.0000	1	0
168	1	356.8137	2	0.7174	-0.012986	1.217614e+01	1.192542e+03	1.571876e+01	59.4363	1	1
168	0	357.6633	2	0.3009	0.000000	4.626699e+00	8.885495e+02	6.347996e+00	53.5478	1	0
169	1	358.3797	3	0.9345	-0.040085	7.526853e+00	7.317379e+02	2.085485e+01	0.5232	1	1
169	0	359.4460	3	0.6175	0.000000	2.293376e+00	4.245573e+02	2.797322e+00	53.5739	1	0
170	1	360.1958	4	0.9510	0.085354	1.207292e+01	1.213075e+03	1.697651e+01	91.8687	1	1
170	0	361.2954	4	0.6178	0.000000	4.967965e+00	8.948254e+02	1.183677e+01	64.1666	1	0
171	1	362.0618	2	0.8508	-0.092995	1.490974e+01	1.480912e+03	1.884331e+01	44.4215	1	1
171	0	363.0448	2	0.3510	0.000000	1.008444e+01	2.262929e+03	1.840823e+01	87.5478	1	0
172	1	363.7613	1	0.7344	0.015543	4.855011e+00	4.780234e+02	7.975577e+00	19.5742	1	1
172	0	364.6442	1	0.3843	0.000000	1.709377e+00	3.091763e+02	3.050553e+00	66.9778	1	0
