Trial	Type	Onset	Target #	Time to Target	Endpoint Error	Est. Avg. Error Mag	Accum. Error x dMagProj	Max Error Mag.	Max Error Pos. (% of trajectory)	Feedback	Target (1)/Return (0)
1	1	0.5331	4	0.9180	-0.104061	7.249438e+00	8.862254e+02	1.012108e+01	100.0000	1	1
1	0	1.5999	4	0.4846	0.000000	1.030956e+01	2.056108e+03	1.063289e+01	53.8223	1	0
2	1	2.3242	1	0.4177	0.021105	3.137612e+00	3.397921e+02	1.433118e+01	4.8522	1	1
2	0	3.0407	1	0.3176	0.000000	8.224255e+00	1.793034e+03	1.579018e+01	83.0305	1	0
3	1	3.7571	2	0.5843	0.058756	2.245993e+01	2.380915e+03	4.602941e+01	11.5994	1	1
3	0	4.4901	2	0.2011	0.000000	7.525703e-01	1.336320e+02	1.271909e+00	55.2981	1	0
4	1	5.2066	3	0.6843	-0.026660	7.166073e+00	6.903198e+02	1.154218e+01	72.6309	0	1
4	0	6.0396	3	0.5839	0.000000	9.689302e+00	1.796468e+03	1.483658e+01	52.2174	1	0
5	1	6.7555	4	0.5179	0.034561	2.520680e+00	2.624881e+02	3.305266e+00	100.0000	1	1
5	0	7.4720	4	0.3680	0.000000	4.258556e+00	8.182311e+02	5.575493e+00	76.4219	1	0
6	1	8.1883	1	0.3513	-0.007407	1.480948e+00	1.668315e+02	8.090739e+00	4.2704	1	1
6	0	8.9177	1	0.2887	0.000000	1.456373e+01	2.331446e+03	1.665056e+01	60.0389	1	0
7	1	9.6345	3	0.7048	0.061257	7.128157e+00	6.948650e+02	1.283821e+01	92.4410	1	1
7	0	10.4881	3	0.5507	0.000000	2.834204e+00	5.105278e+02	8.359465e+00	59.7994	1	0
8	1	11.2040	2	0.5514	0.013123	1.625979e+01	1.904250e+03	2.543904e+01	17.4609	1	1
8	0	11.9205	2	0.2176	0.000000	1.751284e+00	3.133564e+02	2.281103e+00	95.8717	1	0
9	1	12.6374	3	0.6512	0.259940	5.402300e+01	4.994856e+03	9.295629e+01	14.1681	1	1
9	0	13.4372	3	0.6006	0.000000	5.251211e+00	9.889061e+02	1.458103e+01	100.0000	1	0
10	1	14.2532	2	0.4174	-0.007874	6.130546e+00	7.107835e+02	1.577094e+01	4.1131	1	1
10	0	14.9693	2	0.0682	0.000000	2.618536e+00	2.953692e+02	5.822266e+00	100.0000	1	0
11	1	15.6858	4	0.8176	0.048091	1.621334e+01	1.560526e+03	2.453879e+01	68.7999	1	1
11	0	17.2859	4	0.4839	0.000000	5.854282e+00	1.102633e+03	9.620329e+00	57.5173	1	0
12	1	18.0020	1	0.6677	-0.002645	3.496439e+00	4.177182e+02	1.289548e+01	6.8362	1	1
12	0	18.8019	1	0.3348	0.000000	3.684704e+00	7.968760e+02	9.094127e+00	73.1831	1	0
13	1	19.5187	3	0.6518	-0.002667	3.001785e+00	2.998387e+02	6.424056e+00	30.7111	1	1
13	0	20.3027	3	0.6179	0.000000	5.773198e+00	1.022602e+03	2.056396e+01	60.9867	1	0
14	1	21.0529	4	0.5179	0.026589	1.949115e+00	1.894034e+02	7.008104e+00	3.7223	1	1
14	0	21.7697	4	0.3177	0.000000	9.663552e-01	1.809275e+02	1.526250e+00	54.8893	1	0
15	1	22.4865	2	0.3345	0.010443	8.403844e-01	8.230718e+01	1.271878e+00	88.8264	1	1
15	0	23.2033	2	0.0676	0.000000	4.042361e+00	2.265143e+02	5.238719e+00	85.2196	1	0
16	1	23.9367	1	0.4845	-0.052036	3.193937e+00	3.510362e+02	1.513133e+01	7.7676	1	1
16	0	24.6535	1	0.3514	0.000000	9.776951e+00	1.954008e+03	1.432060e+01	62.4100	1	0
17	3	37.9123	3	2.1837	0.014007	1.040289e+01	1.068164e+03	2.196669e+01	76.4462	1	1
17	0	40.2448	3	1.1510	0.000000	6.224052e+00	1.108263e+03	2.286867e+01	84.5009	1	0
18	3	41.5444	2	0.5845	0.481738	2.290316e+01	2.341917e+03	4.502641e+01	100.0000	0	1
18	0	42.2775	2	0.8347	0.000000	2.677373e+01	5.216305e+03	5.494236e+01	77.8720	1	0
19	3	43.2605	4	1.5506	0.102409	1.140826e+01	1.092970e+03	1.495677e+01	36.4303	1	1
19	0	44.9599	4	1.1344	0.000000	8.212131e+00	1.656104e+03	2.387338e+01	97.8690	1	0
20	3	46.2428	1	1.5006	0.040886	7.959206e+00	9.200177e+02	1.836900e+01	73.8725	1	1
20	0	47.8922	1	0.9007	0.000000	6.991815e+00	1.273167e+03	1.906557e+01	89.9900	1	0
21	3	48.9419	2	1.9172	-0.051576	6.372732e+00	7.330432e+02	1.927307e+01	35.5419	1	1
21	0	51.0078	2	0.8012	0.000000	2.200058e+01	4.208871e+03	5.046528e+01	71.8380	1	0
22	3	51.9410	4	1.4846	0.103639	9.972355e+00	9.889349e+02	1.277155e+01	50.2482	1	1
22	0	53.5578	4	1.1846	0.000000	6.563438e+00	1.212150e+03	8.676852e+00	53.1025	1	0
23	3	54.8747	1	1.4513	0.031568	8.208206e+00	9.788305e+02	1.819613e+01	56.2057	1	1
23	0	56.4750	1	0.9013	0.000000	7.259549e+00	1.387082e+03	2.486649e+01	89.3177	1	0
24	3	57.5084	3	2.0349	0.050397	7.719089e+00	7.959722e+02	1.376082e+01	3.5770	1	1
24	0	59.6923	3	1.2680	0.000000	6.505297e+00	1.202005e+03	2.159168e+01	86.4346	1	0
25	3	61.1090	1	1.9181	0.047199	1.397812e+01	1.370374e+03	2.881021e+01	72.8130	1	1
25	0	63.1594	1	0.8179	0.000000	8.266812e+00	1.594912e+03	2.341456e+01	92.5865	1	0
26	3	64.1263	3	1.5178	0.040886	9.759977e+00	9.946245e+02	1.539265e+01	68.8101	1	1
26	0	65.7764	3	0.9346	0.000000	6.250763e+00	1.099941e+03	1.706539e+01	92.0693	1	0
27	3	66.8433	2	1.1846	0.083628	1.479284e+01	1.463337e+03	2.566517e+01	52.1763	1	1
27	0	68.1687	2	0.8011	0.000000	6.324489e+00	1.106625e+03	8.616243e+00	55.4885	1	0
28	3	69.1184	4	1.5006	0.056773	1.217295e+01	1.430323e+03	2.112831e+01	34.4512	1	1
28	0	70.7512	4	0.9675	0.000000	5.320499e+00	9.508312e+02	8.883782e+00	79.7303	1	0
29	3	71.8508	3	1.2343	-0.024627	1.674346e+01	1.751488e+03	2.935140e+01	69.4818	1	1
29	0	73.2170	3	1.0679	0.000000	5.920620e+00	1.047126e+03	1.657546e+01	91.5247	1	0
30	3	74.4334	2	0.9674	0.133525	1.113753e+01	1.078698e+03	1.559521e+01	59.2655	1	1
30	0	75.5496	2	0.8345	0.000000	6.376166e+00	1.116066e+03	9.033782e+00	55.4264	1	0
31	3	76.5160	1	2.6006	0.016274	1.494879e+01	1.553022e+03	2.303436e+01	57.0859	1	1
31	0	79.2649	1	0.7177	0.000000	8.331060e+00	1.695608e+03	2.973959e+01	86.1641	1	0
32	3	80.1314	4	1.5675	0.068544	8.234851e+00	1.409327e+03	1.671811e+01	77.9196	1	1
32	0	81.8474	4	0.8345	0.000000	2.450009e+00	4.468648e+02	4.878909e+00	54.7506	1	0
33	3	82.8304	2	1.0008	0.069495	7.257508e+00	8.003691e+02	1.172828e+01	56.0148	1	1
33	0	83.9801	2	0.6009	0.000000	5.862140e+00	1.050388e+03	1.445312e+01	90.0853	1	0
34	3	84.7132	1	0.7675	0.223601	1.152459e+01	1.104832e+03	2.218247e+01	87.6986	0	1
34	0	85.6129	1	0.5845	0.000000	1.343303e+01	2.704447e+03	2.343710e+01	94.1453	1	0
35	3	86.3296	4	1.2679	0.123186	6.969529e+00	9.340905e+02	1.240570e+01	97.8380	1	1
35	0	87.7297	4	0.7013	0.000000	8.243556e+00	1.498083e+03	1.117336e+01	53.5448	1	0
36	3	88.5632	3	1.2181	0.007915	1.489086e+01	1.502276e+03	2.134170e+01	43.8163	1	1
36	0	89.9301	3	0.7346	0.000000	6.036727e+00	1.043464e+03	1.694012e+01	62.2837	1	0
37	3	90.8136	2	0.6846	0.089164	1.814594e+01	1.743595e+03	2.369492e+01	46.4673	1	1
37	0	91.6471	2	0.7512	0.000000	7.228120e+00	1.289615e+03	1.262026e+01	90.9130	1	0
38	3	92.5306	1	1.3846	0.001013	1.007611e+01	1.004998e+03	1.676332e+01	63.7021	1	1
38	0	94.0641	1	0.7846	0.000000	1.274389e+01	2.671160e+03	3.997036e+01	82.0699	1	0
39	3	94.9977	3	1.1177	-0.041412	5.177940e+00	6.004129e+02	1.455015e+01	65.3280	1	1
39	0	96.2644	3	0.8345	0.000000	3.577409e+00	6.387891e+02	1.025157e+01	82.5033	1	0
40	3	97.2312	4	0.8845	0.108561	1.344187e+01	1.353217e+03	2.288294e+01	50.2125	1	1
40	0	98.2480	4	0.7520	0.000000	5.500250e+00	1.013800e+03	9.647269e+00	100.0000	1	0
41	3	99.1482	2	0.6845	0.064238	9.557524e+00	1.024995e+03	1.491410e+01	49.5696	1	1
41	0	99.9650	2	0.3345	0.000000	5.978569e+00	1.069299e+03	1.427314e+01	68.8816	1	0
42	3	100.6819	3	1.4179	0.192279	1.080990e+01	1.259102e+03	1.828865e+01	28.8233	1	1
42	0	102.2573	3	0.8507	0.000000	9.484272e+00	1.678717e+03	1.422873e+01	63.9349	1	0
43	3	103.2656	4	1.2011	0.028383	3.484949e+00	4.101927e+02	8.925565e+00	9.7096	1	1
43	0	104.6066	4	0.8174	0.000000	5.786350e+00	1.078231e+03	1.621304e+01	100.0000	1	0
44	3	105.5561	1	1.2678	0.047199	9.465423e+00	1.116884e+03	2.457726e+01	82.9434	1	1
44	0	106.9723	1	0.8009	0.000000	1.144817e+01	2.380537e+03	3.486340e+01	85.0246	1	0
45	3	107.9053	2	0.6348	-0.043302	5.064693e+00	5.205205e+02	9.923702e+00	47.2160	1	1
45	0	109.0383	2	0.5513	0.000000	5.492651e+00	1.025919e+03	1.936205e+01	94.8674	1	0
46	3	109.7548	1	0.7677	0.230181	1.005979e+01	1.064270e+03	2.170807e+01	100.0000	0	1
46	0	110.6711	1	0.4846	0.000000	1.133469e+01	2.341891e+03	2.083892e+01	97.2834	1	0
47	3	111.6874	3	1.0510	-0.008125	4.217129e+00	5.077924e+02	1.202849e+01	76.0395	1	1
47	0	112.8871	3	0.6508	0.000000	7.071703e+00	1.235314e+03	1.867379e+01	72.4405	1	0
48	3	113.6702	4	0.7177	0.050397	1.385027e+01	1.374011e+03	2.127637e+01	41.6162	1	1
48	0	114.5365	4	0.5843	0.000000	7.903554e+00	1.537493e+03	2.275425e+01	94.2531	1	0
49	3	115.2530	3	1.0177	-0.053245	1.015950e+01	1.189727e+03	1.848116e+01	87.9126	1	1
49	0	116.4192	3	0.7178	0.000000	1.075236e+01	1.864652e+03	3.141839e+01	68.4376	1	0
50	3	117.2857	2	0.5008	0.083756	1.902212e+01	1.929596e+03	2.705511e+01	65.2088	1	1
50	0	118.0019	2	0.4345	0.000000	9.825875e+00	1.777441e+03	1.850691e+01	79.7984	1	0
51	3	118.7185	4	0.7342	0.144458	7.878922e+00	9.283512e+02	1.401044e+01	98.6742	1	1
51	0	119.5848	4	0.7677	0.000000	1.060749e+01	2.069036e+03	2.427857e+01	94.9220	1	0
52	3	120.4847	1	1.5682	0.039012	1.132794e+01	1.436113e+03	2.407336e+01	78.6822	1	1
52	0	122.2018	1	0.7513	0.000000	1.038557e+01	2.333397e+03	2.911349e+01	83.7617	1	0
53	3	123.1019	4	0.7845	0.080313	1.099588e+01	1.056223e+03	2.118059e+01	41.8425	1	1
53	0	124.0187	4	0.5845	0.000000	4.460013e+00	8.144136e+02	6.066567e+00	55.3498	1	0
54	3	124.7354	3	0.7513	-0.132614	9.785772e+00	9.401356e+02	1.453973e+01	22.2578	1	1
54	0	125.6356	3	0.6512	0.000000	1.025057e+01	1.804533e+03	2.135426e+01	86.5276	1	0
55	3	126.4190	2	0.6846	0.119028	1.391131e+01	1.443845e+03	2.263327e+01	56.2645	1	1
55	0	127.2859	2	0.3679	0.000000	5.146898e+00	9.173196e+02	7.727910e+00	54.9270	1	0
56	3	128.0027	1	0.6678	0.205832	1.044872e+01	1.067339e+03	2.174908e+01	90.5612	1	1
56	0	128.8027	1	0.3845	0.000000	9.160286e+00	1.728608e+03	1.320353e+01	100.0000	1	0
57	3	129.5196	3	0.8346	-0.032359	6.341071e+00	6.622424e+02	1.654600e+01	78.0426	1	1
57	0	130.5031	3	0.6011	0.000000	3.444999e+00	5.997486e+02	1.595493e+01	57.9048	1	0
58	3	131.2365	4	0.8181	0.030762	1.811409e+01	2.034899e+03	3.214614e+01	56.3169	1	1
58	0	132.1867	4	0.6845	0.000000	7.334501e+00	1.510210e+03	2.371112e+01	96.0845	1	0
59	3	133.0035	1	0.7179	0.197056	9.214759e+00	1.079282e+03	1.867794e+01	100.0000	1	1
59	0	133.8702	1	0.6513	0.000000	1.330253e+01	2.962273e+03	2.703108e+01	89.3089	1	0
60	3	134.6704	2	0.6844	-0.002145	8.090982e+00	9.809945e+02	1.692211e+01	53.2089	1	1
60	0	135.5371	2	0.5345	0.000000	5.912952e+00	1.107983e+03	2.372398e+01	98.6243	1	0
61	3	136.2625	3	0.9178	-0.054466	7.228303e+00	7.774882e+02	2.012606e+01	76.6782	1	1
61	0	137.3288	3	0.8668	0.000000	1.080912e+01	1.913029e+03	2.567206e+01	70.7856	1	0
62	3	138.3445	4	0.7508	0.039891	7.011624e+00	6.987571e+02	1.366731e+01	41.1898	1	1
62	0	139.2275	4	0.5180	0.000000	5.370498e+00	1.000115e+03	1.433211e+01	100.0000	1	0
63	3	139.9441	2	0.7011	0.047267	1.034990e+01	1.233641e+03	1.449909e+01	74.6911	1	1
63	0	140.7771	2	0.4675	0.000000	9.894893e+00	1.880817e+03	2.424891e+01	90.7575	1	0
64	3	141.4935	1	0.9512	0.063139	4.949691e+00	5.439837e+02	1.251948e+01	68.2263	1	1
64	0	142.5931	1	0.4014	0.000000	8.427884e+00	1.618708e+03	2.409895e+01	92.8899	1	0
65	1	155.8569	2	0.9014	-0.182168	1.082440e+01	1.029114e+03	1.751355e+01	100.0000	0	1
65	0	156.8904	2	0.4513	0.000000	1.824804e+01	3.283399e+03	2.917189e+01	52.5564	1	0
66	1	157.5239	3	0.6679	-0.354966	1.549047e+01	1.436293e+03	3.315750e+01	100.0000	0	1
66	0	158.3240	3	1.0346	0.000000	1.839449e+01	3.419196e+03	2.208270e+01	52.4588	1	0
67	1	159.5075	1	0.5679	-0.061094	3.005931e+00	3.342152e+02	6.293513e+00	6.8986	1	1
67	0	160.2241	1	0.3348	0.000000	3.437050e+00	6.078358e+02	6.346572e+00	55.0632	1	0
68	1	160.9410	4	0.6013	-0.346213	2.815376e+01	2.929438e+03	3.254589e+01	100.0000	0	1
68	0	161.6745	4	0.5678	0.000000	1.736335e+01	3.459033e+03	2.131404e+01	85.3295	1	0
69	1	162.3746	3	0.7182	0.026660	4.248188e+00	4.213441e+02	9.585624e+00	40.0268	1	1
69	0	163.2413	3	0.5181	0.000000	9.978841e+00	1.816614e+03	2.200954e+01	70.4012	1	0
70	1	163.9582	4	0.4845	-0.263181	1.028155e+01	1.072615e+03	2.554691e+01	100.0000	0	1
70	0	164.6917	4	0.5344	0.000000	1.427981e+01	2.901442e+03	2.323691e+01	87.4861	1	0
71	1	165.3584	1	0.4515	-0.114877	8.085999e+00	8.068698e+02	1.901947e+01	1.5248	1	1
71	0	166.0753	1	0.3516	0.000000	9.599774e+00	2.096883e+03	1.137743e+01	61.9717	1	0
72	1	166.7920	2	0.6011	-0.185025	1.347638e+01	1.265151e+03	2.284070e+01	11.3048	0	1
72	0	167.5420	2	0.3345	0.000000	1.118432e+01	2.026553e+03	1.434137e+01	52.9045	1	0
73	1	168.1852	1	0.5009	0.023312	5.076026e+00	5.402797e+02	2.275699e+01	11.7589	1	1
73	0	168.9016	1	0.2846	0.000000	2.681449e+00	5.194008e+02	7.097937e+00	66.2125	1	0
74	1	169.6181	3	0.7510	-0.071685	4.609338e+00	4.405532e+02	1.186069e+01	1.5842	1	1
74	0	170.5258	3	0.5673	0.000000	9.720887e+00	1.684245e+03	1.537280e+01	88.7733	1	0
75	1	171.2420	4	0.6512	-0.050759	2.997094e+00	2.920212e+02	1.037411e+01	4.9687	1	1
75	0	172.0422	4	0.3512	0.000000	4.212725e+00	7.274613e+02	5.080842e+00	55.1684	1	0
76	1	172.7669	2	0.4514	-0.109224	5.053072e+00	5.065327e+02	1.062126e+01	100.0000	0	1
76	0	173.4833	2	0.2848	0.000000	6.075699e+00	1.108431e+03	7.357274e+00	54.0949	1	0
77	1	174.1165	3	0.5679	0.262422	1.479944e+01	1.800042e+03	2.592916e+01	98.6609	1	1
77	0	174.8329	3	0.7342	0.000000	5.002412e+00	9.286431e+02	1.558503e+01	54.6294	1	0
78	1	175.7154	1	0.6842	-0.056091	2.526872e+00	3.269291e+02	5.334064e+00	100.0000	1	1
78	0	176.5317	1	0.3843	0.000000	5.879779e+00	1.236708e+03	8.586186e+00	75.1972	1	0
79	1	177.2483	2	0.4344	0.021050	7.668240e+00	7.438555e+02	1.107946e+01	44.2734	1	1
79	0	177.9764	2	0.1011	0.000000	9.720253e+00	4.901244e+02	9.887134e+00	75.4004	1	0
80	1	178.6937	4	1.1514	-0.034653	6.347101e+00	7.400798e+02	1.432158e+01	79.6116	1	1
80	0	179.9812	4	0.4347	0.000000	1.088518e+01	1.984567e+03	2.352727e+01	98.3770	1	0
81	3	193.2460	2	1.5513	-0.021440	1.544697e+01	1.771748e+03	2.380316e+01	41.8007	1	1
81	0	194.9296	2	0.7011	0.000000	6.003948e+00	1.120554e+03	1.647511e+01	95.4276	1	0
82	3	195.7631	1	1.2679	-0.004973	1.324794e+01	1.564498e+03	2.486457e+01	74.1719	1	1
82	0	197.1634	1	1.0345	0.000000	1.216519e+01	2.885902e+03	3.915216e+01	81.1394	1	0
83	3	198.3467	3	1.6014	0.094569	8.708675e+00	1.039125e+03	1.757725e+01	75.8535	1	1
83	0	200.0970	3	0.8679	0.000000	9.555035e+00	1.736912e+03	1.471248e+01	94.0623	1	0
84	3	201.0971	4	0.8848	0.139870	1.205275e+01	1.310769e+03	2.035019e+01	86.3289	1	1
84	0	202.1306	4	0.8513	0.000000	9.129364e+00	1.860320e+03	2.665867e+01	93.2324	1	0
85	3	203.1142	1	1.4014	0.009941	1.718417e+01	1.907665e+03	3.213162e+01	81.7130	1	1
85	0	204.7145	1	0.5678	0.000000	1.027163e+01	2.042140e+03	3.766764e+01	85.8018	1	0
86	3	205.4392	2	0.6509	0.204212	1.425733e+01	1.590120e+03	2.197979e+01	86.1279	1	1
86	0	206.2390	2	0.4509	0.000000	1.036478e+01	1.827464e+03	1.267084e+01	55.0845	1	0
87	3	206.9647	4	0.8846	0.091360	1.433133e+01	1.433988e+03	2.250548e+01	60.1328	1	1
87	0	207.9884	4	0.7008	0.000000	4.864036e+00	8.547295e+02	7.579012e+00	55.2804	1	0
88	3	208.8215	3	0.7178	-0.021850	1.213940e+01	1.214416e+03	2.065312e+01	67.2577	1	1
88	0	209.6879	3	0.7509	0.000000	6.430480e+00	1.159318e+03	2.094365e+01	60.4019	1	0
89	3	210.5708	4	0.6843	0.103639	1.522621e+01	1.532303e+03	2.263966e+01	55.9933	1	1
89	0	211.3873	4	0.7342	0.000000	8.330572e+00	1.639118e+03	1.987927e+01	95.3569	1	0
90	3	212.2703	1	1.2173	0.010200	1.356672e+01	1.713957e+03	2.546414e+01	80.5968	1	1
90	0	213.6198	1	0.6178	0.000000	8.284569e+00	1.718747e+03	2.394839e+01	92.9460	1	0
91	3	214.3862	3	0.8508	-0.039315	1.329214e+01	1.287114e+03	2.343426e+01	66.5368	1	1
91	0	215.3693	3	0.6508	0.000000	4.213347e+00	7.410090e+02	6.137294e+00	55.1717	1	0
92	3	216.1689	2	0.5343	0.166843	1.427508e+01	1.447411e+03	2.073152e+01	84.6718	1	1
92	0	216.8854	2	0.4846	0.000000	3.344333e+00	6.026681e+02	1.100565e+01	96.6886	1	0
93	3	217.6018	4	0.8675	0.088143	1.073015e+01	1.094551e+03	1.741575e+01	90.1460	1	1
93	0	218.6183	4	0.6677	0.000000	6.399946e+00	1.252443e+03	1.652553e+01	99.0731	1	0
94	3	219.4346	1	0.5509	0.193912	9.793006e+00	1.011719e+03	1.848175e+01	100.0000	1	1
94	0	220.1510	1	0.4343	0.000000	1.079986e+01	2.111214e+03	2.533675e+01	91.9594	1	0
95	3	221.0174	3	0.9008	-0.025815	8.626382e+00	8.597710e+02	1.772990e+01	73.2617	1	1
95	0	222.0505	3	0.7678	0.000000	8.017908e+00	1.409001e+03	1.929892e+01	62.2347	1	0
96	3	222.9672	2	0.8679	0.009840	1.244342e+01	1.383137e+03	2.313807e+01	56.7776	1	1
96	0	223.9673	2	0.4847	0.000000	1.348696e+01	2.628063e+03	3.782588e+01	86.1898	1	0
97	3	224.6841	1	1.1012	0.044079	1.268744e+01	1.400696e+03	2.395009e+01	85.3512	1	1
97	0	225.9177	1	0.4678	0.000000	5.878938e+00	1.087591e+03	1.081994e+01	98.3306	1	0
98	3	226.6345	4	0.5845	0.099758	1.960283e+01	1.914136e+03	3.435836e+01	57.4861	1	1
98	0	227.3680	4	0.7011	0.000000	7.139434e+00	1.352416e+03	1.755717e+01	97.1237	1	0
99	3	228.2014	3	0.9846	-0.010109	3.658968e+00	3.726500e+02	1.052881e+01	85.7552	1	1
99	0	229.3348	3	0.7180	0.000000	1.154505e+01	2.027056e+03	2.664728e+01	69.2037	1	0
100	3	230.2017	2	0.4678	0.359304	2.716754e+01	2.553885e+03	3.498701e+01	92.8862	1	1
100	0	230.9186	2	0.4512	0.000000	7.439450e+00	1.322209e+03	1.141607e+01	55.0218	1	0
101	3	231.6352	4	0.8013	0.085807	1.327433e+01	1.335737e+03	2.178628e+01	45.3164	1	1
101	0	232.5850	4	0.6349	0.000000	7.492545e+00	1.442702e+03	1.531999e+01	100.0000	1	0
102	3	233.3520	1	1.0847	0.042077	9.671549e+00	1.252075e+03	1.782257e+01	87.3389	1	1
102	0	234.5690	1	0.5345	0.000000	8.151711e+00	1.601296e+03	2.915333e+01	90.4519	1	0
103	3	235.2858	2	0.7512	0.073914	1.629726e+01	1.771435e+03	2.416556e+01	42.6049	1	1
103	0	236.1693	2	0.5011	0.000000	6.831625e+00	1.212678e+03	7.992761e+00	54.9827	1	0
104	3	236.8860	3	0.8013	-0.102663	5.648489e+00	6.549510e+02	1.545386e+01	83.0681	1	1
104	0	237.8195	3	0.8178	0.000000	1.263756e+01	2.307324e+03	1.954156e+01	79.4269	1	0
105	3	238.7697	4	0.7012	0.107586	5.164803e+00	5.327385e+02	1.121138e+01	4.0293	1	1
105	0	239.6277	4	0.5510	0.000000	9.308555e+00	1.774740e+03	1.405227e+01	84.7047	1	0
106	3	240.3443	2	0.5674	0.101727	1.607573e+01	1.591123e+03	2.159137e+01	53.6305	1	1
106	0	241.0606	2	0.3509	0.000000	1.491652e+00	2.668017e+02	6.869325e+00	97.1079	1	0
107	3	241.7770	3	0.7179	-0.036911	1.161502e+01	1.304295e+03	2.078530e+01	80.7419	1	1
107	0	242.6267	3	0.6678	0.000000	8.088316e+00	1.434586e+03	1.409529e+01	78.2602	1	0
108	3	243.4431	1	0.5680	0.237260	1.446694e+01	1.678074e+03	2.276797e+01	97.9193	0	1
108	0	244.1596	1	0.5510	0.000000	1.553905e+01	3.421543e+03	3.059968e+01	92.8017	1	0
109	3	245.0426	2	0.8008	0.137146	1.500940e+01	1.548316e+03	1.888969e+01	42.4002	1	1
109	0	245.9756	2	0.4512	0.000000	2.699425e+00	4.801209e+02	7.579395e+00	67.5501	1	0
110	3	246.6921	1	2.0172	0.014245	7.351930e+00	7.684477e+02	1.461921e+01	82.6328	1	1
110	0	248.8414	1	0.5509	0.000000	5.288832e+00	1.004292e+03	2.066736e+01	92.0743	1	0
111	3	249.5579	3	0.7343	-0.023022	1.077812e+01	1.209489e+03	1.571325e+01	50.2341	1	1
111	0	250.4409	3	0.6674	0.000000	1.055793e+01	1.923614e+03	1.780723e+01	80.0940	1	0
112	3	251.2405	4	0.7342	0.032676	1.068144e+01	1.217133e+03	2.316884e+01	65.9148	1	1
112	0	252.1235	4	0.4681	0.000000	3.250401e+00	5.842112e+02	6.118447e+00	100.0000	1	0
113	3	252.8399	1	0.5180	0.363185	1.617261e+01	1.733504e+03	3.407236e+01	100.0000	0	1
113	0	253.5565	1	0.5176	0.000000	1.848774e+01	3.868903e+03	3.234994e+01	90.0912	1	0
114	3	254.2063	4	0.5508	0.018524	7.285454e+00	8.571169e+02	1.271084e+01	42.5792	1	1
114	0	254.9226	4	0.4844	0.000000	7.321020e+00	1.360799e+03	1.911501e+01	84.7947	1	0
115	3	255.6391	2	0.5180	0.079180	1.336188e+01	1.325971e+03	1.702147e+01	39.2419	1	1
115	0	256.3557	2	0.3513	0.000000	6.617159e+00	1.189924e+03	9.113181e+00	74.1123	1	0
116	3	257.0725	3	0.7845	-0.034281	8.018743e+00	8.788783e+02	1.266851e+01	58.9274	1	1
116	0	257.9892	3	0.6846	0.000000	1.110924e+01	1.961466e+03	3.052647e+01	71.4413	1	0
117	3	258.8228	1	0.6010	0.197094	1.019140e+01	1.055942e+03	1.924212e+01	97.1615	0	1
117	0	259.5562	1	0.4845	0.000000	1.091860e+01	2.180985e+03	1.575225e+01	54.5806	1	0
118	3	260.1896	2	0.6011	0.141269	1.709820e+01	1.877841e+03	2.301023e+01	66.5533	1	1
118	0	260.9230	2	0.2512	0.000000	4.108134e+00	7.280690e+02	7.996569e+00	79.8323	1	0
119	3	261.6398	4	0.7012	0.174828	1.132737e+01	1.061637e+03	2.068580e+01	76.7194	0	1
119	0	262.4900	4	0.6845	0.000000	9.293924e+00	1.868268e+03	1.721320e+01	100.0000	1	0
120	3	263.3067	3	0.7346	-0.025815	4.998120e+00	6.200191e+02	1.701869e+01	21.8828	1	1
120	0	264.1903	3	0.5844	0.000000	5.887748e+00	1.010550e+03	2.420547e+01	65.1587	1	0
121	3	264.9236	1	0.6678	0.146306	6.845493e+00	6.867755e+02	1.394514e+01	100.0000	1	1
121	0	265.7238	1	0.3678	0.000000	1.109661e+01	2.270395e+03	2.143490e+01	94.2143	1	0
122	3	266.4406	4	0.6677	0.050397	7.208301e+00	7.019137e+02	1.494204e+01	3.6150	1	1
122	0	267.2406	4	0.5178	0.000000	3.308779e+00	6.183766e+02	7.134676e+00	100.0000	1	0
123	3	267.9575	2	0.4511	0.075993	1.708682e+01	1.891816e+03	2.127883e+01	38.2651	1	1
123	0	268.6848	2	0.1175	0.000000	2.660970e+00	4.315883e+02	9.511174e+00	94.0714	1	0
124	3	269.4010	3	0.7677	0.035720	1.350022e+01	1.873846e+03	1.772990e+01	80.6380	1	1
124	0	270.3078	3	0.7013	0.000000	7.150515e+00	1.268254e+03	2.309925e+01	63.1692	1	0
125	3	271.1580	1	0.4178	0.369225	2.247002e+01	2.246597e+03	3.599037e+01	100.0000	0	1
125	0	271.8836	1	0.3678	0.000000	8.156889e+00	1.572691e+03	1.110844e+01	53.6584	1	0
126	3	272.5167	2	0.4679	0.079387	1.486760e+01	1.702598e+03	2.096006e+01	37.1655	1	1
126	0	273.2331	2	0.3349	0.000000	1.447050e+00	2.555638e+02	4.519460e+00	97.7123	1	0
127	3	273.9496	4	0.8010	0.015143	1.502670e+01	1.460350e+03	2.436753e+01	53.1091	1	1
127	0	274.8993	4	0.5345	0.000000	5.169486e+00	1.024607e+03	2.295842e+01	95.9699	1	0
128	3	275.7489	3	0.7509	-0.020733	9.375635e+00	9.855232e+02	1.803638e+01	88.7497	1	1
128	0	276.6320	3	0.5509	0.000000	8.377771e+00	1.501996e+03	1.073562e+01	63.1902	1	0
129	1	289.9109	3	1.4513	0.098348	2.132879e+01	2.894799e+03	4.344264e+01	20.3323	1	1
129	0	291.5111	3	0.5679	0.000000	1.270850e+01	2.336870e+03	2.030440e+01	74.7860	1	0
130	1	292.2779	2	0.4845	-0.178245	1.123699e+01	1.266694e+03	1.727570e+01	100.0000	0	1
130	0	292.9947	2	0.3512	0.000000	7.598566e+00	1.379332e+03	9.872231e+00	55.0262	1	0
131	1	293.6280	1	0.5179	-0.229801	1.031869e+01	1.324962e+03	2.254210e+01	100.0000	0	1
131	0	294.3616	1	0.3512	0.000000	7.414132e+00	1.419963e+03	1.262751e+01	54.3285	1	0
132	1	294.9949	4	0.6346	-0.212531	1.430650e+01	1.769231e+03	2.273584e+01	87.4389	1	1
132	0	295.7617	4	0.6180	0.000000	9.982700e+00	1.887861e+03	1.062766e+01	54.0564	1	0
133	1	296.5286	2	0.5181	-0.068136	2.969899e+00	2.893721e+02	6.599134e+00	100.0000	1	1
133	0	297.2453	2	0.2850	0.000000	5.067689e+00	9.002833e+02	7.357169e+00	55.4292	1	0
134	1	297.9621	1	0.3679	-0.219744	1.795346e+01	1.846795e+03	2.426394e+01	3.1869	0	1
134	0	298.6956	1	0.3511	0.000000	4.329205e+00	8.139174e+02	8.851149e+00	100.0000	1	0
135	1	299.4623	4	0.7516	-0.029247	1.300217e+01	1.312731e+03	1.763892e+01	84.5304	1	1
135	0	300.3624	4	0.6346	0.000000	1.315682e+01	2.619944e+03	2.648593e+01	93.9746	1	0
136	1	301.1460	3	0.9345	0.053425	7.371167e+00	7.379139e+02	1.703730e+01	5.9926	1	1
136	0	302.2294	3	0.6346	0.000000	1.240452e+01	2.177026e+03	2.155266e+01	74.9055	1	0
137	1	303.0129	2	0.4678	-0.060294	3.852581e+00	4.368455e+02	5.840639e+00	100.0000	1	1
137	0	303.7296	2	0.3012	0.000000	7.002090e+00	1.257806e+03	9.598374e+00	89.0096	1	0
138	1	304.4561	4	0.4842	-0.241200	1.650384e+01	1.760301e+03	2.287033e+01	94.3040	1	1
138	0	305.1725	4	0.6172	0.000000	1.055969e+01	1.993557e+03	2.596277e+01	81.2429	1	0
139	1	305.9216	1	0.6175	-0.142268	1.114681e+01	1.111616e+03	1.478750e+01	89.9969	1	1
139	0	306.6880	1	0.3346	0.000000	8.229793e+00	1.621071e+03	1.012896e+01	53.2221	1	0
140	1	307.4129	3	0.8512	0.053141	7.159259e+00	6.965342e+02	1.208990e+01	51.2725	1	1
140	0	308.3964	3	0.7022	0.000000	7.799772e+00	1.378985e+03	2.061687e+01	68.1771	1	0
141	1	309.2543	4	0.5510	-0.136352	6.930338e+00	7.024236e+02	1.310618e+01	100.0000	1	1
141	0	309.9708	4	0.5513	0.000000	1.090956e+01	2.076012e+03	1.628559e+01	90.3811	1	0
142	1	310.6867	2	0.5512	0.047836	8.669572e+00	1.084194e+03	1.036591e+01	56.7538	1	1
142	0	311.4030	2	0.4676	0.000000	4.790322e+00	9.423495e+02	1.299259e+01	94.8192	1	0
143	1	312.1196	1	0.5345	-0.155239	1.211309e+01	1.361909e+03	1.482929e+01	100.0000	1	1
143	0	312.8360	1	0.3846	0.000000	5.669355e+00	1.061723e+03	9.874428e+00	53.8087	1	0
144	1	313.5639	3	0.6684	-0.066568	3.700764e+00	3.536225e+02	6.590910e+00	23.8838	1	1
144	0	314.3693	3	0.6011	0.000000	8.928311e+00	1.578579e+03	2.328209e+01	68.6531	1	0
145	3	327.6499	1	1.2346	0.394119	2.562098e+01	2.857123e+03	4.211390e+01	70.9134	0	1
145	0	329.0168	1	1.0515	0.000000	2.240112e+01	5.345912e+03	4.683443e+01	75.7861	1	0
146	3	330.2171	2	0.6345	0.262016	2.316049e+01	2.488569e+03	3.264062e+01	76.8150	1	1
146	0	331.0005	2	0.7181	0.000000	8.978848e+00	1.745902e+03	2.400502e+01	82.4502	1	0
147	3	331.8673	4	0.8513	0.045323	5.260096e+00	5.217113e+02	9.432777e+00	2.1340	1	1
147	0	332.8507	4	0.7179	0.000000	8.851529e+00	1.751576e+03	2.816396e+01	93.1381	1	0
148	3	333.7009	3	1.2512	0.138503	1.130906e+01	1.459386e+03	1.921711e+01	75.6197	1	1
148	0	335.0845	3	1.1512	0.000000	8.998260e+00	1.663291e+03	1.497346e+01	96.2171	1	0
149	3	336.3680	4	0.7678	0.026491	6.072414e+00	6.590364e+02	1.291584e+01	47.2131	1	1
149	0	337.2848	4	0.8013	0.000000	7.279096e+00	1.487914e+03	2.582822e+01	93.0847	1	0
150	3	338.2349	1	0.7345	0.224352	1.448052e+01	1.641077e+03	2.639119e+01	87.0873	1	1
150	0	339.1018	1	0.7345	0.000000	1.631719e+01	3.178561e+03	3.872972e+01	92.8247	1	0
151	3	339.9851	3	1.3847	0.134866	1.085882e+01	1.036945e+03	2.263631e+01	31.2348	1	1
151	0	341.5269	3	1.2834	0.000000	9.227488e+00	1.651363e+03	1.485254e+01	62.1373	1	0
152	3	342.9424	2	0.6674	0.066354	1.348870e+01	1.418436e+03	1.898170e+01	54.3887	1	1
152	0	343.7422	2	0.5176	0.000000	7.903204e+00	1.470603e+03	2.364222e+01	80.1734	1	0
153	3	344.4586	3	1.3176	0.035720	1.064227e+01	1.212304e+03	2.219870e+01	52.7343	1	1
153	0	345.9248	3	1.0009	0.000000	1.880860e+00	3.282280e+02	7.805596e+00	97.1116	1	0
154	3	347.0744	2	0.6511	0.018737	7.355682e+00	7.742442e+02	1.481887e+01	50.3911	1	1
154	0	347.8575	2	0.6175	0.000000	1.882237e+00	3.329930e+02	7.552023e+00	89.6337	1	0
155	3	348.6072	1	1.1679	0.061018	1.844956e+01	1.776810e+03	2.250196e+01	76.5743	1	1
155	0	349.9235	1	0.5178	0.000000	7.210326e+00	1.448965e+03	1.155464e+01	99.1178	1	0
156	3	350.6398	4	0.9511	0.018091	3.167098e+00	3.323722e+02	6.911646e+00	15.0775	1	1
156	0	351.7394	4	0.6176	0.000000	2.125721e+00	3.710148e+02	4.353521e+00	100.0000	1	0
157	3	352.5060	2	0.6508	0.144476	1.350841e+01	1.448233e+03	1.752938e+01	69.9425	1	1
157	0	353.3057	2	0.6012	0.000000	4.990725e+00	8.853189e+02	7.890080e+00	95.3221	1	0
158	3	354.0554	1	0.7341	0.232385	1.083094e+01	1.042444e+03	2.284445e+01	89.1594	0	1
158	0	354.9217	1	0.5510	0.000000	1.138412e+01	2.269265e+03	1.602116e+01	52.2220	1	0
159	3	355.6049	4	0.7177	0.068498	6.659483e+00	7.386539e+02	1.176379e+01	71.2465	1	1
159	0	356.4713	4	0.7350	0.000000	4.437668e+00	7.992520e+02	8.727074e+00	97.4465	1	0
160	3	357.3549	3	0.7006	0.158397	6.935018e+00	7.203291e+02	1.500805e+01	100.0000	1	1
160	0	358.1874	3	1.1013	0.000000	1.145133e+01	2.096393e+03	2.380775e+01	70.9476	1	0
161	3	359.4377	4	0.6018	0.072798	1.348987e+01	1.376094e+03	2.363007e+01	54.5576	1	1
161	0	360.1883	4	0.5679	0.000000	8.699669e+00	1.683473e+03	2.071059e+01	99.0548	1	0
162	3	360.9051	3	0.7845	-0.087486	9.515277e+00	1.003334e+03	2.132369e+01	94.4238	1	1
162	0	361.8219	3	0.7346	0.000000	5.084837e+00	8.756480e+02	8.142970e+00	96.8656	1	0
163	3	362.7054	1	1.5679	0.081569	1.187055e+01	1.826691e+03	2.363421e+01	55.2889	1	1
163	0	364.9557	1	0.6177	0.000000	6.929734e+00	1.413567e+03	1.549993e+01	85.9891	1	0
164	3	365.7058	2	0.6512	0.070703	1.403918e+01	1.471612e+03	2.020759e+01	48.6592	1	1
164	0	366.4893	2	0.4180	0.000000	6.147128e+00	1.113087e+03	7.854364e+00	89.8545	1	0
165	3	367.2062	3	0.9012	-0.021917	1.353782e+01	1.466791e+03	2.268047e+01	40.5295	1	1
165	0	368.2395	3	0.7012	0.000000	5.425821e+00	9.540385e+02	1.690429e+01	84.8309	1	0
166	3	369.0730	2	0.7011	0.108825	2.035190e+01	2.171443e+03	2.698885e+01	52.9364	1	1
166	0	369.9064	2	0.4011	0.000000	7.133812e+00	1.260086e+03	1.280406e+01	90.9310	1	0
167	3	370.6232	4	0.6177	0.103402	1.436502e+01	1.384433e+03	1.799870e+01	36.7893	1	1
167	0	371.3732	4	0.7016	0.000000	7.111224e+00	1.372827e+03	1.190687e+01	100.0000	1	0
168	3	372.2236	1	1.1178	0.049313	6.615691e+00	7.867683e+02	1.012541e+01	68.9849	1	1
168	0	373.4737	1	0.4511	0.000000	6.607487e+00	1.231885e+03	1.556421e+01	93.2305	1	0
169	3	374.1993	2	0.5840	0.121896	2.524819e+01	2.463687e+03	3.357090e+01	44.5126	1	1
169	0	374.9157	2	0.3675	0.000000	3.103407e+00	5.465343e+02	4.325570e+00	55.2731	1	0
170	3	375.6407	3	0.7678	0.062081	9.217382e+00	1.105995e+03	1.888316e+01	39.3343	1	1
170	0	376.5484	3	0.5343	0.000000	1.984419e+00	3.483588e+02	6.105021e+00	97.9974	1	0
171	3	377.2648	4	0.6679	0.065242	5.064382e+00	5.177865e+02	1.209766e+01	33.3098	1	1
171	0	378.0812	4	0.5009	0.000000	7.157080e+00	1.439542e+03	1.929261e+01	98.0814	1	0
172	3	378.8079	1	0.4511	0.286499	1.702293e+01	2.047498e+03	2.796644e+01	100.0000	1	1
172	0	379.5247	1	0.3843	0.000000	9.095727e+00	1.941501e+03	2.245390e+01	91.1530	1	0
173	3	380.3305	3	0.8175	0.035720	3.409826e+00	3.710993e+02	8.134222e+00	20.1984	1	1
173	0	381.2802	3	0.5841	0.000000	2.744227e+00	4.878678e+02	9.542776e+00	59.8110	1	0
174	3	381.9966	4	1.2838	-0.049489	9.738520e+00	1.148454e+03	2.093866e+01	29.5953	1	1
174	0	383.4129	4	0.6841	0.000000	7.258813e+00	1.410723e+03	2.089174e+01	96.8637	1	0
175	3	384.2458	1	0.6343	0.110073	8.602309e+00	9.206775e+02	1.525476e+01	89.9923	1	1
175	0	385.0122	1	0.3509	0.000000	5.443858e+00	9.956147e+02	1.207918e+01	100.0000	1	0
176	3	385.7286	2	0.5679	0.025909	1.722472e+01	2.101564e+03	2.701826e+01	35.1046	1	1
176	0	386.4451	2	0.3510	0.000000	5.876946e+00	1.041467e+03	9.603153e+00	58.5314	1	0
177	3	387.1782	4	0.6008	0.072868	1.738328e+01	1.655771e+03	2.289381e+01	29.3662	1	1
177	0	387.9279	4	0.6175	0.000000	4.425559e+00	7.713888e+02	6.547090e+00	54.7502	1	0
178	3	388.6778	1	0.6507	0.150611	1.037097e+01	1.063685e+03	2.029907e+01	80.4673	1	1
178	0	389.4774	1	0.3680	0.000000	7.148097e+00	1.432167e+03	1.171723e+01	94.2347	1	0
179	3	390.1939	2	0.7844	0.011083	1.191780e+01	1.169523e+03	2.208023e+01	23.8951	1	1
179	0	391.1269	2	0.2843	0.000000	4.054334e+00	7.235995e+02	9.161864e+00	75.6133	1	0
180	3	391.8432	3	0.7678	-0.016034	9.634627e+00	1.084736e+03	1.913280e+01	49.4468	1	1
180	0	392.7600	3	0.9679	0.000000	6.825147e+00	1.500374e+03	2.355287e+01	83.5964	1	0
181	3	393.8601	4	0.5678	0.035720	1.023079e+01	1.112189e+03	1.694400e+01	57.6700	1	1
181	0	394.5770	4	0.4345	0.000000	3.275857e+00	5.785997e+02	8.608071e+00	94.2061	1	0
182	3	395.2937	3	0.5512	0.242476	7.125935e+00	6.783488e+02	2.284542e+01	100.0000	0	1
182	0	396.0104	3	0.7679	0.000000	6.629380e+00	1.228650e+03	2.052601e+01	55.0753	1	0
183	3	396.9273	1	0.4845	0.202628	1.157499e+01	1.341495e+03	2.119335e+01	92.2901	1	1
183	0	397.6440	1	0.3346	0.000000	7.252804e+00	1.323881e+03	1.156270e+01	100.0000	1	0
184	3	398.3608	2	0.4679	0.180741	2.396005e+01	2.416992e+03	2.840930e+01	46.7141	1	1
184	0	399.0775	2	0.3014	0.000000	2.060335e+00	3.659277e+02	4.873560e+00	63.6696	1	0
185	3	399.8112	3	0.6676	-0.071752	1.020023e+01	1.221955e+03	1.617536e+01	84.7848	1	1
185	0	400.6112	3	0.6180	0.000000	6.419698e+00	1.166120e+03	1.315164e+01	84.0186	1	0
186	3	401.3613	1	0.5180	0.260508	2.007816e+01	2.537707e+03	3.437778e+01	85.0071	0	1
186	0	402.0782	1	0.3676	0.000000	7.751247e+00	1.452434e+03	1.035493e+01	54.1618	1	0
187	3	402.7230	2	0.5508	0.087692	1.271070e+01	1.431582e+03	2.150923e+01	1.9778	1	1
187	0	403.4395	2	0.3175	0.000000	4.609231e+00	8.305443e+02	1.043713e+01	95.7835	1	0
188	3	404.1558	4	0.6342	0.083756	1.279349e+01	1.233700e+03	1.952608e+01	39.9138	1	1
188	0	405.0453	4	0.4511	0.000000	2.741862e+00	5.358364e+02	9.113214e+00	100.0000	1	0
189	3	405.7619	2	0.4511	0.162242	6.784760e+00	8.299806e+02	1.565682e+01	100.0000	1	1
189	0	406.4787	2	0.4344	0.000000	1.514138e+01	3.121464e+03	3.224665e+01	83.4250	1	0
190	3	407.1955	3	0.7011	0.083628	1.049904e+01	1.130872e+03	2.101797e+01	93.2911	1	1
190	0	408.0290	3	0.8346	0.000000	9.263487e+00	1.663161e+03	2.868243e+01	70.5116	1	0
191	3	409.0125	1	1.5345	0.004166	4.126383e+00	4.027079e+02	8.051072e+00	45.7762	1	1
191	0	410.6869	1	0.3843	0.000000	7.392638e+00	1.492496e+03	2.102429e+01	92.8019	1	0
192	3	411.4034	4	0.6678	0.082480	1.037005e+01	1.019450e+03	1.948279e+01	35.5440	1	1
192	0	412.2197	4	0.5844	0.000000	5.182480e+00	9.151287e+02	8.557568e+00	55.4000	1	0
193	1	425.5154	3	1.6510	0.010666	6.444697e+00	6.855660e+02	2.653555e+01	16.8921	1	1
193	0	427.2986	3	0.8178	0.000000	7.907701e+00	1.409216e+03	2.212207e+01	69.4004	1	0
194	1	428.2487	2	0.4179	-0.430219	1.626186e+01	1.628954e+03	4.000115e+01	100.0000	0	1
194	0	428.9656	2	1.0014	0.000000	1.587962e+01	3.542643e+03	2.262903e+01	88.7521	1	0
195	1	430.1156	1	0.5679	-0.215278	1.437513e+01	1.617786e+03	2.115070e+01	88.2095	0	1
195	0	430.8324	1	0.4845	0.000000	8.375005e+00	1.838848e+03	1.413154e+01	50.3402	1	0
196	1	431.4660	4	0.8014	-0.106547	6.358052e+00	8.811231e+02	1.203578e+01	82.3944	1	1
196	0	432.9995	4	0.7180	0.000000	1.333445e+01	2.911506e+03	2.008590e+01	98.4596	1	0
197	1	433.8663	3	0.6347	-0.111535	1.011325e+01	1.161531e+03	1.634780e+01	65.6767	1	1
197	0	434.6497	3	0.6180	0.000000	4.442409e+00	8.188200e+02	1.169170e+01	95.0230	1	0
198	1	435.4165	2	0.4011	-0.218946	9.286860e+00	1.109513e+03	2.110803e+01	100.0000	0	1
198	0	436.1333	2	0.3511	0.000000	3.756350e+00	6.836970e+02	1.086996e+01	53.6503	1	0
199	1	436.7782	1	0.6508	-0.143017	1.899375e+01	1.799700e+03	2.564950e+01	1.6081	1	1
199	0	437.5669	1	0.3011	0.000000	2.571563e+00	4.632379e+02	5.070341e+00	76.5328	1	0
200	1	438.2837	4	0.6012	-0.103354	8.315217e+00	8.904153e+02	9.892498e+00	11.8586	1	1
200	0	439.0338	4	0.5011	0.000000	1.004036e+01	1.917301e+03	1.834245e+01	78.8285	1	0
201	1	439.7605	2	0.5009	0.044707	7.019669e+00	7.791953e+02	1.127141e+01	14.8006	1	1
201	0	440.4769	2	0.3848	0.000000	6.160138e+00	1.114495e+03	1.262237e+01	95.1199	1	0
202	1	441.1933	3	0.8511	-0.114471	7.060175e+00	8.641388e+02	1.390278e+01	45.6759	1	1
202	0	442.2009	3	0.7847	0.000000	1.414545e+01	2.606209e+03	2.611477e+01	79.3053	1	0
203	1	443.1261	1	0.7507	-0.071496	1.274327e+01	1.457511e+03	1.988282e+01	95.8898	1	1
203	0	444.0092	1	0.4175	0.000000	1.078619e+01	2.112997e+03	1.661224e+01	89.1964	1	0
204	1	444.7347	4	0.7345	-0.079830	1.173623e+01	1.126295e+03	2.341058e+01	82.4512	1	1
204	0	445.6086	4	0.3845	0.000000	6.727309e+00	1.234412e+03	7.862199e+00	54.4790	1	0
205	1	446.3250	1	0.5345	-0.095563	8.090627e+00	8.749289e+02	1.322526e+01	4.2248	1	1
205	0	447.0414	1	0.5512	0.000000	1.164222e+01	2.729526e+03	1.738065e+01	80.4207	1	0
206	1	447.7579	3	0.7677	-0.085354	7.704903e+00	7.382315e+02	9.837272e+00	79.2453	1	1
206	0	448.6576	3	0.6675	0.000000	6.925280e+00	1.281734e+03	1.401634e+01	86.0679	1	0
207	1	449.4739	2	0.6342	0.034108	2.844958e+00	3.492750e+02	4.817804e+00	69.4256	1	1
207	0	450.2404	2	0.3846	0.000000	1.060167e+01	1.919920e+03	1.271979e+01	93.4234	1	0
208	1	450.9567	4	0.7345	-0.057982	1.496126e+01	1.440393e+03	1.670420e+01	85.4766	1	1
208	0	451.8398	4	0.6009	0.000000	6.636148e+00	1.269959e+03	1.415244e+01	93.0880	1	0
209	3	465.1211	4	1.5679	0.126153	1.358442e+01	1.541601e+03	2.650301e+01	83.7036	1	1
209	0	466.8214	4	1.0345	0.000000	1.192613e+01	2.557473e+03	3.169607e+01	91.6303	1	0
210	3	467.9882	2	0.6180	0.042263	1.255229e+01	1.281715e+03	1.606099e+01	32.9020	1	1
210	0	468.7549	2	0.4512	0.000000	1.066484e+01	1.981555e+03	2.921481e+01	92.8590	1	0
211	3	469.4717	3	0.7849	0.150008	1.097140e+01	1.132428e+03	2.395009e+01	85.2799	1	1
211	0	470.4054	3	0.8679	0.000000	8.424670e+00	1.518912e+03	2.182198e+01	70.2984	1	0
212	3	471.4220	1	0.6679	0.311068	2.056299e+01	1.971274e+03	3.055519e+01	95.1838	0	1
212	0	472.2222	1	0.5344	0.000000	2.009845e+01	3.935961e+03	3.236782e+01	89.0051	1	0
213	3	472.8890	4	0.6344	0.103639	6.643383e+00	7.496637e+02	1.119527e+01	82.8098	1	1
213	0	473.6557	4	0.6846	0.000000	1.068185e+01	1.931261e+03	1.676625e+01	87.7661	1	0
214	3	474.4725	3	0.6178	0.337450	1.434229e+01	1.313682e+03	3.380013e+01	95.3196	1	1
214	0	475.2226	3	1.0013	0.000000	6.715822e+00	1.231065e+03	2.304527e+01	86.0779	1	0
215	3	476.3561	2	0.6346	0.109092	5.887244e+00	6.309164e+02	1.221842e+01	89.4924	1	1
215	0	477.1396	2	0.3511	0.000000	7.572221e+00	1.339647e+03	1.067794e+01	93.3744	1	0
216	3	477.8645	1	0.9175	0.058891	7.384927e+00	7.409434e+02	1.618285e+01	71.8900	1	1
216	0	478.9307	1	0.6011	0.000000	6.889396e+00	1.419930e+03	1.356474e+01	100.0000	1	0
217	3	479.6798	3	1.0177	-0.023443	5.185584e+00	5.004872e+02	1.077073e+01	26.5291	1	1
217	0	480.8461	3	0.8344	0.000000	4.106082e+00	7.658519e+02	1.330017e+01	56.6902	1	0
218	3	481.8291	2	0.5678	0.228476	1.450389e+01	1.380421e+03	2.476862e+01	77.3690	0	1
218	0	482.5457	2	0.4678	0.000000	1.250928e+01	2.222777e+03	1.615365e+01	54.3665	1	0
219	3	483.1899	4	0.8513	0.047199	3.987344e+00	3.843590e+02	7.400521e+00	42.6593	1	1
219	0	484.1949	4	0.5182	0.000000	4.486043e+00	7.997423e+02	5.392243e+00	55.1435	1	0
220	3	484.9120	1	1.2836	0.033779	1.307699e+01	1.365454e+03	1.998942e+01	59.1330	1	1
220	0	486.3443	1	0.6011	0.000000	6.469796e+00	1.209383e+03	2.041790e+01	92.3681	1	0
221	3	487.0940	4	0.5682	0.078976	4.437864e+00	4.386137e+02	8.495947e+00	10.1212	1	1
221	0	487.8104	4	0.6846	0.000000	5.036367e+00	9.965369e+02	1.458668e+01	100.0000	1	0
222	3	488.6435	1	0.5676	0.178043	1.196987e+01	1.434924e+03	1.983770e+01	96.4784	1	1
222	0	489.3599	1	0.5679	0.000000	5.528236e+00	1.052445e+03	1.518682e+01	100.0000	1	0
223	3	490.0763	3	0.9011	-0.006137	8.807292e+00	8.459814e+02	1.451697e+01	81.1094	1	1
223	0	491.1260	3	0.6678	0.000000	8.427204e+00	1.488003e+03	2.615969e+01	69.0475	1	0
224	3	491.9424	2	0.5179	0.122843	8.116939e+00	8.979978e+02	1.313447e+01	65.0518	1	1
224	0	492.6588	2	0.2513	0.000000	6.618191e+00	1.180985e+03	7.758315e+00	55.1447	1	0
225	3	493.3752	4	0.6509	0.084519	4.103629e+00	4.170068e+02	9.241910e+00	90.3396	1	1
225	0	494.1584	4	0.3181	0.000000	4.902545e+00	9.194762e+02	7.383721e+00	54.6590	1	0
226	3	494.8750	2	0.5180	0.321665	1.697318e+01	1.628744e+03	3.064330e+01	100.0000	0	1
226	0	495.5918	2	0.3846	0.000000	1.323317e+01	2.435081e+03	2.098878e+01	52.4153	1	0
227	3	496.2253	3	1.3186	0.101187	1.548152e+01	1.603000e+03	2.480349e+01	91.1751	1	1
227	0	497.6761	3	0.7681	0.000000	4.854097e+00	8.702394e+02	9.004916e+00	55.0159	1	0
228	3	498.5930	1	1.0011	0.070646	1.165802e+01	1.294129e+03	2.010089e+01	89.3601	1	1
228	0	499.7263	1	0.5678	0.000000	7.893541e+00	1.604063e+03	1.305905e+01	93.8807	1	0
229	3	500.4432	4	1.0347	-0.004143	1.625412e+00	1.579867e+02	1.073357e+01	11.7464	1	1
229	0	501.6267	4	0.5511	0.000000	5.180006e+00	9.472292e+02	1.342613e+01	97.9392	1	0
230	3	502.3435	2	0.5678	0.274302	9.263195e+00	8.914699e+02	2.707761e+01	97.5510	0	1
230	0	503.0603	2	0.3510	0.000000	1.336032e+01	2.405848e+03	2.267330e+01	53.2046	1	0
231	3	503.7103	3	0.7012	0.014007	6.343330e+00	6.262060e+02	1.254542e+01	92.1438	1	1
231	0	504.5438	3	0.6178	0.000000	6.711962e+00	1.193473e+03	1.858546e+01	59.4349	1	0
232	3	505.2940	1	1.0844	0.041184	4.399826e+00	5.092505e+02	1.227932e+01	82.9346	1	1
232	0	506.5108	1	0.6012	0.000000	1.033249e+01	2.095500e+03	2.788634e+01	92.5264	1	0
233	3	507.2609	2	0.5678	0.244952	1.075839e+01	1.183860e+03	2.350593e+01	100.0000	0	1
233	0	507.9876	2	0.3176	0.000000	1.360321e+01	2.498429e+03	1.552328e+01	52.9348	1	0
234	3	508.6208	3	0.8344	-0.079028	4.051307e+00	3.989098e+02	1.097141e+01	13.7168	1	1
234	0	509.6113	3	0.6838	0.000000	7.324735e+00	1.282064e+03	1.936831e+01	90.2672	1	0
235	3	510.4275	1	1.1012	0.033641	7.222169e+00	8.916953e+02	1.351988e+01	71.5788	1	1
235	0	511.6697	1	0.6844	0.000000	5.015496e+00	8.695096e+02	1.421836e+01	90.5702	1	0
236	3	512.4860	4	0.6170	0.061007	5.788071e+00	5.759724e+02	8.479023e+00	41.4628	1	1
236	0	513.2352	4	0.5842	0.000000	3.605304e+00	6.771864e+02	6.571051e+00	100.0000	1	0
237	3	513.9613	3	0.7352	-0.096398	7.067282e+00	7.032682e+02	1.285359e+01	11.2496	1	1
237	0	514.8519	3	0.5512	0.000000	7.510541e+00	1.317330e+03	1.289308e+01	68.5764	1	0
238	3	515.5683	2	0.4510	0.175041	1.897314e+01	2.035022e+03	2.575245e+01	52.5841	0	1
238	0	516.2848	2	0.4839	0.000000	1.049790e+01	1.820684e+03	1.631719e+01	55.0899	1	0
239	3	516.9173	4	0.6675	0.123532	1.124426e+01	1.154937e+03	1.724029e+01	59.4216	1	1
239	0	517.7338	4	0.5674	0.000000	1.143651e+01	2.178674e+03	1.882116e+01	88.3473	1	0
240	3	518.4500	1	0.7009	0.079283	6.209941e+00	6.028489e+02	9.989299e+00	79.1879	1	1
240	0	519.2831	1	0.4679	0.000000	6.915036e+00	1.265773e+03	1.198127e+01	100.0000	1	0
241	3	519.9997	3	0.7018	-0.069324	5.066535e+00	4.885009e+02	1.314240e+01	78.7255	1	1
241	0	520.8499	3	0.7181	0.000000	9.929533e+00	1.766452e+03	2.520908e+01	58.2234	1	0
242	3	521.7158	2	0.5343	0.003311	1.672317e+01	1.656077e+03	2.440786e+01	43.7855	1	1
242	0	522.4322	2	0.3176	0.000000	1.083657e+01	1.954487e+03	2.499983e+01	77.0333	1	0
243	3	523.1486	4	0.6849	0.028383	5.652254e+00	5.460408e+02	9.701395e+00	85.7492	1	1
243	0	523.9655	4	0.6514	0.000000	4.749935e+00	8.464287e+02	1.462996e+01	98.5087	1	0
244	3	524.7647	1	0.5178	0.237128	1.267517e+01	1.446594e+03	2.312800e+01	100.0000	0	1
244	0	525.4812	1	0.3845	0.000000	9.508909e+00	1.948552e+03	1.402067e+01	54.2471	1	0
245	3	526.1142	2	0.8015	0.034746	1.741221e+01	1.880751e+03	2.528787e+01	30.4885	1	1
245	0	527.0478	2	0.2846	0.000000	2.240484e+00	3.944836e+02	4.732322e+00	94.1126	1	0
246	3	527.7637	1	1.6351	0.020140	6.307912e+00	6.801842e+02	1.562960e+01	80.6432	1	1
246	0	530.1144	1	0.5844	0.000000	3.733236e+00	7.559797e+02	1.045112e+01	63.0762	1	0
247	3	530.8312	4	0.7348	0.027434	3.093832e+00	3.142219e+02	1.600436e+01	6.9490	1	1
247	0	531.7147	4	0.7013	0.000000	2.553470e+00	4.549260e+02	5.855271e+00	93.5523	1	0
248	3	532.5647	3	1.0679	-0.000142	9.273629e+00	9.354463e+02	2.721431e+01	82.7863	1	1
248	0	533.7650	3	0.6512	0.000000	5.849858e+00	1.070500e+03	1.424589e+01	63.4763	1	0
249	3	534.5484	2	0.5513	-0.023443	9.142754e+00	9.408914e+02	1.410877e+01	34.7689	1	1
249	0	535.2652	2	0.3849	0.000000	1.112205e+01	2.139686e+03	1.923324e+01	90.0496	1	0
250	3	535.9821	4	0.7677	0.021268	3.894352e+00	4.251738e+02	9.275328e+00	16.4717	1	1
250	0	536.8821	4	0.3011	0.000000	3.276114e+00	5.719725e+02	7.621317e+00	100.0000	1	0
251	3	537.5989	1	0.5678	0.231654	1.255166e+01	1.564512e+03	2.258949e+01	97.1459	1	1
251	0	538.3157	1	0.5178	0.000000	6.002960e+00	1.079002e+03	9.035183e+00	54.9695	1	0
252	3	539.0438	3	0.8175	-0.103446	8.570641e+00	8.111095e+02	2.075706e+01	85.1228	1	1
252	0	540.0160	3	0.6013	0.000000	8.325226e+00	1.475540e+03	2.229081e+01	67.1875	1	0
253	3	540.7661	1	0.8179	0.066389	7.132630e+00	6.949919e+02	1.212523e+01	3.9457	1	1
253	0	541.7329	1	0.4844	0.000000	7.884483e+00	1.471831e+03	2.379534e+01	93.6798	1	0
254	3	542.4593	4	0.6009	0.051521	3.653480e+00	3.593898e+02	1.602282e+01	5.3115	1	1
254	0	543.2164	4	0.4846	0.000000	6.486449e+00	1.243058e+03	1.795829e+01	88.5591	1	0
255	3	543.9333	3	0.5844	0.105621	5.541232e+00	5.282064e+02	1.225377e+01	96.5023	1	1
255	0	544.6500	3	0.7512	0.000000	4.146401e+00	7.562775e+02	6.728984e+00	71.5824	1	0
256	3	545.5501	2	0.5511	0.068453	3.010340e+00	3.271312e+02	6.577558e+00	100.0000	1	1
256	0	546.2748	2	0.2841	0.000000	5.139845e+00	9.104243e+02	7.639837e+00	55.4151	1	0
257	1	559.5535	4	0.8676	-0.273703	1.969547e+01	1.973730e+03	2.592916e+01	99.1488	0	1
257	0	560.5699	4	0.6175	0.000000	1.764477e+01	3.501413e+03	2.541605e+01	97.8751	1	0
258	1	561.3362	3	1.5677	-0.182441	1.888436e+01	2.093252e+03	2.463092e+01	90.3905	1	1
258	0	563.0361	3	0.8178	0.000000	1.353591e+01	2.466919e+03	2.965538e+01	85.0415	1	0
259	1	563.9863	2	0.5345	-0.117566	7.036015e+00	6.950314e+02	1.136912e+01	100.0000	1	1
259	0	564.7030	2	0.3177	0.000000	5.294266e+00	9.707624e+02	1.178770e+01	98.4369	1	0
260	1	565.4198	1	0.3845	-0.194587	1.870944e+01	2.211399e+03	2.035641e+01	90.0782	0	1
260	0	566.1366	1	0.2511	0.000000	1.331885e+01	2.386776e+03	1.607010e+01	55.0664	1	0
261	1	566.7867	4	0.6180	-0.187254	1.107845e+01	1.223558e+03	1.821078e+01	96.4423	1	1
261	0	567.5534	4	0.5679	0.000000	8.898818e+00	1.749327e+03	1.113165e+01	53.5379	1	0
262	1	568.2703	3	0.5678	-0.380964	1.233515e+01	1.155574e+03	3.566079e+01	100.0000	0	1
262	0	568.9871	3	0.8346	0.000000	2.220998e+01	4.130987e+03	3.072135e+01	50.7219	1	0
263	1	569.9705	1	0.5512	-0.254861	1.432725e+01	1.554383e+03	2.437236e+01	100.0000	0	1
263	0	570.6873	1	0.4012	0.000000	1.785597e+01	4.006681e+03	2.030096e+01	51.9377	1	0
264	1	571.3329	2	0.6342	-0.047333	4.211708e+00	4.429776e+02	9.765665e+00	9.8553	1	1
264	0	572.1042	2	0.3678	0.000000	7.172376e+00	1.305336e+03	1.171280e+01	77.2225	1	0
265	1	572.8210	1	0.5178	-0.103525	6.503109e+00	7.532507e+02	1.012164e+01	100.0000	1	1
265	0	573.5378	1	0.4344	0.000000	1.442194e+01	3.183437e+03	1.605214e+01	65.3818	1	0
266	1	574.2546	2	0.5845	-0.073939	5.206027e+00	5.021497e+02	7.103825e+00	100.0000	1	1
266	0	574.9880	2	0.4512	0.000000	5.780142e+00	1.036817e+03	7.104906e+00	55.0283	1	0
267	1	575.7147	4	0.7342	-0.103627	8.330736e+00	9.283724e+02	1.454885e+01	92.0580	1	1
267	0	576.6050	4	0.5684	0.000000	8.219464e+00	1.495559e+03	2.464414e+01	86.5444	1	0
268	1	577.3216	3	0.6018	-0.087774	4.686876e+00	4.720873e+02	1.117553e+01	2.4656	1	1
268	0	578.0717	3	0.7012	0.000000	7.857448e+00	1.430442e+03	9.989546e+00	81.7234	1	0
269	1	578.9220	4	0.6178	-0.174216	4.877141e+00	4.592485e+02	1.677510e+01	99.1316	1	1
269	0	579.6719	4	0.4845	0.000000	9.189844e+00	1.677133e+03	1.381734e+01	84.2086	1	0
270	1	580.3965	2	0.5343	-0.000000	5.028892e+00	5.734823e+02	9.921722e+00	16.1192	1	1
270	0	581.1130	2	0.2677	0.000000	1.084919e+00	1.941634e+02	5.279892e+00	90.3503	1	0
271	1	581.8294	1	1.6341	0.042755	5.217385e+00	7.417196e+02	1.453883e+01	6.2582	1	1
271	0	583.6122	1	0.3848	0.000000	6.975304e+00	1.260444e+03	1.340607e+01	83.5419	1	0
272	1	584.3286	3	0.6675	-0.226799	9.946778e+00	1.010042e+03	2.195483e+01	93.7224	0	1
272	0	585.1282	3	0.7511	0.000000	1.433428e+01	2.695133e+03	1.949306e+01	86.1095	1	0
