Trial	Type	Onset	Target #	Time to Target	Endpoint Error	Est. Avg. Error Mag	Accum. Error x dMagProj	Max Error Mag.	Max Error Pos. (% of trajectory)	Feedback	Target (1)/Return (0)
1	1	0.5319	4	2.4352	0.042755	3.653925e+00	3.543231e+02	6.092871e+00	98.8367	1	1
1	0	3.1233	4	0.8512	0.000000	2.791662e+00	4.892527e+02	5.581679e+00	67.7567	1	0
2	1	4.1325	1	1.0513	-0.055645	7.311342e+00	7.806582e+02	1.354857e+01	85.9779	1	1
2	0	5.3392	1	0.6009	0.000000	5.529210e+00	1.033691e+03	9.263246e+00	82.4459	1	0
3	1	6.0889	2	1.6675	0.013297	6.399553e+00	6.982304e+02	1.233974e+01	91.2637	1	1
3	0	7.9050	2	0.4511	0.000000	1.455693e+00	2.696645e+02	1.780553e+00	55.3442	1	0
4	1	8.6214	3	1.9171	0.013297	1.480095e+00	2.491646e+02	7.483884e+00	0.8891	1	1
4	0	10.6707	3	0.9008	0.000000	3.811902e+00	6.865730e+02	1.078341e+01	88.1178	1	0
5	1	11.7036	4	2.3003	-0.034745	3.925132e+00	3.849582e+02	7.354765e+00	96.9463	1	1
5	0	14.1363	4	0.9173	0.000000	6.587883e+00	1.151585e+03	1.478360e+01	62.8085	1	0
6	1	15.1859	1	1.3339	-0.063743	4.727599e+00	4.977838e+02	1.059120e+01	84.7784	1	1
6	0	16.6686	1	0.6346	0.000000	7.401326e+00	1.368283e+03	1.438229e+01	75.8939	1	0
7	1	17.4518	3	1.8174	0.045423	6.089214e+00	6.983774e+02	1.290453e+01	54.2550	1	1
7	0	19.4181	3	0.9679	0.000000	3.506309e+00	6.362822e+02	7.442306e+00	92.4261	1	0
8	1	20.5182	2	1.1513	-0.010666	5.825108e+00	6.060186e+02	1.022209e+01	56.7136	1	1
8	0	21.8184	2	0.5513	0.000000	9.051210e-01	1.596090e+02	1.271354e+00	88.7353	1	0
9	1	22.5353	3	1.6520	0.010666	1.591883e+00	1.545349e+02	1.035382e+01	1.3007	1	1
9	0	24.3356	3	0.9013	0.000000	2.474393e+00	4.450151e+02	6.523343e+00	89.2687	1	0
10	1	25.3857	2	1.3179	0.010610	6.393795e+00	6.654934e+02	1.356878e+01	48.5973	1	1
10	0	26.8360	2	0.5178	0.000000	1.038137e+00	1.844477e+02	2.023435e+00	100.0000	1	0
11	1	27.5527	4	2.2683	0.018714	3.454276e+00	4.095634e+02	9.359246e+00	92.9183	1	1
11	0	29.9698	4	0.6844	0.000000	2.019856e+00	3.586288e+02	3.745637e+00	100.0000	1	0
12	1	30.7865	1	1.2679	-0.005305	7.478586e+00	7.388158e+02	1.384554e+01	60.7294	1	1
12	0	32.1867	1	0.7180	0.000000	2.672285e+00	4.720672e+02	9.064268e+00	75.4301	1	0
13	1	33.0535	3	1.7347	0.026732	3.314477e+00	4.108031e+02	5.490076e+00	45.6094	1	1
13	0	34.9371	3	0.9179	0.000000	8.782170e-01	1.567289e+02	4.825668e+00	63.6614	1	0
14	1	35.9955	4	1.8343	-0.010638	1.041331e+00	1.069463e+02	5.545547e+00	0.7363	1	1
14	0	37.9782	4	0.9344	0.000000	3.775774e+00	6.649230e+02	1.058820e+01	66.2340	1	0
15	1	39.0611	2	1.3173	-0.066746	3.641790e+00	4.614778e+02	6.597298e+00	97.1687	1	1
15	0	40.5106	2	0.5343	0.000000	6.138552e+00	1.127307e+03	6.347568e+00	55.3044	1	0
16	1	41.2271	1	1.2511	0.002674	1.475971e+00	1.574867e+02	1.073205e+01	4.6476	1	1
16	0	42.6266	1	0.7179	0.000000	1.322734e+00	2.419760e+02	3.802106e+00	86.5086	1	0
17	3	56.0404	3	2.1514	0.012220	1.050178e+01	1.732358e+03	2.702225e+01	61.2587	1	1
17	0	58.3241	3	0.9179	0.000000	2.691214e+00	4.841269e+02	1.109199e+01	88.9658	1	0
18	3	59.3909	2	1.1346	0.024252	1.076506e+01	1.047126e+03	2.231504e+01	70.2808	1	1
18	0	60.6577	2	0.7345	0.000000	5.788928e+00	1.009629e+03	1.579309e+01	82.0141	1	0
19	3	61.5245	4	2.5015	0.032532	5.562816e+00	7.035256e+02	1.140550e+01	43.1962	1	1
19	0	64.1583	4	1.1512	0.000000	4.362533e+00	7.782918e+02	1.103539e+01	92.5891	1	0
20	3	65.4418	1	1.6013	0.073914	5.592030e+00	5.655305e+02	1.299150e+01	2.4674	1	1
20	0	67.1755	1	0.9682	0.000000	7.683358e+00	1.347619e+03	2.220802e+01	86.6217	1	0
21	3	68.2922	2	2.0848	-0.030433	5.467506e+00	7.141327e+02	1.659450e+01	1.9590	1	1
21	0	70.5338	2	0.6845	0.000000	7.203649e+00	1.257019e+03	2.052743e+01	78.0964	1	0
22	3	71.3670	4	1.9835	0.018091	7.648043e+00	8.926686e+02	1.329726e+01	42.9483	1	1
22	0	73.4829	4	1.1507	0.000000	3.572795e+00	6.390048e+02	9.593221e+00	93.9393	1	0
23	3	74.7825	1	1.7000	0.057814	1.065598e+01	1.093386e+03	2.210502e+01	46.2101	1	1
23	0	76.6313	1	1.1173	0.000000	7.256469e+00	1.313950e+03	2.190651e+01	86.6530	1	0
24	3	77.8809	3	3.0003	0.018091	9.985626e+00	1.294041e+03	2.373398e+01	48.6197	1	1
24	0	81.0131	3	1.2344	0.000000	2.703429e+00	4.920629e+02	7.975019e+00	81.5177	1	0
25	3	82.3959	1	1.6505	0.026315	1.011678e+01	1.171608e+03	1.539351e+01	54.5228	1	1
25	0	84.1953	1	0.7677	0.000000	6.902184e+00	1.210227e+03	2.342722e+01	85.3332	1	0
26	3	85.1116	3	2.4678	0.007041	8.168137e+00	9.824930e+02	1.588923e+01	55.2639	1	1
26	0	87.7280	3	1.1015	0.000000	2.863492e+00	5.098766e+02	6.126382e+00	91.4399	1	0
27	3	88.9615	2	1.4519	0.046325	4.299507e+00	4.363456e+02	1.535998e+01	2.1806	1	1
27	0	90.5457	2	0.9345	0.000000	6.649117e+00	1.243056e+03	1.980501e+01	77.6384	1	0
28	3	91.6291	4	2.1181	0.049313	4.644574e+00	5.315206e+02	8.049891e+00	72.9847	1	1
28	0	93.8961	4	1.1346	0.000000	3.994763e+00	7.106111e+02	5.976649e+00	98.3421	1	0
29	3	95.1631	3	2.2514	0.033641	1.189221e+01	1.199031e+03	1.819176e+01	67.9482	1	1
29	0	97.5467	3	0.9678	0.000000	3.688995e+00	6.560483e+02	8.101397e+00	61.2554	1	0
30	3	98.6469	2	1.7847	0.085947	5.627336e+00	5.826207e+02	1.116413e+01	4.7788	1	1
30	0	100.5806	2	0.6345	0.000000	6.415221e+00	1.160312e+03	8.976227e+00	55.0547	1	0
31	3	101.3640	1	2.2681	0.062081	7.098665e+00	7.016480e+02	1.650930e+01	68.9410	1	1
31	0	103.7893	1	1.0011	0.000000	5.872350e+00	1.084110e+03	7.330706e+00	90.6299	1	0
32	3	104.9384	4	1.9004	0.024438	6.538240e+00	6.433455e+02	8.919565e+00	16.9666	1	1
32	0	106.9710	4	1.1008	0.000000	3.202072e+00	5.749193e+02	4.409931e+00	61.3221	1	0
33	3	108.2206	2	1.5677	-0.012890	4.838730e+00	5.677011e+02	8.115981e+00	52.0260	1	1
33	0	109.9366	2	0.4846	0.000000	3.049922e+00	5.373510e+02	9.191820e+00	87.3524	1	0
34	3	110.6532	1	2.3507	0.022194	6.725868e+00	6.502173e+02	1.399366e+01	52.1796	1	1
34	0	113.1522	1	1.0677	0.000000	5.322057e+00	9.640870e+02	1.725454e+01	81.1573	1	0
35	3	114.3685	4	1.9337	0.023509	3.397510e+00	3.318791e+02	1.013944e+01	2.5050	1	1
35	0	116.4512	4	0.8841	0.000000	1.957082e+00	3.581217e+02	6.321060e+00	97.2155	1	0
36	3	117.4675	3	2.4834	0.072868	9.203884e+00	9.479164e+02	2.259674e+01	41.9161	1	1
36	0	120.0834	3	1.2177	0.000000	4.942894e+00	8.800186e+02	6.761965e+00	83.1111	1	0
37	3	121.4332	2	1.4518	-0.000142	3.766014e+00	3.965098e+02	1.268574e+01	0.8881	1	1
37	0	123.0673	2	0.6679	0.000000	4.561770e+00	8.205375e+02	1.560391e+01	81.5970	1	0
38	3	123.8840	1	1.7013	0.043164	4.364210e+00	4.335981e+02	1.195692e+01	0.0260	1	1
38	0	125.7344	1	0.7844	0.000000	4.655060e+00	8.491429e+02	7.438038e+00	83.1810	1	0
39	3	126.6512	3	2.6849	-0.004973	8.399786e+00	1.070487e+03	2.142790e+01	38.5900	1	1
39	0	129.4849	3	1.3513	0.000000	3.941500e+00	7.059819e+02	6.242418e+00	60.0006	1	0
40	3	130.9852	4	2.0846	0.013110	8.222370e+00	9.345772e+02	2.128950e+01	31.7052	1	1
40	0	133.2022	4	1.0347	0.000000	2.560676e+00	4.519601e+02	5.625736e+00	86.2530	1	0
41	3	134.3857	2	1.7513	0.021469	1.897807e+00	2.294456e+02	4.379916e+00	78.2307	1	1
41	0	136.2693	2	0.7678	0.000000	4.275647e+00	7.857344e+02	1.448849e+01	76.0766	1	0
42	3	137.1861	3	2.5681	-0.002145	8.006643e+00	8.094356e+02	1.912833e+01	27.6921	1	1
42	0	139.9105	3	1.5005	0.000000	2.293010e+00	4.157873e+02	8.520963e+00	60.7989	1	0
43	3	141.5432	4	2.1338	0.037181	5.857057e+00	6.455258e+02	1.655230e+01	29.7165	1	1
43	0	143.8257	4	0.9507	0.000000	2.562547e+00	4.622140e+02	4.670387e+00	92.6880	1	0
44	3	144.9088	1	1.6505	0.063156	4.339981e+00	4.449563e+02	1.235052e+01	1.6494	1	1
44	0	146.6916	1	0.9339	0.000000	4.985211e+00	9.187151e+02	7.209639e+00	97.4828	1	0
45	3	147.7578	2	1.5676	-0.023868	3.662889e+00	3.861051e+02	1.446806e+01	2.7490	1	1
45	0	149.4739	2	0.6509	0.000000	7.639663e+00	1.337831e+03	2.190876e+01	83.7773	1	0
46	3	150.2569	1	1.7509	0.047334	5.046185e+00	5.151621e+02	1.394752e+01	2.8443	1	1
46	0	152.1563	1	0.8509	0.000000	4.710277e+00	8.613670e+02	6.764720e+00	55.2232	1	0
47	3	153.1560	3	2.5506	-0.000142	7.591269e+00	9.383812e+02	1.519678e+01	38.9908	1	1
47	0	155.8390	3	1.3513	0.000000	1.725811e+00	3.087307e+02	5.035245e+00	62.8121	1	0
48	3	157.3226	4	1.9847	-0.002982	3.981007e+00	4.221500e+02	1.093835e+01	29.8181	1	1
48	0	159.4562	4	0.9677	0.000000	2.027622e+00	3.571806e+02	4.910624e+00	92.4938	1	0
49	3	160.5731	3	2.0680	0.049370	7.122242e+00	7.032292e+02	1.524645e+01	77.8724	1	1
49	0	162.7734	3	1.2512	0.000000	4.065246e+00	7.118002e+02	5.431626e+00	90.7458	1	0
50	3	164.1569	2	1.1680	-0.044506	5.827708e+00	6.562239e+02	1.497635e+01	0.8891	1	1
50	0	165.4737	2	0.7679	0.000000	6.842015e+00	1.260576e+03	1.677352e+01	76.9698	1	0
51	3	166.3739	4	2.5182	-0.025815	4.028893e+00	4.954390e+02	1.073964e+01	86.7305	1	1
51	0	169.0410	4	1.0179	0.000000	3.706289e+00	6.509943e+02	9.746335e+00	77.0651	1	0
52	3	170.1912	1	2.0347	0.017402	4.118590e+00	4.292003e+02	1.271880e+01	3.4913	1	1
52	0	172.3828	1	0.9678	0.000000	3.375962e+00	5.976968e+02	9.787908e+00	87.1169	1	0
53	3	173.4993	4	1.9170	-0.004312	1.692608e+00	1.674294e+02	1.053255e+01	2.9877	1	1
53	0	175.5484	4	1.0174	0.000000	1.299130e+00	2.302886e+02	3.359670e+00	59.1661	1	0
54	3	176.7147	3	1.9338	0.047267	6.867584e+00	7.159976e+02	1.373180e+01	37.4794	1	1
54	0	178.7807	3	1.4006	0.000000	5.153786e+00	9.399697e+02	1.325242e+01	64.1393	1	0
55	3	180.3136	2	1.2840	0.021469	4.019601e+00	4.269757e+02	1.340192e+01	3.7855	1	1
55	0	181.7298	2	0.6342	0.000000	3.163887e+00	5.503444e+02	6.266135e+00	100.0000	1	0
56	3	182.5128	1	1.5838	0.021268	6.050067e+00	6.480313e+02	1.400564e+01	74.2349	1	1
56	0	184.2289	1	0.6174	0.000000	4.891439e+00	8.631953e+02	1.393422e+01	88.9531	1	0
57	3	184.9787	3	2.0836	0.046181	6.559935e+00	7.642137e+02	1.634809e+01	42.9317	1	1
57	0	187.1947	3	1.2338	0.000000	3.898915e+00	7.014016e+02	8.967549e+00	95.5602	1	0
58	3	188.5610	4	2.4677	-0.027177	3.820291e+00	4.644012e+02	1.292908e+01	0.8929	1	1
58	0	191.1611	4	1.0346	0.000000	3.907433e+00	7.010370e+02	6.251649e+00	66.3110	1	0
59	3	192.3445	1	1.5514	0.065299	3.601603e+00	3.682837e+02	9.607365e+00	1.0513	1	1
59	0	194.0448	1	1.0179	0.000000	6.027351e+00	1.108976e+03	8.373426e+00	79.7367	1	0
60	3	195.1950	2	1.8012	-0.043986	5.135629e+00	5.841778e+02	1.246999e+01	6.5065	1	1
60	0	197.1286	2	0.6180	0.000000	3.468204e+00	6.483932e+02	1.047278e+01	68.1294	1	0
61	3	197.8954	3	2.2514	0.050397	6.783349e+00	7.164045e+02	1.616116e+01	27.7580	1	1
61	0	200.2791	3	1.2013	0.000000	4.341536e+00	7.776216e+02	1.229352e+01	60.6754	1	0
62	3	201.6126	4	2.0682	-0.019919	2.800297e+00	3.167716e+02	1.007835e+01	3.6029	1	1
62	0	203.8296	4	1.0847	0.000000	2.468300e+00	4.376549e+02	6.464612e+00	70.6078	1	0
63	3	205.0632	2	1.6179	0.016046	1.609925e+00	1.857593e+02	4.424479e+00	14.5059	1	1
63	0	206.8380	2	0.5508	0.000000	6.479779e+00	1.184163e+03	1.534020e+01	72.5642	1	0
64	3	207.5543	1	1.8005	0.050498	3.884097e+00	3.944232e+02	1.601984e+01	0.4846	1	1
64	0	209.4870	1	0.7846	0.000000	4.634915e+00	8.487359e+02	6.913172e+00	62.2780	1	0
65	1	222.9826	2	1.1847	-0.144867	9.257061e+00	9.751283e+02	1.384561e+01	100.0000	1	1
65	0	224.2994	2	0.8679	0.000000	1.068161e+01	2.006087e+03	1.360860e+01	52.4666	1	0
66	1	225.2997	3	2.1346	-0.005333	6.246280e+00	6.693837e+02	1.264462e+01	9.4481	1	1
66	0	227.5666	3	1.4680	0.000000	4.255431e+00	7.649955e+02	1.153388e+01	72.7325	1	0
67	1	229.1669	1	1.2846	-0.007936	2.557261e+00	3.198612e+02	4.550192e+00	54.8086	1	1
67	0	230.6005	1	0.6010	0.000000	4.307931e-01	7.858752e+01	2.535799e+00	93.4979	1	0
68	1	231.3338	4	2.5515	-0.095707	7.905821e+00	8.063649e+02	1.449206e+01	0.4985	1	1
68	0	234.0176	4	1.2514	0.000000	9.037366e+00	1.609725e+03	1.253372e+01	87.8257	1	0
69	1	235.4178	3	2.2515	0.000000	3.098135e+00	3.157704e+02	1.086066e+01	3.5519	1	1
69	0	237.8014	3	1.2014	0.000000	4.438608e+00	7.943872e+02	1.706092e+01	70.9349	1	0
70	1	239.1352	4	2.4513	-0.077385	5.654347e+00	5.649807e+02	1.262110e+01	57.7677	1	1
70	0	241.7429	4	1.0840	0.000000	1.124287e+01	1.993294e+03	1.626728e+01	58.7189	1	0
71	1	242.9591	1	1.4512	-0.023868	1.142919e+01	1.123750e+03	1.884105e+01	60.2240	1	1
71	0	244.5585	1	1.1677	0.000000	1.465276e+00	2.680652e+02	4.320913e+00	55.4073	1	0
72	1	245.8749	2	2.5836	0.013368	8.641536e+00	9.381138e+02	1.956880e+01	52.4551	1	1
72	0	248.5906	2	1.1172	0.000000	4.636966e+00	8.205304e+02	1.248427e+01	74.5741	1	0
73	1	249.8402	1	2.0507	0.005305	2.163712e+00	2.115388e+02	1.339779e+01	1.5514	1	1
73	0	252.0394	1	1.0176	0.000000	1.794382e+00	3.275102e+02	5.569830e+00	79.7413	1	0
74	1	253.2724	3	2.3163	0.005333	1.164350e+00	1.418961e+02	3.292013e+00	49.7686	1	1
74	0	255.7209	3	1.6843	0.000000	1.306501e+00	2.350345e+02	8.349321e+00	66.1518	1	0
75	1	257.5540	4	2.0680	-0.050355	2.687874e+00	2.878087e+02	9.942699e+00	2.9442	1	1
75	0	259.7542	4	1.0686	0.000000	8.044628e+00	1.435617e+03	9.118939e+00	54.7894	1	0
76	1	260.9550	2	1.5350	-0.063913	7.416254e+00	8.906016e+02	7.882397e+00	14.1058	1	1
76	0	262.6387	2	0.6178	0.000000	1.722596e+00	3.106818e+02	2.034801e+00	55.2822	1	0
77	1	263.4055	3	1.8013	-0.005333	1.109130e+00	1.061112e+02	1.293484e+01	1.0604	1	1
77	0	265.3558	3	1.3346	0.000000	1.255781e+00	2.220982e+02	5.024160e+00	92.9966	1	0
78	1	266.8226	1	1.5514	0.021273	1.091471e+00	1.257819e+02	3.554708e+00	66.3673	1	1
78	0	268.5230	1	0.7845	0.000000	3.138081e+00	5.796546e+02	5.841623e+00	55.4572	1	0
79	1	269.4397	2	1.4346	-0.021273	2.563349e+00	2.466549e+02	1.091538e+01	2.5781	1	1
79	0	271.0067	2	0.5512	0.000000	3.527280e+00	6.573727e+02	5.334577e+00	56.5499	1	0
80	1	271.7328	4	2.2163	-0.015999	1.936915e+00	2.240279e+02	3.525848e+00	17.0925	1	1
80	0	274.0815	4	1.0507	0.000000	3.359101e+00	5.869268e+02	8.068896e+00	76.7341	1	0
81	3	287.8107	2	2.1833	0.047334	9.692346e+00	1.099855e+03	2.311496e+01	1.4911	1	1
81	0	290.1426	2	0.9341	0.000000	5.288480e+00	9.740551e+02	1.269215e+01	79.1429	1	0
82	3	291.2092	1	1.8345	0.038790	8.235819e+00	7.918632e+02	1.517161e+01	52.1820	1	1
82	0	293.1761	1	0.9017	0.000000	5.632086e+00	1.031606e+03	8.306108e+00	85.3490	1	0
83	3	294.2101	3	2.2347	0.005894	8.815131e+00	1.081236e+03	1.830712e+01	45.3756	1	1
83	0	296.5771	3	1.1680	0.000000	3.471832e+00	6.255354e+02	8.976945e+00	67.4845	1	0
84	3	297.8941	4	2.1680	0.015143	7.031474e+00	7.285352e+02	2.136418e+01	40.2139	1	1
84	0	300.1943	4	1.4681	0.000000	2.133939e+00	3.741722e+02	4.903221e+00	64.6484	1	0
85	3	301.8113	1	1.7181	0.059951	5.032410e+00	5.202290e+02	1.170493e+01	2.3622	1	1
85	0	303.6782	1	1.1679	0.000000	6.383530e+00	1.175096e+03	8.804801e+00	85.0891	1	0
86	3	304.9785	2	2.2847	0.058885	7.182694e+00	9.107296e+02	1.403105e+01	6.1094	1	1
86	0	307.4041	2	0.6841	0.000000	2.750508e+00	4.799929e+02	6.449891e+00	78.3154	1	0
87	3	308.2290	4	2.0847	0.013110	4.926434e+00	6.035660e+02	1.194042e+01	46.4191	1	1
87	0	310.4531	4	1.2339	0.000000	1.140824e+00	1.993939e+02	4.661267e+00	60.9129	1	0
88	3	311.8359	3	2.1332	0.045090	7.625317e+00	7.471809e+02	1.293832e+01	34.6225	1	1
88	0	314.1012	3	1.3182	0.000000	2.210933e+00	3.868658e+02	4.866855e+00	56.0057	1	0
89	3	315.5682	4	2.0834	-0.002024	3.963761e+00	4.153647e+02	1.312844e+01	1.5534	1	1
89	0	317.8001	4	1.0512	0.000000	2.930275e+00	5.200961e+02	8.389183e+00	92.1756	1	0
90	3	318.9996	1	2.0345	0.041983	7.370440e+00	7.479100e+02	1.477610e+01	40.2426	1	1
90	0	321.1829	1	0.9670	0.000000	4.526032e+00	8.262476e+02	7.106763e+00	90.6347	1	0
91	3	322.2986	3	2.6668	0.002164	6.032978e+00	7.716382e+02	1.395251e+01	39.2583	1	1
91	0	325.1143	3	1.2182	0.000000	1.496894e+00	2.670972e+02	8.530933e+00	72.1546	1	0
92	3	326.4644	2	1.5687	0.044079	2.946768e+00	2.994634e+02	1.754385e+01	0.5819	1	1
92	0	328.1653	2	0.6680	0.000000	4.842372e+00	8.450895e+02	9.567911e+00	72.0950	1	0
93	3	328.9822	4	2.0347	-0.018000	3.170592e+00	3.804003e+02	5.652682e+00	41.8180	1	1
93	0	331.1658	4	1.0846	0.000000	3.472504e+00	6.085640e+02	7.574083e+00	68.7233	1	0
94	3	332.3993	1	2.0681	0.053555	4.207327e+00	4.137820e+02	1.195583e+01	0.1664	1	1
94	0	334.5996	1	1.0513	0.000000	5.606355e+00	1.007347e+03	1.147604e+01	76.2818	1	0
95	3	335.7999	3	2.3183	-0.017603	6.779531e+00	8.061381e+02	1.354973e+01	36.2420	1	1
95	0	338.2669	3	1.3178	0.000000	1.466090e+00	2.675644e+02	1.122020e+01	71.8565	1	0
96	3	339.7171	2	1.1679	0.040886	1.644305e+00	1.595428e+02	1.074875e+01	2.0954	1	1
96	0	341.0173	2	0.6679	0.000000	3.409288e+00	6.046406e+02	9.740739e+00	72.9615	1	0
97	3	341.8342	1	2.1014	0.029815	5.399462e+00	5.466834e+02	1.327511e+01	66.2346	1	1
97	0	344.0917	1	0.8341	0.000000	5.862579e+00	1.048262e+03	1.396825e+01	87.0289	1	0
98	3	345.0580	4	1.8837	0.003877	3.112334e+00	3.151648e+02	9.632416e+00	3.2408	1	1
98	0	347.0908	4	0.8840	0.000000	7.003901e-01	1.234870e+02	1.583960e+00	80.2418	1	0
99	3	348.1070	3	2.8002	0.005894	3.474909e+00	3.482690e+02	8.291741e+00	53.2869	1	1
99	0	351.0394	3	1.2177	0.000000	1.609901e+00	2.783593e+02	7.887054e+00	68.3679	1	0
100	3	352.4055	2	1.5840	0.036822	4.126219e+00	4.005946e+02	1.267191e+01	1.1401	1	1
100	0	354.1385	2	0.7843	0.000000	3.634731e+00	6.742662e+02	6.054682e+00	69.4928	1	0
101	3	355.0547	4	2.1840	0.005894	6.136167e+00	7.942197e+02	1.263340e+01	49.2517	1	1
101	0	357.3706	4	0.8345	0.000000	1.100365e+00	1.942676e+02	2.554272e+00	80.8705	1	0
102	3	358.3536	1	1.6344	0.045090	2.684722e+00	2.667654e+02	9.149272e+00	0.4139	1	1
102	0	360.1369	1	1.0012	0.000000	5.630551e+00	1.032486e+03	7.292366e+00	55.0735	1	0
103	3	361.2872	2	2.2014	0.013110	4.133573e+00	4.798509e+02	1.488445e+01	7.1548	1	1
103	0	363.6375	2	0.7345	0.000000	2.058553e+00	3.769466e+02	5.692060e+00	85.1098	1	0
104	3	364.5710	3	2.6182	-0.006959	4.729940e+00	5.065332e+02	1.343712e+01	1.0419	1	1
104	0	367.3380	3	1.3013	0.000000	1.456042e+00	2.603385e+02	5.259118e+00	64.8351	1	0
105	3	368.7716	4	3.2024	-0.008125	2.674913e+00	3.040078e+02	1.484332e+01	1.9615	1	1
105	0	372.1220	4	1.1347	0.000000	2.641274e+00	4.637310e+02	6.814767e+00	87.9916	1	0
106	3	373.4056	2	1.9347	0.034613	2.054810e+00	2.459674e+02	4.863024e+00	92.4731	1	1
106	0	375.4725	2	0.8679	0.000000	5.138954e+00	9.778069e+02	9.507214e+00	70.1972	1	0
107	3	376.4727	3	2.6848	-0.000987	7.714293e+00	8.668193e+02	1.913520e+01	32.2943	1	1
107	0	379.2964	3	1.6173	0.000000	1.328990e+00	2.380144e+02	4.848741e+00	75.8317	1	0
108	3	381.0459	1	2.7005	0.020347	4.563277e+00	5.779944e+02	1.512566e+01	33.5255	1	1
108	0	383.8784	1	1.2672	0.000000	2.467048e+00	4.407302e+02	9.001741e+00	96.1089	1	0
109	3	385.2778	2	2.0507	-0.042614	4.812890e+00	4.973732e+02	1.717521e+01	2.0024	1	1
109	0	387.4772	2	1.0507	0.000000	5.411463e+00	1.037464e+03	1.214062e+01	62.3793	1	0
110	3	388.6601	1	2.2671	0.029657	4.477138e+00	4.362675e+02	1.244902e+01	0.6626	1	1
110	0	391.0593	1	1.1178	0.000000	3.126184e+00	5.460180e+02	6.880809e+00	98.1181	1	0
111	3	392.3255	3	2.7845	0.001865	4.163194e+00	5.210720e+02	1.024139e+01	38.9414	1	1
111	0	395.2424	3	1.4513	0.000000	2.236293e+00	3.979318e+02	9.151687e+00	58.2094	1	0
112	3	396.8259	4	2.6014	-0.008125	3.068041e+00	3.086058e+02	1.576362e+01	0.5406	1	1
112	0	399.5763	4	1.2512	0.000000	2.795932e+00	4.883225e+02	7.130600e+00	89.0808	1	0
113	3	400.9766	1	2.3514	0.039996	3.775120e+00	3.695248e+02	1.500446e+01	0.4083	1	1
113	0	403.4602	1	1.2513	0.000000	4.197454e+00	7.695075e+02	8.192206e+00	61.0310	1	0
114	3	404.8605	4	2.1680	0.003018	2.698918e+00	2.725323e+02	1.358284e+01	7.9407	1	1
114	0	407.1608	4	1.2012	0.000000	1.514077e+00	2.712124e+02	7.595039e+00	100.0000	1	0
115	3	408.4944	2	1.8847	0.030609	3.660651e+00	4.455667e+02	8.296731e+00	10.7745	1	1
115	0	410.5361	2	0.8007	0.000000	3.249048e+00	5.757088e+02	5.213218e+00	68.2121	1	0
116	3	411.4692	3	2.7007	0.026315	6.765353e+00	7.821992e+02	1.192652e+01	36.6697	1	1
116	0	414.3181	3	1.5505	0.000000	3.131931e+00	5.561161e+02	5.548317e+00	59.1152	1	0
117	3	416.0009	1	2.7835	0.014007	5.689919e+00	7.057148e+02	1.636442e+01	39.6125	1	1
117	0	418.9333	1	1.0176	0.000000	3.991713e+00	7.158360e+02	1.150491e+01	74.9148	1	0
118	3	420.0995	2	1.8002	-0.002982	2.911254e+00	3.057331e+02	1.259710e+01	2.9584	1	1
118	0	422.0316	2	0.8344	0.000000	4.951576e+00	9.003832e+02	1.270090e+01	69.3849	1	0
119	3	422.9980	4	2.3172	-0.002145	2.372306e+00	2.739845e+02	7.257015e+00	84.9491	1	1
119	0	425.4638	4	1.1007	0.000000	1.643099e+00	2.889135e+02	4.883971e+00	97.2585	1	0
120	3	426.6967	3	2.9681	-0.018000	5.016633e+00	5.575845e+02	1.563254e+01	94.5963	1	1
120	0	429.8643	3	1.6347	0.000000	2.732132e+00	4.777859e+02	8.823750e+00	66.9321	1	0
121	3	431.6312	1	2.3682	0.044079	3.135235e+00	3.743535e+02	1.165448e+01	29.1873	1	1
121	0	434.1483	1	1.1180	0.000000	5.077095e+00	9.328041e+02	1.205370e+01	56.1739	1	0
122	3	435.4151	4	2.1015	0.016046	3.647124e+00	3.597136e+02	1.267091e+01	3.8546	1	1
122	0	437.6988	4	0.9846	0.000000	1.671048e+00	2.924211e+02	2.551016e+00	88.6992	1	0
123	3	438.8156	2	2.1348	0.036943	2.840613e+00	3.280944e+02	9.879378e+00	86.2985	1	1
123	0	441.0993	2	0.7011	0.000000	4.109003e+00	7.648578e+02	8.887856e+00	95.4277	1	0
124	3	441.9328	3	2.3347	0.021268	6.415297e+00	6.835657e+02	1.521324e+01	4.7332	1	1
124	0	444.3999	3	1.4680	0.000000	2.740211e+00	4.965491e+02	7.658724e+00	59.8003	1	0
125	3	446.0241	1	1.9835	0.081569	4.881764e+00	6.142974e+02	1.130265e+01	53.5111	1	1
125	0	448.1561	1	1.1341	0.000000	6.974609e+00	1.281551e+03	8.767778e+00	54.2029	1	0
126	3	449.4224	2	2.3004	0.024438	6.287405e+00	7.235224e+02	1.433707e+01	5.7140	1	1
126	0	451.8550	2	0.9678	0.000000	3.550760e+00	6.276710e+02	6.743384e+00	71.9281	1	0
127	3	452.9712	4	2.5340	0.020140	7.146597e+00	8.929425e+02	1.651834e+01	43.3785	1	1
127	0	455.6536	4	1.3176	0.000000	2.456586e+00	4.323873e+02	3.971707e+00	62.1451	1	0
128	3	457.1198	3	2.9504	-0.010918	4.375310e+00	4.247109e+02	1.309191e+01	1.9566	1	1
128	0	460.2021	3	1.9848	0.000000	2.356693e+00	4.188222e+02	7.391333e+00	84.9532	1	0
129	1	474.8711	3	2.2348	0.018566	3.785778e+00	7.506971e+02	7.761444e+00	30.7227	1	1
129	0	477.2470	3	1.2010	0.000000	3.996526e+00	7.118743e+02	5.566692e+00	80.8059	1	0
130	1	478.5965	2	1.4169	0.015706	3.877347e+00	3.888616e+02	1.726956e+01	1.0129	1	1
130	0	480.1454	2	0.6345	0.000000	1.589346e+00	2.958188e+02	2.793337e+00	85.6059	1	0
131	1	480.9284	1	1.6672	-0.005263	2.840794e+00	2.842593e+02	1.350810e+01	2.4999	1	1
131	0	482.7279	1	0.7013	0.000000	1.926094e+00	3.567856e+02	7.240010e+00	89.6525	1	0
132	1	483.5776	4	2.3335	-0.029325	6.724844e+00	6.924162e+02	1.235457e+01	44.7789	1	1
132	0	486.0434	4	1.2012	0.000000	3.638287e+00	6.389027e+02	6.838897e+00	69.4049	1	0
133	1	487.3770	2	1.5335	-0.058756	9.594015e+00	1.183136e+03	1.484270e+01	73.1285	1	1
133	0	489.0591	2	1.0014	0.000000	5.748412e+00	1.029609e+03	1.404540e+01	78.8260	1	0
134	1	490.1926	1	1.9669	-0.002674	6.587623e+00	6.946565e+02	1.103915e+01	71.4174	1	1
134	0	492.3079	1	0.8185	0.000000	1.525217e+00	2.651020e+02	4.572206e+00	63.8601	1	0
135	1	493.2748	4	3.8836	-0.029325	6.144987e+00	7.031197e+02	2.684727e+01	69.9521	1	1
135	0	497.3074	4	1.4022	0.000000	4.152075e+00	7.244107e+02	6.325278e+00	76.8139	1	0
136	1	498.8581	3	2.1347	0.026660	3.997320e+00	3.972831e+02	1.089231e+01	1.0195	1	1
136	0	501.1251	3	1.3514	0.000000	4.380448e+00	7.899526e+02	1.208862e+01	63.9068	1	0
137	1	502.6088	2	1.7680	0.023868	3.445013e+00	3.590606e+02	1.448655e+01	3.7693	1	1
137	0	504.5257	2	0.8512	0.000000	3.132593e+00	5.592274e+02	5.810160e+00	82.6752	1	0
138	1	505.5092	4	2.7349	-0.026589	7.413256e+00	9.219587e+02	2.063825e+01	54.1377	1	1
138	0	508.3929	4	1.3181	0.000000	9.003587e+00	1.582101e+03	1.052882e+01	76.3010	1	0
139	1	509.8599	1	1.5680	0.005305	1.752497e+00	1.796403e+02	1.491804e+01	3.1532	1	1
139	0	511.5601	1	1.0346	0.000000	3.465484e-01	6.119164e+01	1.523112e+00	97.8673	1	0
140	1	512.7350	3	1.6338	0.023995	5.588142e-01	6.111157e+01	2.797122e+00	96.2639	1	1
140	0	514.5011	3	1.2674	0.000000	1.314777e+00	2.356647e+02	5.410048e+00	98.7520	1	0
141	1	515.9007	4	4.0834	-0.058756	4.670723e+00	5.728527e+02	2.597932e+01	85.7425	1	1
141	0	520.1326	4	1.2342	0.000000	5.372565e+00	9.516237e+02	7.104229e+00	55.5828	1	0
142	1	521.4987	2	1.8841	-0.018714	4.673897e+00	5.554426e+02	8.957536e+00	55.3351	1	1
142	0	523.5314	2	0.5844	0.000000	3.101240e+00	5.800132e+02	8.826334e+00	92.5915	1	0
143	1	524.2477	1	1.4012	0.002660	3.644998e+00	4.001532e+02	1.253676e+01	7.0881	1	1
143	0	525.7974	1	0.6008	0.000000	5.537739e-01	1.014387e+02	2.795155e+00	78.7840	1	0
144	1	526.5470	3	1.6005	0.015999	2.261703e+00	2.652182e+02	4.228067e+00	35.4104	1	1
144	0	528.2798	3	1.4012	0.000000	1.182606e+00	2.106868e+02	3.050280e+00	69.0184	1	0
145	3	542.3649	1	1.9513	0.057848	2.702630e+01	2.810164e+03	3.708150e+01	57.0317	1	1
145	0	544.4486	1	0.9345	0.000000	4.316409e+00	7.862623e+02	6.792035e+00	91.9649	1	0
146	3	545.5320	2	1.5346	0.043075	4.532387e+00	4.944686e+02	1.412407e+01	1.7088	1	1
146	0	547.1990	2	0.7012	0.000000	3.678650e+00	6.474034e+02	7.276131e+00	92.3604	1	0
147	3	548.0565	4	1.8337	0.009322	3.597672e+00	4.440124e+02	9.136568e+00	28.8556	1	1
147	0	550.0225	4	0.9508	0.000000	1.849961e+00	3.262608e+02	5.132352e+00	92.5470	1	0
148	3	551.1221	3	2.2337	0.046181	4.698013e+00	4.525859e+02	1.213683e+01	2.9529	1	1
148	0	553.5046	3	1.0507	0.000000	2.729748e+00	4.871739e+02	4.093815e+00	100.0000	1	0
149	3	554.7043	4	2.2169	-0.000987	4.242138e+00	4.669829e+02	1.135700e+01	6.1628	1	1
149	0	557.0701	4	1.1174	0.000000	3.144949e+00	5.523146e+02	8.826297e+00	83.1706	1	0
150	3	558.3197	1	1.8005	0.038790	4.560287e+00	4.646164e+02	1.434945e+01	2.2187	1	1
150	0	560.2690	1	0.8845	0.000000	3.440933e+00	6.182545e+02	5.104678e+00	54.8633	1	0
151	3	561.3020	3	2.4338	-0.025381	5.875245e+00	7.210197e+02	1.912833e+01	40.0354	1	1
151	0	563.8682	3	1.0847	0.000000	3.254749e+00	5.750071e+02	5.891271e+00	80.9732	1	0
152	3	565.1016	2	1.7847	0.022391	5.904327e+00	6.442650e+02	1.322896e+01	0.0039	1	1
152	0	567.0186	2	0.8345	0.000000	2.263304e+00	4.153667e+02	4.423286e+00	54.8416	1	0
153	3	567.9854	3	2.1848	0.001013	2.527218e+00	2.624208e+02	1.065015e+01	0.8296	1	1
153	0	570.3192	3	1.1347	0.000000	1.556859e+00	2.780667e+02	5.703235e+00	70.7782	1	0
154	3	571.6027	2	1.5012	0.040886	2.659675e+00	2.909704e+02	7.319762e+00	0.8434	1	1
154	0	573.2362	2	1.0513	0.000000	3.604342e+00	6.701788e+02	6.306618e+00	89.3205	1	0
155	3	574.4365	1	2.1013	0.059951	3.230233e+00	3.128224e+02	1.331540e+01	2.1908	1	1
155	0	576.6701	1	0.8686	0.000000	5.043015e+00	9.211498e+02	7.349463e+00	55.8086	1	0
156	3	577.6868	4	2.3348	-0.000365	2.640777e+00	2.669043e+02	1.492148e+01	1.6085	1	1
156	0	580.1623	4	1.2012	0.000000	1.217471e+00	2.149910e+02	4.844979e+00	91.3850	1	0
157	3	581.5119	2	1.9673	-0.044506	2.982580e+00	3.912373e+02	7.475176e+00	90.8966	1	1
157	0	583.6279	2	0.6175	0.000000	5.682870e+00	1.011785e+03	1.131088e+01	65.5209	1	0
158	3	584.3775	1	1.6838	0.055727	4.457793e+00	4.371087e+02	1.419547e+01	1.2295	1	1
158	0	586.1937	1	0.9011	0.000000	6.216150e+00	1.140828e+03	1.278893e+01	55.7720	1	0
159	3	587.2432	4	2.0170	0.019849	3.135392e+00	3.143078e+02	1.010306e+01	1.2142	1	1
159	0	589.3926	4	1.1173	0.000000	2.405844e+00	4.275693e+02	5.173093e+00	85.4637	1	0
160	3	590.6420	3	2.9337	0.005894	5.431038e+00	5.591754e+02	1.634809e+01	35.4382	1	1
160	0	593.7244	3	1.2837	0.000000	2.057937e+00	3.668609e+02	4.527722e+00	65.5793	1	0
161	3	595.1400	4	2.4837	-0.009844	5.646169e+00	6.126606e+02	1.692746e+01	1.8416	1	1
161	0	597.7561	4	1.1013	0.000000	3.309263e+00	5.825528e+02	7.001729e+00	84.3966	1	0
162	3	599.0062	3	3.2022	-0.028502	5.271304e+00	5.378354e+02	1.453973e+01	22.6622	1	1
162	0	602.3575	3	1.3846	0.000000	1.994198e+00	3.563219e+02	8.028660e+00	76.9462	1	0
163	3	603.8909	1	2.0515	0.013110	4.375418e+00	5.004534e+02	1.508246e+01	42.9800	1	1
163	0	606.0913	1	0.9346	0.000000	1.051480e+00	1.825909e+02	3.454258e+00	92.2529	1	0
164	3	607.1748	2	2.0347	0.033641	6.480276e+00	7.178731e+02	1.443469e+01	1.2502	1	1
164	0	609.3585	2	0.8678	0.000000	5.654006e+00	1.027583e+03	1.151157e+01	72.0766	1	0
165	3	610.3753	3	2.7849	-0.019554	4.604161e+00	4.959202e+02	1.039047e+01	39.9235	1	1
165	0	613.3090	3	1.6015	0.000000	1.234708e+00	2.178219e+02	7.525382e+00	69.4432	1	0
166	3	615.0506	2	1.6841	0.030455	2.297917e+00	2.434960e+02	1.345886e+01	2.5991	1	1
166	0	616.8827	2	0.8177	0.000000	4.434512e+00	8.230270e+02	9.364582e+00	89.0051	1	0
167	3	617.8491	4	2.7500	0.006449	2.982127e+00	3.788177e+02	1.049179e+01	80.6687	1	1
167	0	620.7314	4	1.3011	0.000000	2.564730e+00	4.517783e+02	7.359720e+00	88.7899	1	0
168	3	622.1810	1	2.1336	0.057814	2.862272e+00	2.895187e+02	1.205786e+01	1.9081	1	1
168	0	624.4469	1	0.9007	0.000000	6.088237e+00	1.109350e+03	8.164703e+00	93.8731	1	0
169	3	625.4799	2	2.3169	-0.043130	6.513276e+00	8.403358e+02	1.390951e+01	59.3696	1	1
169	0	627.9457	2	0.8513	0.000000	2.078959e+00	3.862378e+02	7.499534e+00	86.1910	1	0
170	3	628.9454	3	2.5841	0.014007	2.810040e+00	2.907752e+02	1.261936e+01	1.5444	1	1
170	0	631.6779	3	1.4848	0.000000	2.926533e+00	5.228337e+02	8.979428e+00	68.7848	1	0
171	3	633.3116	4	2.8188	-0.006137	2.714754e+00	2.934789e+02	1.263835e+01	1.3323	1	1
171	0	636.2793	4	1.5512	0.000000	4.788286e+00	8.464033e+02	1.801757e+01	94.2817	1	0
172	3	638.2629	1	1.6346	0.066389	4.726831e+00	4.867000e+02	1.061215e+01	58.9012	1	1
172	0	640.0465	1	0.7678	0.000000	4.725342e+00	8.516411e+02	1.036648e+01	97.8685	1	0
173	3	640.9467	3	2.8514	0.030609	5.144067e+00	6.110431e+02	1.305457e+01	33.8555	1	1
173	0	643.9304	3	1.5680	0.000000	1.545470e+00	2.773526e+02	9.001949e+00	64.7681	1	0
174	3	645.6306	4	3.3684	-0.001510	2.369898e+00	2.561253e+02	1.220387e+01	0.3954	1	1
174	0	649.1559	4	1.7334	0.000000	2.543696e+00	4.477655e+02	7.284108e+00	89.2741	1	0
175	3	651.0379	1	1.8671	0.043164	2.768285e+00	2.946427e+02	1.432657e+01	2.1067	1	1
175	0	653.0539	1	0.9008	0.000000	5.426567e+00	9.978766e+02	7.325956e+00	91.1387	1	0
176	3	654.0868	2	2.4668	-0.088554	2.642878e+00	3.344204e+02	1.616490e+01	1.5391	1	1
176	0	656.6860	2	1.0350	0.000000	8.998823e+00	1.586128e+03	1.490446e+01	66.9392	1	0
177	3	657.8695	4	2.4839	-0.008125	1.710804e+00	2.052813e+02	6.209095e+00	80.7603	1	1
177	0	660.5020	4	1.1500	0.000000	3.184113e+00	5.649148e+02	9.802285e+00	95.6985	1	0
178	3	661.8009	1	2.0510	0.056756	2.435678e+00	2.490163e+02	1.330164e+01	3.3589	1	1
178	0	664.0003	1	1.0507	0.000000	3.757460e+00	6.548030e+02	6.309479e+00	80.5217	1	0
179	3	665.1999	2	2.5687	0.003018	3.449447e+00	3.861961e+02	1.490684e+01	1.5674	1	1
179	0	667.9175	2	0.6010	0.000000	2.199092e+00	3.877235e+02	5.651746e+00	76.6123	1	0
180	3	668.6509	3	2.4181	-0.010918	2.824530e+00	2.833849e+02	1.600436e+01	0.8562	1	1
180	0	671.2179	3	1.2513	0.000000	2.483635e+00	4.426614e+02	1.056277e+01	66.2641	1	0
181	3	672.6016	4	2.0514	0.037803	2.256597e+00	2.461676e+02	1.090778e+01	2.3045	1	1
181	0	674.8018	4	1.1846	0.000000	3.231587e+00	5.721626e+02	4.240768e+00	55.1240	1	0
182	3	676.1354	3	2.6014	-0.022682	4.868866e+00	4.855538e+02	9.549493e+00	2.6996	1	1
182	0	678.8691	3	1.6179	0.000000	1.178714e+00	2.106124e+02	6.064435e+00	75.3868	1	0
183	3	680.6194	1	1.8514	0.051521	4.704249e+00	5.515389e+02	1.001400e+01	32.4433	1	1
183	0	682.6111	1	0.7176	0.000000	5.148586e+00	8.968299e+02	1.304108e+01	87.1386	1	0
184	3	683.4776	2	1.6010	0.008184	2.747390e+00	2.751538e+02	1.847035e+01	1.9321	1	1
184	0	685.2271	2	0.6508	0.000000	2.464815e+00	4.567716e+02	3.831866e+00	55.2852	1	0
185	3	686.0266	3	2.3672	-0.008941	1.826578e+00	1.977099e+02	1.424643e+01	0.0586	1	1
185	0	688.5258	3	1.0508	0.000000	2.778992e+00	4.998244e+02	1.105316e+01	66.1796	1	0
186	3	689.7256	1	1.6338	0.070589	4.062799e+00	4.710398e+02	1.014458e+01	24.1456	1	1
186	0	691.4915	1	0.8013	0.000000	5.385182e+00	9.692957e+02	7.731079e+00	55.3805	1	0
187	3	692.4412	2	1.6505	0.041983	2.878394e+00	2.849346e+02	1.017393e+01	0.2133	1	1
187	0	694.2240	2	0.6676	0.000000	2.579285e+00	4.684466e+02	8.439519e+00	70.5845	1	0
188	3	695.0404	4	1.8179	0.007314	4.289914e+00	5.234066e+02	1.007063e+01	43.8981	1	1
188	0	697.0063	4	1.0841	0.000000	1.414764e+00	2.496737e+02	4.230718e+00	100.0000	1	0
189	3	698.2225	2	1.7675	-0.043820	4.155641e+00	4.966608e+02	7.377299e+00	15.7021	1	1
189	0	700.1724	2	0.8012	0.000000	4.889162e+00	8.564161e+02	9.473175e+00	63.2585	1	0
190	3	701.1225	3	2.4182	0.009060	3.625839e+00	3.617779e+02	1.215763e+01	1.1467	1	1
190	0	703.6896	3	1.4513	0.000000	8.654888e-01	1.541417e+02	3.963084e+00	73.7813	1	0
191	3	705.2731	1	1.8180	0.036700	3.393139e+00	4.075942e+02	7.469659e+00	31.1727	1	1
191	0	707.2401	1	0.9679	0.000000	3.680765e+00	6.427928e+02	9.129045e+00	88.5938	1	0
192	3	708.3400	4	2.2351	0.017180	3.007326e+00	2.935199e+02	1.181117e+01	1.9071	1	1
192	0	710.7073	4	1.1179	0.000000	1.856146e+00	3.261479e+02	2.787790e+00	100.0000	1	0
193	1	724.5094	3	2.0014	0.005333	3.087425e+00	3.261694e+02	7.584369e+00	73.5917	1	1
193	0	726.6464	3	1.3343	0.000000	3.173786e+00	5.674011e+02	9.543356e+00	77.4144	1	0
194	1	728.1292	2	1.3839	0.044825	3.874850e+00	4.026162e+02	7.272883e+00	2.9353	1	1
194	0	729.6453	2	0.6176	0.000000	3.807623e+00	7.032242e+02	4.320972e+00	55.1870	1	0
195	1	730.3951	1	1.6509	0.031568	5.323995e+00	5.449998e+02	1.105302e+01	3.7556	1	1
195	0	732.1945	1	0.7342	0.000000	5.277582e+00	9.764478e+02	7.045574e+00	84.8716	1	0
196	1	733.0776	4	3.1348	-0.045302	4.781620e+00	4.920606e+02	1.496777e+01	2.9090	1	1
196	0	736.3613	4	0.8678	0.000000	6.456016e+00	1.129925e+03	9.512830e+00	80.8174	1	0
197	1	737.3614	3	1.9515	-0.005333	3.280005e+00	3.480053e+02	1.119503e+01	5.1681	1	1
197	0	739.4618	3	1.1678	0.000000	5.300982e+00	9.561667e+02	1.889659e+01	83.5388	1	0
198	1	740.7620	2	1.3346	0.010695	4.968203e+00	5.740100e+02	1.037304e+01	53.9928	1	1
198	0	742.2289	2	0.6511	0.000000	3.560681e+00	6.323375e+02	1.055998e+01	89.1716	1	0
199	1	743.0123	1	1.7179	-0.005305	3.960833e+00	3.864954e+02	1.061001e+01	1.2944	1	1
199	0	744.8626	1	0.7176	0.000000	1.041998e+00	1.820905e+02	4.494049e+00	98.0791	1	0
200	1	745.7127	4	2.5682	0.005333	3.393124e+00	3.531180e+02	1.486490e+01	3.3329	1	1
200	0	748.4224	4	1.0008	0.000000	1.873888e+00	3.280455e+02	9.088273e+00	69.3532	1	0
201	1	749.5633	2	1.4512	-0.021330	8.526925e+00	1.035005e+03	1.527292e+01	52.9546	1	1
201	0	751.1469	2	0.9846	0.000000	5.167460e+00	1.020918e+03	1.642506e+01	81.4752	1	0
202	1	752.2711	3	2.9501	0.023995	3.731743e+00	4.018742e+02	1.046274e+01	5.3746	1	1
202	0	755.3701	3	1.3505	0.000000	1.625862e+00	2.896152e+02	4.827565e+00	57.1897	1	0
203	1	756.8529	1	1.3840	0.005333	3.652091e+00	4.733779e+02	7.857111e+00	48.7521	1	1
203	0	758.3690	1	1.0676	0.000000	2.902114e+00	5.028925e+02	7.300577e+00	82.1857	1	0
204	1	759.5853	4	2.6999	-0.026732	3.259516e+00	3.335392e+02	1.320700e+01	0.7446	1	1
204	0	762.4337	4	1.1344	0.000000	2.996287e+00	5.284146e+02	5.048772e+00	87.5512	1	0
205	1	763.7167	1	2.7337	-0.013297	8.247647e+00	8.308595e+02	1.325830e+01	51.7189	1	1
205	0	766.5991	1	1.0342	0.000000	2.753735e+00	5.079916e+02	7.299809e+00	83.1544	1	0
206	1	767.7823	3	2.6354	-0.031989	1.976967e+00	2.475647e+02	6.557616e+00	63.4897	1	1
206	0	770.5667	3	1.0844	0.000000	4.144926e+00	7.576947e+02	1.681077e+01	71.8503	1	0
207	1	771.7834	2	1.4846	0.013088	6.011902e+00	6.124768e+02	1.202340e+01	45.2760	1	1
207	0	773.4003	2	0.6845	0.000000	2.388398e+00	4.507170e+02	5.311438e+00	82.9248	1	0
208	1	774.2338	4	2.9848	0.021387	3.661447e+00	4.436443e+02	1.750471e+01	78.2622	1	1
208	0	777.3509	4	0.9013	0.000000	3.940162e+00	6.929602e+02	6.833507e+00	72.6181	1	0
209	3	790.9363	4	2.1347	0.034613	5.439624e+00	5.830004e+02	1.050573e+01	47.9696	1	1
209	0	793.2072	4	1.6344	0.000000	4.989678e+00	8.956195e+02	1.665543e+01	98.4223	1	0
210	3	794.9895	2	1.8840	-0.013686	3.799116e+00	4.795963e+02	9.362312e+00	12.1129	1	1
210	0	797.0221	2	0.8840	0.000000	3.605527e+00	6.614879e+02	1.159278e+01	72.7737	1	0
211	3	798.0384	3	2.2174	-0.012890	4.847691e+00	4.693641e+02	1.098989e+01	42.4399	1	1
211	0	800.4043	3	1.3514	0.000000	1.801936e+00	3.205174e+02	4.283602e+00	81.5038	1	0
212	3	801.9042	1	2.2681	0.053589	3.898841e+00	4.643370e+02	1.596884e+01	37.4957	1	1
212	0	804.3044	1	1.0187	0.000000	5.711984e+00	1.050704e+03	7.718446e+00	85.5937	1	0
213	3	805.4719	4	2.3848	0.020552	3.906998e+00	3.866336e+02	1.448954e+01	0.5818	1	1
213	0	807.9890	4	1.3846	0.000000	1.376058e+00	2.437367e+02	2.876824e+00	87.5225	1	0
214	3	809.5058	3	2.9016	-0.019960	5.575191e+00	5.548536e+02	1.393096e+01	28.9163	1	1
214	0	812.5563	3	1.2179	0.000000	3.007738e+00	5.382460e+02	1.154460e+01	64.8642	1	0
215	3	813.9065	2	1.8514	0.044079	7.202082e+00	7.372469e+02	1.560356e+01	53.0919	1	1
215	0	815.9068	2	0.8178	0.000000	4.428506e+00	7.832098e+02	1.010835e+01	69.8644	1	0
216	3	816.8570	1	2.1847	0.040986	5.416526e+00	5.319983e+02	1.452254e+01	2.6583	1	1
216	0	819.1819	1	0.8503	0.000000	4.946436e+00	9.112490e+02	1.023140e+01	95.7445	1	0
217	3	820.1643	3	2.5510	0.005027	4.869072e+00	5.992048e+02	1.656981e+01	46.2110	1	1
217	0	822.8640	3	1.3834	0.000000	2.466035e+00	4.392417e+02	8.519412e+00	76.6183	1	0
218	3	824.3962	2	1.9171	0.083756	7.204638e+00	7.182619e+02	1.344739e+01	0.9873	1	1
218	0	826.4456	2	0.8178	0.000000	4.726107e+00	8.159161e+02	7.983877e+00	67.3456	1	0
219	3	827.4119	4	2.7843	0.068544	2.936901e+00	3.674605e+02	7.308515e+00	99.1775	1	1
219	0	830.3448	4	1.7000	0.000000	3.731647e+00	6.398313e+02	6.120693e+00	77.6308	1	0
220	3	832.1936	1	2.0838	0.055705	3.199089e+00	3.254919e+02	1.381598e+01	2.1755	1	1
220	0	834.4262	1	1.0674	0.000000	4.869119e+00	8.865872e+02	7.379908e+00	55.3819	1	0
221	3	835.6260	4	2.0851	0.024252	3.926447e+00	3.876953e+02	1.424426e+01	0.2600	1	1
221	0	837.8435	4	1.3013	0.000000	3.182102e+00	5.573354e+02	5.714615e+00	86.4706	1	0
222	3	839.2937	1	1.7513	0.025374	3.003118e+00	3.116165e+02	1.329064e+01	2.1892	1	1
222	0	841.1774	1	1.0013	0.000000	2.255269e+00	3.960092e+02	5.750583e+00	87.9060	1	0
223	3	842.3109	3	2.4347	-0.014858	4.136251e+00	5.026029e+02	1.402616e+01	36.9026	1	1
223	0	844.8779	3	1.5181	0.000000	2.376767e+00	4.220529e+02	1.068527e+01	66.3039	1	0
224	3	846.5282	2	2.0347	-0.001826	4.372300e+00	5.373440e+02	1.576756e+01	0.3369	1	1
224	0	848.6951	2	0.8513	0.000000	3.320893e+00	5.880880e+02	1.340009e+01	74.4812	1	0
225	3	849.6787	4	2.1014	0.005894	1.332188e+00	1.590867e+02	3.958039e+00	74.1202	1	1
225	0	851.9290	4	1.4346	0.000000	2.474885e+00	4.331796e+02	8.954317e+00	76.3926	1	0
226	3	853.5204	2	1.9337	0.004453	3.042824e+00	3.673954e+02	9.792544e+00	58.4849	1	1
226	0	855.6030	2	0.9009	0.000000	4.756537e+00	9.194221e+02	1.448725e+01	70.7168	1	0
227	3	856.6527	3	2.6511	-0.035481	1.413005e+00	1.401933e+02	1.212368e+01	1.4722	1	1
227	0	859.4517	3	1.5839	0.000000	4.312616e+00	7.717156e+02	1.675598e+01	59.5690	1	0
228	3	861.1844	1	2.4503	0.070646	4.513751e+00	5.329306e+02	1.068493e+01	33.5514	1	1
228	0	863.7835	1	0.9841	0.000000	5.302033e+00	9.721252e+02	8.798091e+00	55.9727	1	0
229	3	864.8999	4	2.1840	0.018091	3.136103e+00	3.080482e+02	1.197937e+01	2.4117	1	1
229	0	867.2324	4	1.5672	0.000000	2.490904e+00	4.349545e+02	5.554635e+00	81.7489	1	0
230	3	868.9485	2	2.1844	0.040986	2.014785e+00	2.512543e+02	6.401441e+00	59.5259	1	1
230	0	871.2653	2	0.9012	0.000000	4.515486e+00	8.515115e+02	9.890263e+00	72.7637	1	0
231	3	872.2987	3	3.0182	-0.010109	4.013444e+00	4.283612e+02	1.189538e+01	29.5178	1	1
231	0	875.4493	3	1.6512	0.000000	1.602495e+00	2.834278e+02	7.919037e+00	83.3622	1	0
232	3	877.2328	1	2.4515	0.030455	3.175995e+00	3.670967e+02	8.032632e+00	20.1889	1	1
232	0	879.8166	1	0.8845	0.000000	3.104111e+00	5.689807e+02	6.520591e+00	75.6396	1	0
233	3	880.8501	2	1.7180	0.040886	3.772144e+00	3.772212e+02	1.412407e+01	1.8642	1	1
233	0	882.7171	2	0.8012	0.000000	3.842637e+00	7.162486e+02	1.064078e+01	72.0762	1	0
234	3	883.6672	3	2.4347	-0.010556	4.710085e+00	4.994101e+02	1.367651e+01	32.7678	1	1
234	0	886.2427	3	1.3010	0.000000	3.639996e+00	6.466666e+02	8.734143e+00	68.4621	1	0
235	3	887.6755	1	2.7341	0.001865	5.142629e+00	6.643396e+02	1.140460e+01	76.3891	1	1
235	0	890.5580	1	1.2172	0.000000	2.941509e+00	5.302030e+02	1.032679e+01	72.6722	1	0
236	3	891.9075	4	2.7171	0.005027	3.760538e+00	3.703621e+02	1.499978e+01	0.5565	1	1
236	0	894.7732	4	1.3010	0.000000	3.528563e+00	6.240529e+02	9.890263e+00	73.3525	1	0
237	3	896.2226	3	3.4503	-0.012890	3.109395e+00	3.185121e+02	1.471410e+01	2.8941	1	1
237	0	899.8214	3	1.4009	0.000000	2.333021e+00	4.180151e+02	1.878165e+01	66.2174	1	0
238	3	901.3710	2	1.5172	0.132591	4.864914e+00	4.689809e+02	1.535998e+01	2.2957	1	1
238	0	903.0203	2	0.9177	0.000000	7.132580e+00	1.234802e+03	1.014457e+01	55.5330	1	0
239	3	904.0704	4	2.6848	0.032532	3.032450e+00	3.708703e+02	1.026401e+01	18.9322	1	1
239	0	906.8874	4	1.2679	0.000000	2.892256e+00	5.053409e+02	4.010644e+00	55.5735	1	0
240	3	908.2877	1	1.9012	0.038790	1.800696e+00	1.811666e+02	8.478351e+00	1.7028	1	1
240	0	910.3213	1	1.1346	0.000000	2.440343e+00	4.238253e+02	3.383674e+00	55.6293	1	0
241	3	911.5882	3	2.6681	0.008184	4.088165e+00	5.056870e+02	1.138647e+01	39.4109	1	1
241	0	914.3885	3	1.8180	0.000000	2.531799e+00	4.519927e+02	9.258046e+00	75.7161	1	0
242	3	916.3556	2	1.9348	0.057814	3.878620e+00	4.219182e+02	9.163590e+00	76.6590	1	1
242	0	918.4392	2	0.9845	0.000000	3.104616e+00	5.814721e+02	6.623399e+00	73.2205	1	0
243	3	919.5560	4	3.2351	0.034613	2.593795e+00	3.225128e+02	7.223975e+00	19.8211	1	1
243	0	922.9470	4	1.6008	0.000000	2.302233e+00	4.071163e+02	3.274224e+00	66.6346	1	0
244	3	924.6965	1	2.3835	0.029657	1.913658e+00	1.907298e+02	1.143448e+01	0.5610	1	1
244	0	927.2290	1	1.1340	0.000000	3.258095e+00	5.864121e+02	6.358191e+00	98.7879	1	0
245	3	928.4952	2	2.1342	0.003311	4.720573e+00	5.041509e+02	1.326967e+01	3.3293	1	1
245	0	930.7778	2	0.8342	0.000000	2.008799e+00	3.556909e+02	6.325406e+00	66.2265	1	0
246	3	931.7607	1	2.1503	0.021268	4.180220e+00	3.997918e+02	9.126688e+00	0.7976	1	1
246	0	934.0434	1	1.2336	0.000000	1.372845e+00	2.362717e+02	2.647103e+00	55.7324	1	0
247	3	935.4089	4	2.0007	0.058885	2.104772e+00	2.026830e+02	1.577135e+01	0.2366	1	1
247	0	937.5583	4	1.2013	0.000000	4.466071e+00	7.652702e+02	5.700744e+00	55.7308	1	0
248	3	938.8918	3	2.2020	0.009060	5.889705e+00	5.663839e+02	1.427622e+01	2.6446	1	1
248	0	941.2261	3	1.4012	0.000000	2.379221e+00	4.252219e+02	8.731173e+00	66.6001	1	0
249	3	942.7762	2	1.8847	0.050397	4.438136e+00	4.316455e+02	1.303282e+01	5.2354	1	1
249	0	944.8099	2	0.7179	0.000000	3.417457e+00	6.022097e+02	4.757091e+00	55.5170	1	0
250	3	945.6601	4	2.5514	0.014946	3.038935e+00	3.697384e+02	8.000847e+00	42.6060	1	1
250	0	948.3438	4	1.1513	0.000000	1.756103e+00	3.084368e+02	5.001612e+00	89.9952	1	0
251	3	949.6440	1	1.9014	0.052512	4.667411e+00	5.115478e+02	1.526351e+01	5.1712	1	1
251	0	951.6776	1	1.0180	0.000000	4.760751e+00	8.724933e+02	8.263452e+00	55.6012	1	0
252	3	952.8278	3	2.7348	-0.022682	5.644101e+00	7.034172e+02	1.330392e+01	35.3705	1	1
252	0	955.7027	3	1.2672	0.000000	2.099330e+00	3.744917e+02	9.766586e+00	66.5159	1	0
253	3	957.1182	1	2.1338	0.042077	3.434242e+00	4.096463e+02	9.381203e+00	33.4056	1	1
253	0	959.4008	1	0.8011	0.000000	3.389680e+00	6.213498e+02	8.025918e+00	56.4558	1	0
254	3	960.3338	4	2.3170	-0.008125	3.132917e+00	3.077549e+02	1.259778e+01	1.7919	1	1
254	0	962.7831	4	1.3176	0.000000	2.140726e+00	3.768688e+02	6.487769e+00	87.7155	1	0
255	3	964.2492	3	3.1501	0.018091	2.809867e+00	2.777391e+02	1.577295e+01	0.0394	1	1
255	0	967.5315	3	1.6507	0.000000	3.118697e+00	5.577225e+02	9.906254e+00	70.2214	1	0
256	3	969.3309	2	1.8337	0.059951	3.143347e+00	2.985608e+02	1.063506e+01	1.0856	1	1
256	0	971.2969	2	1.2848	0.000000	6.620201e+00	1.214225e+03	1.389104e+01	80.1176	1	0
257	1	985.2661	4	3.6683	-0.034745	6.534475e+00	8.074086e+02	1.666125e+01	12.7859	1	1
257	0	989.0914	4	1.2838	0.000000	3.178322e+00	5.564727e+02	3.559267e+00	55.6244	1	0
258	1	990.5071	3	2.1506	-0.048091	6.239597e+00	6.279906e+02	1.535980e+01	48.9158	1	1
258	0	992.8063	3	1.6674	0.000000	7.875072e+00	1.362330e+03	2.301806e+01	76.7606	1	0
259	1	994.6057	2	1.5176	-0.066746	5.218876e+00	5.649274e+02	1.455199e+01	4.2571	1	1
259	0	996.2718	2	0.8675	0.000000	7.216998e+00	1.366491e+03	1.265038e+01	86.7831	1	0
260	1	997.2714	1	1.6015	-0.037217	9.219072e+00	1.066118e+03	1.558244e+01	55.2771	1	1
260	0	999.0209	1	0.9341	0.000000	4.713436e+00	8.630101e+02	1.086312e+01	86.6892	1	0
261	1	1000.1037	4	2.9172	-0.013368	2.758918e+00	2.680085e+02	1.221135e+01	0.0000	1	1
261	0	1003.1695	4	1.3338	0.000000	4.505683e+00	7.873259e+02	1.107447e+01	68.1566	1	0
262	1	1004.6357	3	2.3009	-0.063913	4.142555e+00	4.125862e+02	1.122583e+01	2.2542	1	1
262	0	1007.0856	3	1.6021	0.000000	4.950322e+00	9.145644e+02	8.001994e+00	87.0076	1	0
263	1	1008.8364	1	2.1515	-0.021330	4.446878e+00	5.199319e+02	8.995081e+00	58.0473	1	1
263	0	1011.1201	1	1.0846	0.000000	1.793955e+00	3.303950e+02	2.797366e+00	55.8085	1	0
264	1	1012.3369	2	1.4514	-0.007915	4.355566e+00	4.243691e+02	1.244246e+01	0.7819	1	1
264	0	1013.9372	2	0.8345	0.000000	3.096893e+00	5.501995e+02	3.305376e+00	55.3853	1	0
265	1	1014.9207	1	1.6680	-0.013262	4.700051e+00	4.692618e+02	1.397944e+01	2.7503	1	1
265	0	1016.7376	1	0.9679	0.000000	2.047343e+00	3.599192e+02	4.818583e+00	76.5335	1	0
266	1	1017.8544	2	1.8515	-0.010610	6.181562e+00	6.455852e+02	1.501396e+01	2.6356	1	1
266	0	1019.8548	2	1.0846	0.000000	2.317061e+00	4.281936e+02	6.065046e+00	81.8188	1	0
267	1	1021.0716	4	2.6014	-0.021050	3.620148e+00	4.399808e+02	6.570370e+00	67.0507	1	1
267	0	1023.8131	4	1.1673	0.000000	2.821852e+00	4.953881e+02	1.056068e+01	72.1685	1	0
268	1	1025.1293	3	2.6002	-0.072067	2.902710e+00	2.779650e+02	1.467706e+01	1.5855	1	1
268	0	1027.8616	3	1.4008	0.000000	5.498388e+00	9.861635e+02	7.766937e+00	85.8044	1	0
269	1	1029.3945	4	3.0501	-0.040085	6.031004e+00	5.835032e+02	1.707742e+01	2.8553	1	1
269	0	1032.6267	4	1.2344	0.000000	6.193918e+00	1.088591e+03	9.870680e+00	55.4351	1	0
270	1	1034.0096	2	1.6506	-0.034469	1.538419e+00	1.876358e+02	3.305276e+00	100.0000	1	1
270	0	1035.7923	2	1.0511	0.000000	3.748561e+00	7.096881e+02	7.581790e+00	72.7362	1	0
271	1	1036.9920	1	1.9672	-0.026732	7.569722e+00	7.445625e+02	1.385159e+01	41.5389	1	1
271	0	1039.1079	1	1.1012	0.000000	2.057912e+00	3.774147e+02	4.828161e+00	55.5224	1	0
272	1	1040.3413	3	2.8014	-0.002674	2.090226e+00	2.547459e+02	7.990098e+00	37.3096	1	1
272	0	1043.2751	3	1.4513	0.000000	1.815446e+00	3.247111e+02	9.228189e+00	85.0090	1	0
