Trial	Type	Onset	Target #	Time to Target	Endpoint Error	Est. Avg. Error Mag	Accum. Error x dMagProj	Max Error Mag.	Max Error Pos. (% of trajectory)	Feedback	Target (1)/Return (0)
1	1	0.7684	3	2.0395	-0.002674	5.400602e+00	1.229583e+03	1.372563e+01	73.4890	1	1
1	0	3.1559	3	0.9011	0.000000	1.824297e+00	3.547504e+02	6.524309e+00	95.5177	1	0
2	1	4.5555	1	0.7180	0.080029	2.982692e+00	3.660815e+02	8.114844e+00	100.0000	1	1
2	0	5.4218	1	0.4345	0.000000	7.283523e+00	1.617586e+03	1.038862e+01	52.0251	1	0
3	1	6.3216	2	0.4178	-0.448649	2.555505e+01	2.439657e+03	4.446982e+01	100.0000	0	1
3	0	7.0380	2	0.3677	0.000000	2.041172e+01	3.574789e+03	4.808598e+01	53.6860	1	0
4	1	7.6711	4	1.5672	0.037416	1.825435e+01	2.628631e+03	3.835019e+01	66.2341	1	1
4	0	9.3706	4	0.6677	0.000000	1.285567e+01	2.608843e+03	3.392300e+01	82.9440	1	0
5	1	10.1702	4	1.1509	-0.049697	1.411379e+01	1.418822e+03	2.856513e+01	82.8479	1	1
5	0	11.4533	4	0.6183	0.000000	1.275879e+01	2.488792e+03	3.165002e+01	80.0506	1	0
6	1	12.2201	2	0.5346	-0.179853	1.148971e+01	1.228534e+03	1.752097e+01	100.0000	1	1
6	0	12.9368	2	0.3680	0.000000	7.708553e+00	1.445117e+03	1.012709e+01	54.8303	1	0
7	1	13.6535	3	1.2513	0.010666	2.534248e+00	2.813004e+02	7.240440e+00	4.9008	1	1
7	0	15.0372	3	0.6677	0.000000	5.628484e+00	1.032469e+03	2.028344e+01	78.2549	1	0
8	1	15.8373	1	0.4511	0.147636	1.025685e+01	1.014945e+03	1.459487e+01	100.0000	1	1
8	0	16.5541	1	0.3678	0.000000	2.581458e+00	5.627299e+02	6.592620e+00	69.3108	1	0
9	1	17.2708	2	0.4178	-0.082261	8.515826e+00	8.398153e+02	2.481025e+01	11.8809	1	1
9	0	17.9877	2	0.3512	0.000000	8.533451e+00	1.615106e+03	1.564444e+01	70.8800	1	0
10	1	18.7210	3	1.0180	0.029325	4.813958e+00	5.123020e+02	8.047999e+00	59.1458	1	1
10	0	19.8712	3	0.6178	0.000000	8.904815e+00	1.587082e+03	2.299397e+01	75.0386	1	0
11	1	20.6213	4	1.2513	0.015665	4.817471e+00	4.819465e+02	1.009945e+01	82.4204	1	1
11	0	22.0049	4	0.3512	0.000000	9.496221e+00	1.828832e+03	2.000772e+01	87.5364	1	0
12	1	22.7217	1	0.4846	0.216550	1.529407e+01	1.841810e+03	2.223738e+01	92.7711	1	1
12	0	23.4491	1	0.3679	0.000000	6.063290e+00	1.362256e+03	2.172717e+01	53.1879	1	0
13	1	24.1655	2	0.4513	-0.121416	1.011569e+01	9.804691e+02	1.500117e+01	0.5246	1	1
13	0	24.8820	2	0.4009	0.000000	9.844447e+00	1.708438e+03	1.396605e+01	77.8517	1	0
14	1	25.6056	1	0.6677	0.075423	5.960341e+00	6.181242e+02	8.038656e+00	51.3343	1	1
14	0	26.4057	1	0.3177	0.000000	7.576842e+00	1.630753e+03	7.859109e+00	63.6451	1	0
15	1	27.1312	3	1.2675	-0.002667	2.218403e+00	2.124409e+02	2.795036e+00	59.5083	1	1
15	0	28.5307	3	0.6345	0.000000	2.645949e+00	4.795821e+02	7.845543e+00	68.0721	1	0
16	1	29.3138	4	0.7175	-0.069039	8.721662e+00	8.899949e+02	1.180703e+01	78.8611	1	1
16	0	30.1636	4	0.3846	0.000000	8.285668e+00	1.522288e+03	2.629421e+01	97.9062	1	0
17	1	30.8799	4	1.1344	0.037217	9.937673e+00	1.208021e+03	1.719081e+01	88.6245	1	1
17	0	32.1461	4	0.5514	0.000000	3.561854e+00	6.622508e+02	9.589149e+00	68.8260	1	0
18	1	32.8732	3	1.3846	0.008000	7.105635e+00	7.104386e+02	1.557664e+01	67.8011	1	1
18	0	34.3955	3	0.6345	0.000000	2.356928e+00	4.165735e+02	5.139521e+00	100.0000	1	0
19	1	35.1785	1	0.5013	0.002551	2.797629e+00	2.804210e+02	5.295306e+00	40.0042	1	1
19	0	35.8951	1	0.3342	0.000000	2.403642e+00	5.259376e+02	3.813947e+00	52.5240	1	0
20	1	36.6113	2	0.4342	0.352620	2.972115e+01	2.690541e+03	3.410180e+01	78.7157	0	1
20	0	37.3445	2	0.4014	0.000000	9.351872e+00	1.777919e+03	3.812482e+01	58.5173	1	0
21	1	37.9774	4	1.1338	-0.045423	8.664656e+00	8.679696e+02	1.392955e+01	69.3862	1	1
21	0	39.2599	4	0.4346	0.000000	8.839343e+00	1.612134e+03	1.898398e+01	83.8830	1	0
22	1	39.9763	2	0.6175	-0.005263	2.162657e+00	2.497753e+02	4.062523e+00	16.0721	1	1
22	0	40.7427	2	0.2844	0.000000	2.178940e+00	4.178363e+02	2.775820e+00	96.6471	1	0
23	1	41.4591	1	0.6512	0.101742	7.626294e+00	7.768762e+02	1.564574e+01	3.4131	1	1
23	0	42.2588	1	0.3347	0.000000	5.552299e+00	1.131148e+03	9.378737e+00	53.8746	1	0
24	1	42.9753	3	1.7674	0.066041	6.671841e+00	7.088110e+02	1.520538e+01	73.6638	1	1
24	0	44.8747	3	0.6343	0.000000	1.608916e+01	3.256147e+03	3.516636e+01	82.0065	1	0
25	1	45.6413	2	0.5347	-0.063575	1.392598e+01	1.549895e+03	2.090382e+01	84.9288	1	1
25	0	46.3581	2	0.3181	0.000000	1.910205e+00	3.671524e+02	3.559518e+00	53.5737	1	0
26	1	47.0748	3	0.8349	0.031989	4.913023e+00	5.490192e+02	8.275209e+00	57.9813	1	1
26	0	48.0422	3	0.5846	0.000000	1.070798e+01	1.904147e+03	2.682552e+01	75.8332	1	0
27	1	48.7757	1	0.5678	0.152649	9.172587e+00	8.934652e+02	1.529689e+01	94.5894	1	1
27	0	49.4924	1	0.2678	0.000000	5.635995e+00	1.218544e+03	1.038731e+01	52.6133	1	0
28	1	50.2425	4	0.7348	-0.067781	7.486642e+00	9.573767e+02	1.107288e+01	82.4280	1	1
28	0	51.1260	4	0.5015	0.000000	1.082448e+01	2.068294e+03	1.947994e+01	78.3358	1	0
29	1	51.8427	1	0.4679	0.119816	1.441358e+01	1.534591e+03	2.020887e+01	8.3068	1	1
29	0	52.5596	1	0.2851	0.000000	3.232209e+00	6.372546e+02	9.858929e+00	64.9386	1	0
30	1	53.2931	4	0.7512	0.026172	1.014915e+01	1.105417e+03	2.624038e+01	81.3129	1	1
30	0	54.1932	4	0.5178	0.000000	1.391771e+01	2.591529e+03	1.955371e+01	82.2912	1	0
31	1	54.9099	2	0.5182	0.046841	6.021317e+00	6.894778e+02	8.830765e+00	74.4919	1	1
31	0	55.6267	2	0.2845	0.000000	2.920224e+00	5.718433e+02	4.574673e+00	52.1738	1	0
32	1	56.3547	3	1.1340	-0.015999	3.424042e+00	3.266482e+02	5.823447e+00	62.3804	1	1
32	0	57.6270	3	0.4179	0.000000	2.585262e+00	4.792929e+02	7.552891e+00	100.0000	1	0
33	1	58.3437	2	0.6680	0.252318	3.427979e+01	3.302476e+03	6.081497e+01	27.8504	0	1
33	0	59.1607	2	0.3177	0.000000	1.035380e+01	2.106504e+03	1.633417e+01	50.8883	1	0
34	1	59.8607	1	0.5178	0.208417	1.745480e+01	1.680925e+03	2.217952e+01	69.3541	1	1
34	0	60.5776	1	0.3678	0.000000	8.066241e+00	1.775804e+03	1.324053e+01	89.2160	1	0
35	1	61.3030	3	1.2176	0.000000	4.722166e+00	4.707853e+02	8.677047e+00	40.3203	1	1
35	0	62.6778	3	0.4510	0.000000	5.822357e+00	1.034437e+03	1.626456e+01	91.1522	1	0
36	1	63.3946	4	1.3513	-0.087774	1.232821e+01	1.240930e+03	2.391254e+01	4.2745	1	1
36	0	64.8851	4	0.6014	0.000000	1.475782e+01	2.807663e+03	2.738757e+01	92.5958	1	0
37	1	65.6349	1	0.5008	0.194864	1.236598e+01	1.374172e+03	1.871912e+01	100.0000	1	1
37	0	66.3508	1	0.4011	0.000000	9.574924e+00	2.038111e+03	1.513087e+01	53.4314	1	0
38	1	67.0778	3	1.3352	0.013368	1.539982e+00	1.499018e+02	3.593731e+00	11.5724	1	1
38	0	68.5506	3	0.4009	0.000000	7.783436e+00	1.463199e+03	1.952273e+01	86.6464	1	0
39	1	69.2669	2	0.4348	-0.374946	3.350982e+01	3.406884e+03	3.763992e+01	100.0000	0	1
39	0	69.9830	2	0.3849	0.000000	2.579659e+01	4.997634e+03	3.688618e+01	59.2262	1	0
40	1	70.6166	4	0.8840	-0.088007	5.753911e+00	6.206250e+02	1.109109e+01	1.4022	1	1
40	0	71.6490	4	0.3012	0.000000	1.049772e+01	2.023694e+03	1.656516e+01	100.0000	1	0
41	1	72.3654	3	0.6508	-0.077385	6.774872e+00	6.993084e+02	1.279803e+01	82.4901	1	1
41	0	73.1485	3	0.5341	0.000000	1.136887e+00	2.076897e+02	4.828049e+00	54.8299	1	0
42	1	73.8649	4	0.6013	-0.005222	2.376801e+01	2.315838e+03	4.692230e+01	11.9126	1	1
42	0	74.6146	4	0.4682	0.000000	9.895751e+00	1.957341e+03	1.452110e+01	94.6497	1	0
43	1	75.3311	1	0.5009	0.183767	1.333352e+01	1.611032e+03	1.775849e+01	100.0000	0	1
43	0	76.0475	1	0.3181	0.000000	8.496208e+00	1.870299e+03	1.463694e+01	52.1612	1	0
44	1	76.6972	2	0.3851	0.246756	2.220294e+01	2.174529e+03	2.466972e+01	100.0000	0	1
44	0	77.4142	2	0.3510	0.000000	6.079469e+00	1.202942e+03	1.218764e+01	92.4387	1	0
45	1	78.0473	3	1.0002	0.063240	3.665641e+00	3.749244e+02	9.085025e+00	5.4987	1	1
45	0	79.1965	3	0.6177	0.000000	1.087596e+01	1.992876e+03	2.180671e+01	77.3554	1	0
46	1	79.9465	2	0.9346	0.031568	6.285466e+00	8.723071e+02	9.865565e+00	69.4819	1	1
46	0	81.0134	2	0.5181	0.000000	3.452322e+00	6.660441e+02	6.537566e+00	86.0713	1	0
47	1	81.7300	4	0.8013	-0.080764	7.306780e+00	7.517379e+02	7.860790e+00	100.0000	1	1
47	0	82.6803	4	0.3183	0.000000	7.414654e+00	1.405527e+03	1.015237e+01	89.1068	1	0
48	1	83.3975	1	0.6013	0.161316	1.490318e+01	1.577071e+03	2.266110e+01	6.2072	0	1
48	0	84.1311	1	0.3350	0.000000	9.966341e+00	2.190765e+03	1.808597e+01	51.3092	1	0
49	1	98.0332	2	0.8513	0.116185	1.595779e+01	1.737737e+03	4.121252e+01	4.4304	1	1
49	0	99.0403	2	0.3513	0.000000	9.092069e+00	1.736966e+03	1.108744e+01	85.5607	1	0
50	1	99.7567	4	0.8680	0.028713	8.396995e+00	8.597105e+02	1.432353e+01	3.1586	1	1
50	0	100.7731	4	0.4004	0.000000	2.558674e+00	4.583177e+02	7.939012e+00	90.1175	1	0
51	1	101.4892	1	0.4674	-0.028270	1.291013e+00	1.277113e+02	5.576596e+00	5.6373	1	1
51	0	102.2166	1	0.3350	0.000000	9.686729e-01	2.079898e+02	1.526285e+00	53.6683	1	0
52	1	102.9335	3	1.2350	-0.002667	4.775272e-01	4.555748e+01	1.271881e+00	91.7220	1	1
52	0	104.3053	3	0.6512	0.000000	5.853303e+00	1.076028e+03	8.088250e+00	69.4594	1	0
53	1	105.1044	1	0.4509	0.005063	1.226722e+00	1.251476e+02	2.003806e+00	12.5482	1	1
53	0	105.8208	1	0.2845	0.000000	2.406433e+00	5.097464e+02	3.559959e+00	54.6195	1	0
54	1	106.5373	2	0.3842	-0.124355	1.159383e+01	1.224444e+03	1.300344e+01	70.2144	1	1
54	0	107.2542	2	0.4012	0.000000	1.304185e+01	2.505248e+03	2.166874e+01	97.6608	1	0
55	1	107.9872	4	0.6676	-0.031486	7.755038e+00	7.513046e+02	1.256578e+01	82.4925	1	1
55	0	108.7870	4	0.3337	0.000000	4.989624e+00	9.301728e+02	1.122472e+01	86.8210	1	0
56	1	109.5028	3	0.7679	0.010695	7.049210e+00	7.194439e+02	2.843766e+01	5.0377	1	1
56	0	110.4192	3	0.5175	0.000000	8.368468e+00	1.522355e+03	2.214203e+01	88.7704	1	0
57	1	111.1364	1	0.4013	-0.005348	1.004350e+00	9.592272e+01	2.172132e+00	0.7581	1	1
57	0	111.8527	1	0.3179	0.000000	1.070844e+00	2.339955e+02	1.526283e+00	52.3860	1	0
58	1	112.6190	4	0.7337	-0.028863	2.291505e+00	2.688404e+02	5.548623e+00	6.4811	1	1
58	0	113.4849	4	0.4014	0.000000	1.275207e+01	2.506280e+03	2.967749e+01	97.9863	1	0
59	1	114.2017	3	0.8189	-0.039979	3.521443e+00	3.366244e+02	1.160425e+01	1.8388	1	1
59	0	115.1691	3	0.6011	0.000000	1.059566e+01	1.885376e+03	2.202449e+01	74.7541	1	0
60	1	115.9027	2	0.3516	-0.173369	1.230319e+01	1.307305e+03	1.729067e+01	100.0000	0	1
60	0	116.6194	2	0.3011	0.000000	9.824682e+00	1.932943e+03	1.284635e+01	100.0000	1	0
61	1	117.2527	3	0.7518	0.036923	8.117795e-01	7.870248e+01	3.559216e+00	100.0000	1	1
61	0	118.1529	3	0.5512	0.000000	9.397457e+00	1.746943e+03	2.348012e+01	97.1416	1	0
62	1	118.8697	1	0.4679	0.105705	9.425674e+00	9.125823e+02	1.134441e+01	87.9382	1	1
62	0	119.5864	1	0.3178	0.000000	3.852251e+00	8.593418e+02	6.603756e+00	51.9196	1	0
63	1	120.3032	4	0.7013	-0.088541	3.650162e+00	4.049899e+02	2.078546e+01	1.5992	1	1
63	0	121.1534	4	0.3514	0.000000	1.298404e+01	2.384454e+03	1.866236e+01	85.5403	1	0
64	1	121.8701	2	0.3349	-0.208563	7.451375e+00	7.048282e+02	1.991121e+01	100.0000	0	1
64	0	122.5869	2	0.4678	0.000000	1.926074e+01	3.978479e+03	4.088429e+01	53.7272	1	0
65	1	123.2321	4	0.6348	-0.066041	1.281023e+00	1.409657e+02	6.346214e+00	100.0000	1	1
65	0	124.0206	4	0.2844	0.000000	7.685083e+00	1.427260e+03	1.365034e+01	87.7733	1	0
66	1	124.7372	3	0.6851	-0.002653	2.764507e+00	2.798777e+02	1.152948e+01	4.2883	1	1
66	0	125.5707	3	0.4179	0.000000	2.219420e+00	3.924195e+02	7.886574e+00	92.5020	1	0
67	1	126.2875	1	0.3011	0.002545	7.070584e-01	7.069178e+01	1.986760e+00	8.9422	1	1
67	0	127.0142	1	0.2847	0.000000	2.543989e-01	3.630815e+01	2.544018e-01	55.6142	1	0
68	1	127.7306	2	0.4842	0.020994	2.574438e+00	2.494791e+02	8.900477e+00	0.2624	1	1
68	0	128.4470	2	0.4179	0.000000	3.316732e+00	6.377008e+02	5.301211e+00	86.9511	1	0
69	1	129.1635	4	0.5508	-0.150845	4.916310e+00	4.636958e+02	1.433631e+01	100.0000	1	1
69	0	129.8880	4	0.3345	0.000000	1.154464e+01	2.086218e+03	1.409669e+01	53.3517	1	0
70	1	130.6048	1	0.9013	0.084012	1.847978e+01	3.576691e+03	3.106091e+01	13.2357	1	1
70	0	131.6460	1	0.3176	0.000000	9.346934e-01	2.040753e+02	3.286310e+00	93.1842	1	0
71	1	132.3623	2	0.5015	0.438469	5.109897e+01	4.828554e+03	7.041677e+01	12.8788	0	1
71	0	133.0788	2	0.3343	0.000000	1.706131e+01	3.259945e+03	2.817921e+01	52.8360	1	0
72	1	133.7119	3	0.7342	-0.050759	3.898597e+00	4.472725e+02	8.104871e+00	92.0130	1	1
72	0	134.5784	3	0.6008	0.000000	7.687387e+00	1.367430e+03	1.930556e+01	78.9378	1	0
73	1	135.3281	3	1.2177	0.002660	2.958000e+00	3.019517e+02	4.573606e+00	94.4634	1	1
73	0	136.6942	3	0.7009	0.000000	1.043851e+01	2.037403e+03	4.030634e+01	90.7375	1	0
74	1	137.5440	4	0.6841	0.148628	9.072629e+00	8.724767e+02	1.408951e+01	100.0000	1	1
74	0	138.3603	4	0.3677	0.000000	1.064107e+01	1.890950e+03	1.409435e+01	53.8203	1	0
75	1	139.0767	1	0.6342	0.002564	4.593640e+00	5.873949e+02	9.653957e+00	22.8062	1	1
75	0	139.8598	1	0.3176	0.000000	3.474286e-01	7.468689e+01	5.088013e-01	53.6090	1	0
76	1	140.5764	2	0.4512	0.050209	6.320743e+00	6.391842e+02	7.799520e+00	51.5014	1	1
76	0	141.2927	2	0.1677	0.000000	2.490292e+00	4.730691e+02	2.797408e+00	54.3519	1	0
77	1	142.0257	1	0.7012	0.002591	4.023376e+00	5.470576e+02	8.043307e+00	1.2825	1	1
77	0	142.8755	1	0.3181	0.000000	2.544002e-01	5.339451e+01	2.544025e-01	54.1814	1	0
78	1	143.5921	3	0.8839	0.007979	2.568351e+00	2.544755e+02	5.154218e+00	22.0047	1	1
78	0	144.6083	3	0.5508	0.000000	8.220331e+00	1.542538e+03	2.254403e+01	97.4932	1	0
79	1	145.3246	4	0.4843	-0.068315	9.738874e+00	9.438060e+02	1.927970e+01	5.3243	1	1
79	0	146.0411	4	0.5509	0.000000	1.858966e+01	4.197796e+03	4.265380e+01	91.8396	1	0
80	1	146.7576	2	0.4343	-0.369193	2.630034e+01	2.856083e+03	3.653822e+01	100.0000	0	1
80	0	147.4908	2	0.5011	0.000000	1.320454e+01	2.581052e+03	2.884855e+01	52.9617	1	0
81	1	148.1242	1	0.6511	0.036160	5.076708e+00	5.278349e+02	8.333292e+00	70.9458	1	1
81	0	148.9077	1	0.3511	0.000000	2.160931e+00	4.511327e+02	2.523378e+00	100.0000	1	0
82	1	149.6245	3	0.8182	0.000000	4.304887e+00	4.905611e+02	7.348848e+00	88.9986	1	1
82	0	150.5912	3	0.6514	0.000000	3.709102e+00	6.757906e+02	1.307602e+01	62.9619	1	0
83	1	151.3913	2	0.4179	-0.219769	1.579391e+01	1.519862e+03	2.135244e+01	100.0000	1	1
83	0	152.1081	2	0.3683	0.000000	1.187686e+01	2.310998e+03	1.237372e+01	52.0416	1	0
84	1	152.8248	4	0.8347	-0.088311	2.187993e+00	2.194714e+02	8.615999e+00	100.0000	0	1
84	0	153.7917	4	0.7345	0.000000	1.535425e+01	3.367503e+03	2.012708e+01	94.8969	1	0
85	1	154.6751	1	0.6012	0.044013	4.143480e+00	4.700560e+02	5.074852e+00	75.4790	1	1
85	0	155.4086	1	0.3177	0.000000	3.999986e+00	8.474663e+02	4.297343e+00	88.9106	1	0
86	1	156.1253	3	0.7013	-0.024060	8.443361e+00	8.861235e+02	1.652838e+01	9.3665	1	1
86	0	156.9754	3	0.5180	0.000000	3.835727e+00	6.670331e+02	1.415252e+01	87.2688	1	0
87	1	157.6923	2	0.4844	0.172740	1.070162e+01	1.053673e+03	1.679134e+01	100.0000	0	1
87	0	158.4202	2	0.3344	0.000000	1.263342e+01	2.449914e+03	1.657821e+01	53.2361	1	0
88	1	159.0534	4	0.7675	-0.029169	2.959813e+00	2.896617e+02	5.342466e+00	2.0392	1	1
88	0	159.9593	4	0.5346	0.000000	1.129203e+01	2.413700e+03	2.316960e+01	74.0206	1	0
89	1	160.6761	3	0.7345	-0.024060	2.379744e+00	2.814065e+02	5.033151e+00	11.9583	1	1
89	0	161.5596	3	0.5011	0.000000	4.874659e+00	8.679961e+02	1.079776e+01	87.8113	1	0
90	1	162.2856	1	0.3348	0.048091	2.022290e+00	1.921919e+02	4.573962e+00	100.0000	1	1
90	0	163.0016	1	0.2851	0.000000	1.453995e+00	3.211939e+02	2.289176e+00	52.1592	1	0
91	1	163.7185	4	0.6509	-0.023868	2.965179e+00	3.125108e+02	9.978512e+00	10.9099	1	1
91	0	164.5100	4	0.3844	0.000000	7.934628e+00	1.502546e+03	1.929517e+01	87.0346	1	0
92	1	165.2269	2	0.3176	-0.263084	1.713304e+01	1.687699e+03	2.653017e+01	100.0000	0	1
92	0	165.9435	2	0.4179	0.000000	3.507078e+01	6.491273e+03	4.829685e+01	53.4857	1	0
93	1	166.5842	3	0.6512	-0.008000	4.560800e-01	4.400919e+01	3.144225e+00	3.6437	1	1
93	0	167.3839	3	0.4009	0.000000	4.528485e+00	8.076025e+02	1.016148e+01	84.9553	1	0
94	1	168.1105	4	0.6178	0.036348	1.751481e+01	1.819449e+03	3.528814e+01	6.4991	1	1
94	0	168.8668	4	0.4011	0.000000	1.110375e+01	2.247295e+03	1.238256e+01	52.6910	1	0
95	1	169.5833	1	0.5007	0.065398	6.667098e+00	6.776270e+02	1.112216e+01	1.7326	1	1
95	0	170.2996	1	0.3510	0.000000	5.027607e+00	1.062469e+03	5.843678e+00	54.7493	1	0
96	1	171.0160	2	0.5675	0.121292	1.583372e+01	1.734105e+03	2.900084e+01	7.5379	1	1
96	0	171.7325	2	0.3009	0.000000	5.892280e+00	1.154896e+03	1.037876e+01	52.9525	1	0
97	1	184.9964	4	1.2679	-0.057830	1.452709e+01	1.581531e+03	4.029420e+01	12.2888	1	1
97	0	186.4133	4	0.5512	0.000000	9.496814e+00	1.852963e+03	2.256543e+01	84.7687	1	0
98	1	187.1301	3	0.7348	-0.002674	1.984187e+00	1.987952e+02	6.124527e+00	3.4016	1	1
98	0	188.0136	3	0.5846	0.000000	3.092099e+00	5.427965e+02	7.803510e+00	80.3082	1	0
99	1	188.7471	1	0.4344	-0.008000	3.766572e-01	3.877479e+01	7.631850e-01	100.0000	1	1
99	0	189.4637	1	0.3179	0.000000	8.214485e-01	1.801585e+02	1.017549e+00	63.9161	1	0
100	1	190.1805	2	0.4012	0.206099	2.297707e+01	2.398722e+03	2.873527e+01	10.5683	0	1
100	0	190.9142	2	0.3510	0.000000	1.222718e+01	2.362877e+03	4.015076e+01	58.1976	1	0
101	1	191.5424	4	0.6395	-0.137508	4.478959e+00	4.699611e+02	1.335609e+01	100.0000	1	1
101	0	192.3308	4	0.5181	0.000000	1.387715e+01	2.626596e+03	2.603107e+01	78.2707	1	0
102	1	193.0477	3	0.7178	0.005348	2.733952e+00	2.626190e+02	8.758758e+00	3.2427	1	1
102	0	193.8978	3	0.5344	0.000000	1.332652e+00	2.381800e+02	3.799793e+00	85.5044	1	0
103	1	194.6248	2	0.5176	-0.050355	2.454389e+01	2.534164e+03	3.481687e+01	57.2973	1	1
103	0	195.3411	2	0.3176	0.000000	1.103748e+01	2.162819e+03	1.138013e+01	53.0428	1	0
104	1	196.0576	1	0.5676	0.225845	1.694354e+01	1.663262e+03	2.257525e+01	69.0741	1	1
104	0	196.7817	1	0.3345	0.000000	3.551003e+00	7.510400e+02	5.082955e+00	53.5931	1	0
105	1	197.4985	3	1.0345	-0.029325	1.694152e+00	1.624177e+02	3.051134e+00	95.7438	1	1
105	0	198.6901	3	0.6343	0.000000	2.862556e+00	5.053490e+02	4.455984e+00	100.0000	1	0
106	1	199.4731	4	0.6179	-0.153855	6.381739e+00	6.448396e+02	1.458109e+01	100.0000	0	1
106	0	200.2229	4	0.4010	0.000000	1.596602e+01	3.027569e+03	1.817503e+01	85.3920	1	0
107	1	200.8655	2	0.3016	0.029916	4.700695e+00	4.793299e+02	5.266263e+00	30.2493	1	1
107	0	201.5823	2	0.2344	0.000000	9.309064e+00	1.162827e+03	1.058166e+01	77.9888	1	0
108	1	202.2991	1	0.4012	0.316452	2.441086e+01	2.752559e+03	3.360709e+01	86.7834	1	1
108	0	203.0219	1	0.3513	0.000000	8.463775e+00	1.849879e+03	2.537548e+01	83.7654	1	0
109	1	203.7383	2	0.3847	0.317056	3.045520e+01	3.133798e+03	3.475411e+01	21.0515	0	1
109	0	204.4550	2	0.3341	0.000000	2.363365e+01	4.607432e+03	5.447092e+01	62.1701	1	0
110	1	205.0879	4	0.6841	-0.226018	1.375908e+01	1.323622e+03	2.132222e+01	100.0000	0	1
110	0	205.9209	4	0.5180	0.000000	2.150358e+01	4.069881e+03	3.318410e+01	88.7312	1	0
111	1	206.5874	3	0.7675	0.002667	8.282726e+00	8.064889e+02	1.527330e+01	89.1944	1	1
111	0	207.4872	3	0.6175	0.000000	8.929839e+00	1.616921e+03	1.604247e+01	72.9720	1	0
112	1	208.2368	1	0.4009	-0.067605	4.082407e+00	3.989911e+02	6.599372e+00	100.0000	1	1
112	0	208.9532	1	0.2514	0.000000	5.094009e+00	9.213717e+02	6.599604e+00	54.3101	1	0
113	1	209.6697	4	1.4676	-0.101478	1.367769e+01	1.450556e+03	2.053294e+01	84.7774	1	1
113	0	211.2858	4	0.5346	0.000000	1.562961e+01	2.948554e+03	2.916133e+01	91.9096	1	0
114	1	212.0022	1	0.5342	-0.061304	7.808926e+00	9.070125e+02	3.714199e+01	14.7398	1	1
114	0	212.7187	1	0.3181	0.000000	4.361551e+00	9.345901e+02	5.336580e+00	53.0116	1	0
115	1	213.4352	2	0.4179	0.308882	2.717226e+01	2.648669e+03	3.194856e+01	89.0963	0	1
115	0	214.1515	2	0.3343	0.000000	5.616096e+00	1.063969e+03	1.657720e+01	55.6507	1	0
116	1	214.8013	3	1.3010	0.029247	1.382480e+00	1.568533e+02	5.573884e+00	8.4845	1	1
116	0	216.2346	3	0.5346	0.000000	1.297853e+01	2.474009e+03	2.025829e+01	87.8085	1	0
117	1	216.9513	4	0.7346	-0.132381	3.743823e+00	3.634981e+02	1.286104e+01	100.0000	1	1
117	0	217.8348	4	0.3512	0.000000	1.134718e+01	2.100076e+03	1.385226e+01	52.5289	1	0
118	1	218.5516	3	0.6513	0.026519	5.754259e+00	6.108233e+02	1.158493e+01	86.0748	1	1
118	0	219.3517	3	0.6181	0.000000	1.782206e+01	3.289972e+03	3.414071e+01	80.7277	1	0
119	1	220.1186	1	0.4844	-0.030370	3.231065e+00	3.245376e+02	4.324853e+00	0.0000	1	1
119	0	220.8353	1	0.3182	0.000000	1.053413e-01	2.245793e+01	2.544023e-01	60.8587	1	0
120	1	221.5521	2	0.4011	-0.079199	4.968206e+00	4.762672e+02	7.608170e+00	100.0000	1	1
120	0	222.2688	2	0.3178	0.000000	7.145239e+00	1.414567e+03	8.368241e+00	52.5167	1	0
121	1	223.0023	4	0.5845	-0.166883	6.779626e+00	6.360980e+02	1.580474e+01	100.0000	0	1
121	0	223.7358	4	0.3178	0.000000	1.706353e+01	3.289216e+03	2.333390e+01	53.9573	1	0
122	1	224.3692	1	0.5845	0.097317	1.308912e+01	1.475881e+03	2.650992e+01	3.3552	1	1
122	0	225.1026	1	0.3511	0.000000	8.298155e+00	1.743353e+03	1.013580e+01	54.0347	1	0
123	1	225.8144	3	0.7729	0.093064	6.505814e+00	6.231077e+02	9.867061e+00	98.5615	1	1
123	0	226.7362	3	0.6511	0.000000	1.195378e+01	2.198637e+03	3.990199e+01	91.2537	1	0
124	1	227.5195	2	0.4013	-0.312346	2.263927e+01	2.191980e+03	3.001964e+01	100.0000	1	1
124	0	228.2364	2	0.3512	0.000000	2.060767e+01	3.735164e+03	2.308738e+01	71.6711	1	0
125	1	228.9632	3	1.1007	0.021330	1.061171e+01	1.641671e+03	2.132087e+01	69.1170	1	1
125	0	230.2035	3	0.5512	0.000000	3.057851e+00	5.568635e+02	5.836763e+00	64.3512	1	0
126	1	230.9202	2	0.3845	-0.210015	1.924099e+01	1.896897e+03	2.085951e+01	4.3531	1	1
126	0	231.6368	2	0.3179	0.000000	1.490663e+01	2.928380e+03	1.652790e+01	78.2566	1	0
127	1	232.3537	4	0.5178	-0.013262	6.583906e+00	7.130307e+02	1.577094e+01	11.6823	1	1
127	0	233.0705	4	0.3178	0.000000	5.045867e+00	9.000416e+02	7.380804e+00	93.3927	1	0
128	1	233.7949	1	0.6678	0.202759	2.140906e+01	2.477919e+03	2.457853e+01	68.4652	1	1
128	0	234.5947	1	0.3180	0.000000	6.898160e+00	1.529870e+03	1.239378e+01	51.7776	1	0
129	1	235.5609	4	0.6014	-0.049568	2.579643e+00	2.633387e+02	4.827723e+00	100.0000	0	1
129	0	236.3106	4	0.3511	0.000000	1.404051e+01	2.820531e+03	1.708012e+01	52.8901	1	0
130	1	236.9545	2	0.3677	-0.032327	3.116774e+00	3.185861e+02	3.305513e+00	100.0000	1	1
130	0	237.6711	2	0.3011	0.000000	3.727586e+00	7.261808e+02	5.588750e+00	53.7948	1	0
131	1	238.3880	1	0.9348	-0.005348	1.919154e+00	2.126981e+02	4.825950e+00	90.3329	1	1
131	0	239.4763	1	0.3679	0.000000	1.158374e+00	2.163274e+02	3.558240e+00	64.8855	1	0
132	1	240.1927	3	0.8176	-0.021387	5.367308e+00	5.132757e+02	8.752131e+00	49.4112	1	1
132	0	241.1425	3	0.5012	0.000000	4.911162e+00	8.911504e+02	8.552739e+00	97.3223	1	0
133	1	241.8589	2	0.3845	0.034812	4.632055e+00	4.926085e+02	2.477966e+01	5.1428	1	1
133	0	242.5752	2	0.2511	0.000000	5.402517e+00	1.032542e+03	9.719587e+00	92.6946	1	0
134	1	243.3084	3	0.7508	0.205609	2.260058e+01	2.147875e+03	5.410072e+01	10.4652	0	1
134	0	244.1914	3	0.6345	0.000000	2.892681e+01	5.600261e+03	5.412020e+01	47.3866	1	0
135	1	244.9745	4	0.8171	-0.048091	7.050859e+00	7.228035e+02	1.806083e+01	7.5409	1	1
135	0	245.9236	4	0.2678	0.000000	3.663717e+00	6.580910e+02	4.574286e+00	54.6102	1	0
136	1	246.6400	1	0.4013	0.115759	8.645682e+00	9.483622e+02	1.263503e+01	100.0000	1	1
136	0	247.3563	1	0.3348	0.000000	1.472119e+01	3.206863e+03	1.784665e+01	52.6049	1	0
137	1	248.0735	2	0.4512	0.197396	1.808318e+01	1.773254e+03	1.936831e+01	90.6853	0	1
137	0	248.8065	2	0.2510	0.000000	4.315320e+00	8.142033e+02	5.842087e+00	55.1956	1	0
138	1	249.4397	3	0.7011	-0.029403	9.302386e+00	8.988470e+02	1.900777e+01	80.5148	1	1
138	0	250.2731	3	0.5011	0.000000	3.570838e+00	6.270644e+02	9.142454e+00	89.4339	1	0
139	1	250.9900	4	0.6511	-0.111803	5.533159e+00	5.385793e+02	1.087104e+01	100.0000	1	1
139	0	251.7734	4	0.4347	0.000000	9.023460e+00	1.697484e+03	1.261636e+01	52.1772	1	0
140	1	252.4901	1	0.5678	0.002597	1.626808e+00	1.724449e+02	6.820155e+00	3.7359	1	1
140	0	253.2069	1	0.3011	0.000000	6.839721e-01	1.453465e+02	1.525871e+00	80.2201	1	0
141	1	253.9236	4	0.7846	-0.044357	1.305612e+01	1.322166e+03	2.175984e+01	6.1269	1	1
141	0	254.8571	4	0.3678	0.000000	6.765874e+00	1.273569e+03	9.373493e+00	54.2383	1	0
142	1	255.5739	3	1.0179	0.002667	2.422242e+00	2.667308e+02	7.542272e+00	3.0540	1	1
142	0	256.7407	3	0.3847	0.000000	1.653459e+00	2.973495e+02	4.571556e+00	67.1115	1	0
143	1	257.4576	1	0.5674	-0.012594	1.091166e+00	1.170755e+02	6.173761e+00	29.1218	1	1
143	0	258.1744	1	0.3344	0.000000	1.962713e+00	3.910907e+02	3.559713e+00	54.5219	1	0
144	1	258.9032	2	0.2557	-0.049710	3.659764e+00	3.738220e+02	7.909037e+00	8.1032	1	1
144	0	259.6246	2	0.1179	0.000000	7.426185e+00	1.327292e+03	7.608420e+00	53.9208	1	0
145	1	272.8984	2	0.6336	-0.114214	2.368569e+01	2.436518e+03	4.342874e+01	2.9607	1	1
145	0	273.6643	2	0.4011	0.000000	1.288684e+01	2.485449e+03	1.535044e+01	53.6635	1	0
146	1	274.3808	3	1.1508	0.002674	8.450515e+00	8.458320e+02	1.953960e+01	12.1076	1	1
146	0	275.6802	3	0.8008	0.000000	3.194707e+00	5.696379e+02	1.509910e+01	74.1850	1	0
147	1	276.6133	4	0.8677	-0.015999	5.968445e+00	5.930912e+02	9.107602e+00	90.5680	1	1
147	0	277.6129	4	0.4008	0.000000	1.788097e+00	3.206289e+02	3.044393e+00	87.8717	1	0
148	1	278.3293	1	0.7174	0.026172	3.438018e+00	4.991751e+02	1.092216e+01	19.4342	1	1
148	0	279.1790	1	0.3181	0.000000	1.700784e+00	3.370792e+02	3.305596e+00	52.8807	1	0
149	1	279.8955	2	0.5015	-0.057830	5.796740e+00	5.625897e+02	1.268291e+01	2.8186	1	1
149	0	280.6126	2	0.3179	0.000000	4.451744e+00	8.614040e+02	5.588829e+00	53.8276	1	0
150	1	281.3284	4	0.9348	-0.073168	8.716747e+00	8.489284e+02	1.258080e+01	86.5499	1	1
150	0	282.3952	4	0.5175	0.000000	1.323899e+01	2.531780e+03	2.653383e+01	75.4841	1	0
151	1	283.1111	1	0.5013	0.051678	5.056341e+00	5.577132e+02	7.069709e+00	58.4454	1	1
151	0	283.8277	1	0.3180	0.000000	7.183197e-01	1.542371e+02	2.797171e+00	64.4742	1	0
152	1	284.5445	3	1.1352	0.076772	5.503439e+00	5.489269e+02	7.355960e+00	100.0000	1	1
152	0	285.8119	3	0.4347	0.000000	6.828602e+00	1.247762e+03	8.617840e+00	54.7919	1	0
153	1	286.5287	4	0.6177	-0.013262	4.458770e+00	5.576668e+02	1.699827e+01	21.0419	1	1
153	0	287.2788	4	0.3512	0.000000	9.998362e+00	1.980775e+03	2.975539e+01	98.7430	1	0
154	1	287.9955	2	0.3512	-0.338648	1.731985e+01	1.706677e+03	3.431345e+01	100.0000	0	1
154	0	288.7124	2	0.3511	0.000000	1.064457e+01	2.084300e+03	1.657821e+01	53.7559	1	0
155	1	289.5625	3	0.7013	0.100456	8.529350e+00	8.535665e+02	1.544657e+01	79.3303	0	1
155	0	290.4126	3	0.5844	0.000000	1.325516e+01	2.398409e+03	1.581378e+01	53.0810	1	0
156	1	291.1294	1	0.4344	0.017815	1.404547e+00	1.976990e+02	4.254359e+00	16.5348	1	1
156	0	291.8461	1	0.3511	0.000000	4.618911e+00	1.043191e+03	8.087498e+00	71.8424	1	0
157	1	292.5630	4	0.7678	-0.191763	1.368979e+01	1.518998e+03	2.402293e+01	93.3573	0	1
157	0	293.4631	4	0.5010	0.000000	1.662473e+01	3.147167e+03	2.233514e+01	52.3063	1	0
158	1	294.1079	3	1.2340	0.026660	5.988907e+00	6.293652e+02	9.084899e+00	8.4721	1	1
158	0	295.4800	3	0.4345	0.000000	4.325156e+00	7.788008e+02	9.594205e+00	89.6871	1	0
159	1	296.1969	1	0.4844	-0.002353	3.140072e+00	3.456012e+02	1.008230e+01	13.6719	1	1
159	0	296.9135	1	0.3017	0.000000	4.577388e+00	9.816918e+02	1.239019e+01	55.9520	1	0
160	1	297.6971	2	0.6012	0.185025	1.505097e+01	1.456829e+03	1.928568e+01	85.6317	0	1
160	0	298.4471	2	0.4012	0.000000	1.119971e+01	2.143655e+03	1.852649e+01	53.6287	1	0
161	1	299.0895	1	0.4678	0.088377	8.814404e+00	8.958027e+02	1.018344e+01	46.7207	1	1
161	0	299.8059	1	0.3513	0.000000	4.842034e+00	9.391936e+02	5.979686e+00	100.0000	1	0
162	1	300.5225	2	0.5342	0.002632	3.150176e+00	3.647287e+02	6.462041e+00	42.0484	1	1
162	0	301.2387	2	0.3183	0.000000	4.660661e-01	8.478381e+01	1.017528e+00	66.4312	1	0
163	1	301.9644	3	0.7511	0.031819	3.870734e+00	3.885996e+02	7.856431e+00	93.8781	1	1
163	0	302.8550	3	0.3844	0.000000	4.973733e+00	9.066535e+02	1.494437e+01	88.5002	1	0
164	1	303.5715	4	0.6342	-0.053001	6.004567e+00	6.078045e+02	2.264045e+01	5.6338	1	1
164	0	304.3378	4	0.2844	0.000000	5.861574e+00	1.079065e+03	1.500239e+01	80.7478	1	0
165	1	305.0648	1	0.9512	-0.012886	6.926165e+00	7.041749e+02	1.310022e+01	94.2400	1	1
165	0	306.1539	1	0.3510	0.000000	3.263017e+00	5.966711e+02	6.846417e+00	64.2835	1	0
166	1	306.8703	4	1.2172	-0.028713	3.359939e+00	3.929613e+02	7.370200e+00	3.4373	1	1
166	0	308.2198	4	0.4177	0.000000	4.502558e+00	8.806503e+02	4.828602e+00	53.9227	1	0
167	1	308.9363	3	0.8342	-0.015956	3.465801e+00	3.602311e+02	4.860344e+00	8.1790	1	1
167	0	309.9194	3	0.4343	0.000000	6.803891e+00	1.261428e+03	1.650788e+01	79.1239	1	0
168	1	310.6357	2	0.5009	-0.076570	1.655275e+01	1.587121e+03	2.075593e+01	64.9417	1	1
168	0	311.3521	2	0.2682	0.000000	2.017923e+00	3.946812e+02	3.305563e+00	53.0421	1	0
169	1	312.0852	3	0.7176	-0.024060	4.259647e+00	4.181336e+02	6.088897e+00	3.7661	1	1
169	0	312.9515	3	0.4010	0.000000	3.809536e+00	7.111142e+02	1.087643e+01	91.5631	1	0
170	1	313.6680	4	0.5678	0.000000	1.656991e+01	1.690035e+03	3.485323e+01	4.4687	1	1
170	0	314.3844	4	0.3679	0.000000	1.186547e+01	2.301969e+03	1.461667e+01	54.5925	1	0
171	1	315.1008	2	0.3513	-0.023995	1.704347e+00	1.625499e+02	2.288969e+00	100.0000	1	1
171	0	315.8340	2	0.0179	0.000000	9.372396e-01	5.003112e+01	1.271217e+00	67.1551	1	0
172	1	316.5504	1	0.7341	-0.025968	1.122243e+01	1.189417e+03	2.852943e+01	4.7710	1	1
172	0	317.4168	1	0.3177	0.000000	1.873238e+00	3.955644e+02	3.051703e+00	52.9895	1	0
173	1	318.1336	4	0.7177	-0.076772	1.868452e+01	1.937215e+03	3.175065e+01	9.4818	1	1
173	0	318.9837	4	0.3344	0.000000	5.277732e+00	9.543277e+02	1.137061e+01	81.9344	1	0
174	1	319.7005	2	0.5011	-0.040085	2.446887e+00	2.351777e+02	4.573934e+00	98.6153	1	1
174	0	320.4171	2	0.3178	0.000000	1.282150e+00	2.512619e+02	1.514632e+00	100.0000	1	0
175	1	321.1339	1	0.8014	-0.039767	8.768416e+00	8.634415e+02	1.788609e+01	2.5583	1	1
175	0	322.0842	1	0.3179	0.000000	5.419489e+00	1.068169e+03	8.786281e+00	78.6316	1	0
176	1	322.8009	3	0.9181	-0.047963	3.058722e+00	2.933444e+02	5.331550e+00	87.4690	1	1
176	0	323.8677	3	0.4678	0.000000	7.694673e+00	1.379998e+03	1.665271e+01	88.7090	1	0
177	1	324.5845	2	0.4015	-0.146984	1.912852e+01	1.861184e+03	2.300424e+01	83.6742	1	1
177	0	325.3013	2	0.3178	0.000000	1.742050e+01	3.169782e+03	2.039407e+01	52.0770	1	0
178	1	326.0305	1	0.6054	-0.048555	5.741620e+00	5.846711e+02	7.187463e+00	22.1946	1	1
178	0	326.7681	1	0.3511	0.000000	7.740409e-01	1.652162e+02	1.271937e+00	53.5122	1	0
179	1	327.4849	3	0.9178	-0.002667	6.200301e+00	6.225556e+02	1.233901e+01	90.5073	1	1
179	0	328.5350	3	0.6345	0.000000	1.073750e+01	2.040599e+03	3.063697e+01	93.1835	1	0
180	1	329.3018	4	0.6686	-0.049568	3.305427e+00	3.344798e+02	4.827723e+00	100.0000	1	1
180	0	330.1186	4	0.4345	0.000000	7.716552e+00	1.514479e+03	1.117624e+01	97.7023	1	0
181	1	330.8355	4	0.5011	0.023494	6.172911e+00	7.339519e+02	7.581015e+00	72.9074	1	1
181	0	331.5620	4	0.3178	0.000000	5.588856e+00	1.013597e+03	9.845226e+00	86.8488	1	0
182	1	332.2783	1	0.5843	0.053283	6.283712e+00	6.039144e+02	1.263908e+01	6.4775	1	1
182	0	333.0026	1	0.2844	0.000000	3.589721e+00	7.488066e+02	4.575212e+00	52.1964	1	0
183	1	333.7192	2	0.3177	-0.084376	5.995188e+00	6.109470e+02	1.050189e+01	7.4765	1	1
183	0	334.4361	2	0.0348	0.000000	1.260467e+01	9.895335e+02	1.317610e+01	56.8781	1	0
184	1	335.1530	3	0.6343	0.082479	9.380403e+00	8.951511e+02	1.933298e+01	33.4364	1	1
184	0	335.9271	3	0.5010	0.000000	1.127165e+01	2.084500e+03	2.158280e+01	83.2715	1	0
185	1	336.6436	4	0.5342	-0.057679	5.968753e+00	6.073718e+02	7.012361e+00	6.1365	1	1
185	0	337.3601	4	0.4346	0.000000	5.344097e+00	9.322916e+02	8.112633e+00	55.6825	1	0
186	1	338.0765	3	0.8177	0.058756	1.572617e+00	1.577580e+02	7.224681e+00	1.4950	1	1
186	0	339.0424	3	0.4680	0.000000	6.191225e+00	1.081954e+03	8.089998e+00	92.8845	1	0
187	1	339.7701	1	0.5014	0.021387	2.573637e+00	2.466884e+02	6.143717e+00	12.8192	1	1
187	0	340.4870	1	0.2513	0.000000	4.468490e+00	9.309646e+02	7.083558e+00	72.9228	1	0
188	1	341.2036	2	0.4012	0.079619	3.134340e+00	3.043534e+02	1.024171e+01	7.3185	1	1
188	0	341.9252	2	0.2676	0.000000	2.280593e+00	3.923815e+02	6.067636e+00	78.8543	1	0
189	1	342.6415	1	0.5679	0.000000	1.027364e+00	1.142975e+02	4.417675e+00	6.9490	1	1
189	0	343.3581	1	0.3345	0.000000	4.343932e-01	9.195934e+01	1.523566e+00	96.4027	1	0
190	1	344.0744	4	0.8679	-0.072977	1.291839e+01	1.389257e+03	2.238603e+01	9.8738	1	1
190	0	345.0907	4	0.3343	0.000000	8.428713e+00	1.632820e+03	1.037800e+01	53.9973	1	0
191	1	345.8072	2	0.5011	-0.097678	1.107003e+01	1.143296e+03	1.454157e+01	46.5463	1	1
191	0	346.5236	2	0.4508	0.000000	6.185750e+00	1.177702e+03	7.106734e+00	54.6579	1	0
192	1	347.2401	3	0.8342	0.013297	7.968422e+00	8.259843e+02	1.116165e+01	41.9037	1	1
192	0	348.2231	3	0.3849	0.000000	6.241451e+00	1.100637e+03	9.676101e+00	86.4753	1	0
193	1	361.4735	3	1.3846	-0.002660	4.031578e+00	6.873269e+02	1.476250e+01	90.7010	1	1
193	0	363.0070	3	0.5178	0.000000	6.320576e-01	1.113143e+02	1.525347e+00	87.2684	1	0
194	1	363.7238	4	0.7678	-0.015706	1.076993e+01	1.048251e+03	1.322652e+01	0.2613	1	1
194	0	364.6241	4	0.4510	0.000000	5.327841e+00	9.658865e+02	9.802217e+00	74.7780	1	0
195	1	365.3407	2	0.4512	-0.037204	3.158048e+00	3.768611e+02	4.052115e+00	49.7993	1	1
195	0	366.0670	2	0.3511	0.000000	3.583733e+00	6.933832e+02	3.813496e+00	53.8739	1	0
196	1	366.7835	1	0.8511	0.110948	1.388692e+01	1.891891e+03	2.357244e+01	31.5211	1	1
196	0	367.7911	1	0.3511	0.000000	9.636430e+00	2.027950e+03	1.059002e+01	70.2034	1	0
197	1	368.5079	2	0.4684	0.087630	7.766238e+00	7.617022e+02	1.630438e+01	2.8133	1	1
197	0	369.2247	2	0.3178	0.000000	7.600437e+00	1.499695e+03	8.620118e+00	52.6810	1	0
198	1	369.9415	4	0.7517	-0.064083	2.942242e+00	2.802619e+02	6.093142e+00	100.0000	1	1
198	0	370.8488	4	0.3510	0.000000	5.889279e+00	1.041993e+03	6.599293e+00	54.9440	1	0
199	1	371.5652	3	1.0006	0.002674	2.765740e+00	2.955169e+02	5.330171e+00	84.3541	1	1
199	0	372.6983	3	0.4345	0.000000	6.458269e+00	1.133808e+03	1.879165e+01	85.4770	1	0
200	1	373.4145	1	0.6341	0.066568	1.370646e+00	1.547586e+02	7.354000e+00	96.7715	1	1
200	0	374.1810	1	0.3343	0.000000	5.031314e+00	9.634547e+02	5.841378e+00	52.3883	1	0
201	1	374.8974	2	0.3681	0.116101	1.285598e+01	1.342061e+03	2.083628e+01	0.9736	1	1
201	0	375.6256	2	0.1180	0.000000	2.543999e-01	4.129170e+01	2.544021e-01	55.7988	1	0
202	1	376.3424	3	0.8180	-0.215836	1.376000e+01	1.291472e+03	3.301659e+01	5.3737	0	1
202	0	377.2966	3	0.6178	0.000000	1.413810e+01	2.566663e+03	2.843938e+01	75.1716	1	0
203	1	378.0631	1	0.5009	-0.010282	9.953472e-01	9.849715e+01	1.523679e+00	25.6621	1	1
203	0	378.7795	1	0.3513	0.000000	1.131563e+00	2.283041e+02	3.288623e+00	92.8912	1	0
204	1	379.4958	4	0.8844	0.082699	1.478564e+01	1.568223e+03	1.945635e+01	57.6024	1	1
204	0	380.5288	4	0.4509	0.000000	8.025328e+00	1.578334e+03	1.167229e+01	100.0000	1	0
205	1	381.2452	3	0.7175	-0.074134	4.344806e+00	5.380602e+02	1.404215e+01	88.9774	1	1
205	0	382.1118	3	0.3675	0.000000	8.689042e-01	1.582366e+02	5.036925e+00	90.4405	1	0
206	1	382.8282	2	0.4843	-0.353334	3.276353e+01	3.419448e+03	4.036819e+01	61.7562	1	1
206	0	383.5445	2	0.2846	0.000000	1.264798e+01	2.417871e+03	2.045976e+01	53.7739	1	0
207	1	384.2609	1	0.4514	0.028713	2.814312e+00	2.776257e+02	8.346937e+00	3.9427	1	1
207	0	384.9941	1	0.3009	0.000000	2.207022e+00	4.687642e+02	6.017012e+00	100.0000	1	0
208	1	385.7105	4	0.7014	-0.095454	1.308791e+01	1.646325e+03	2.105358e+01	10.9890	1	1
208	0	386.5607	4	0.4178	0.000000	7.215484e+00	1.285062e+03	9.620085e+00	54.4698	1	0
209	1	387.2774	1	1.0014	0.057982	1.381577e+01	2.609212e+03	3.049025e+01	50.5057	1	1
209	0	388.4109	1	0.3181	0.000000	2.758358e+00	5.197118e+02	4.574533e+00	53.4143	1	0
210	1	389.1278	4	0.8512	0.015956	9.931083e-01	1.367366e+02	1.780468e+00	95.3698	1	1
210	0	390.1111	4	0.4179	0.000000	7.035241e+00	1.369713e+03	1.772714e+01	80.8916	1	0
211	1	390.8280	2	0.5016	0.119224	6.876298e+00	7.230300e+02	1.186009e+01	95.8271	1	1
211	0	391.5447	2	0.3179	0.000000	4.719681e+00	9.367659e+02	7.826189e+00	94.9461	1	0
212	1	392.2615	3	0.9184	-0.034561	2.717810e+00	3.116393e+02	7.373308e+00	5.1985	1	1
212	0	393.3283	3	0.4345	0.000000	4.260877e+00	7.606061e+02	1.055609e+01	70.5477	1	0
213	1	394.0452	1	0.6511	-0.013123	3.412821e+00	3.378584e+02	6.898123e+00	2.6430	1	1
213	0	394.8286	1	0.3512	0.000000	2.236814e+00	4.556264e+02	4.563439e+00	82.5067	1	0
214	1	395.5453	2	0.5183	0.160077	1.898115e+01	1.830577e+03	2.455250e+01	10.9107	1	1
214	0	396.2621	2	0.2845	0.000000	4.750192e+00	9.133400e+02	7.106815e+00	54.6014	1	0
215	1	396.9899	3	0.8011	-0.002667	1.614369e+01	1.556388e+03	3.754810e+01	3.9398	1	1
215	0	397.9457	3	0.5845	0.000000	1.415734e+01	2.537574e+03	2.721254e+01	79.3632	1	0
216	1	398.6792	4	0.5845	0.000000	7.509831e+00	7.216163e+02	8.107086e+00	92.9962	1	1
216	0	399.3960	4	0.5012	0.000000	8.667525e+00	1.608839e+03	1.237372e+01	54.5545	1	0
217	1	400.1223	3	0.7007	-0.053425	4.982757e+00	5.362016e+02	9.090156e+00	80.4600	1	1
217	0	400.9629	3	0.5346	0.000000	6.612982e+00	1.207915e+03	1.005868e+01	72.8413	1	0
218	1	401.6797	1	0.5183	0.046963	6.360302e+00	6.329622e+02	8.336354e+00	72.5133	1	1
218	0	402.3964	1	0.3678	0.000000	3.659579e+00	6.983821e+02	4.574695e+00	53.6701	1	0
219	1	403.1132	4	0.4345	-0.150294	1.246361e+01	1.336591e+03	1.458905e+01	100.0000	0	1
219	0	403.8301	4	0.5345	0.000000	1.304696e+01	2.412076e+03	2.359523e+01	77.6260	1	0
220	1	404.5043	2	0.4508	-0.122057	9.075626e+00	8.690841e+02	1.161548e+01	100.0000	1	1
