Trial	Type	Onset	Target #	Time to Target	Endpoint Error	Est. Avg. Error Mag	Accum. Error x dMagProj	Max Error Mag.	Max Error Pos. (% of trajectory)	Feedback	Target (1)/Return (0)
1	1	0.5486	4	2.2352	-0.015788	4.880914e+00	4.865880e+02	9.463729e+00	4.7751	1	1
1	0	2.9490	4	1.0849	0.000000	2.070223e+00	3.696884e+02	3.557104e+00	71.4114	1	0
2	1	4.1825	1	1.4347	-0.100456	9.832689e+00	9.661494e+02	1.374303e+01	54.0834	1	1
2	0	5.7661	1	0.9178	0.000000	3.979215e+00	7.769103e+02	7.862563e+00	58.1414	1	0
3	1	6.8329	2	1.5014	-0.056091	4.851467e+00	4.760008e+02	9.084899e+00	9.0743	1	1
3	0	8.4664	2	0.4512	0.000000	5.580135e+00	9.837508e+02	9.903226e+00	91.3594	1	0
4	1	9.1920	3	2.7995	-0.058756	6.461875e+00	6.458815e+02	9.209183e+00	33.6390	1	1
4	0	12.1243	3	1.1837	0.000000	3.636264e+00	6.439171e+02	7.376558e+00	94.9326	1	0
5	1	13.4400	4	2.3178	-0.050623	5.245452e+00	5.041014e+02	1.211705e+01	1.5761	1	1
5	0	15.8897	4	0.9501	0.000000	2.451982e+00	4.449981e+02	8.171867e+00	95.9979	1	0
6	1	16.9721	1	2.4339	-0.031989	8.145674e+00	8.004830e+02	1.291907e+01	60.1798	1	1
6	0	19.5546	1	1.0340	0.000000	5.344988e+00	9.735667e+02	1.230484e+01	68.7049	1	0
7	1	20.7209	3	2.8166	-0.040085	4.158960e+00	4.890350e+02	1.249920e+01	49.3995	1	1
7	0	23.6865	3	1.0516	0.000000	2.815707e+00	4.992760e+02	1.103321e+01	73.8419	1	0
8	1	24.8701	2	1.9164	-0.010695	5.681258e+00	6.377903e+02	9.343511e+00	74.0291	1	1
8	0	26.9355	2	0.4853	0.000000	6.628419e+00	1.308425e+03	1.430323e+01	87.9307	1	0
9	1	27.6528	3	2.0844	-0.029403	5.105008e+00	5.222487e+02	8.575383e+00	29.1827	1	1
9	0	29.8859	3	1.2684	0.000000	3.081572e+00	5.338921e+02	6.346140e+00	55.4065	1	0
10	1	31.2866	2	1.5513	-0.079619	4.475017e+00	4.340511e+02	1.110730e+01	93.3046	1	1
10	0	32.9869	2	0.5011	0.000000	7.841400e+00	1.393358e+03	1.266166e+01	77.6623	1	0
11	1	33.7037	4	1.7850	0.015788	6.343455e+00	7.975086e+02	7.849825e+00	23.3143	1	1
11	0	35.6373	4	0.7679	0.000000	1.027208e+01	1.812769e+03	3.174533e+01	76.2204	1	0
12	1	36.5375	1	1.6179	-0.055645	7.234630e+00	7.362520e+02	1.445493e+01	74.6360	1	1
12	0	38.2877	1	0.5179	0.000000	5.025479e+00	1.056887e+03	7.667446e+00	100.0000	1	0
13	1	39.0044	3	1.5346	0.029403	2.269794e+00	2.418534e+02	1.045188e+01	6.2216	1	1
13	0	40.6713	3	0.8846	0.000000	7.321345e+00	1.313846e+03	1.229712e+01	83.5112	1	0
14	1	41.6883	4	1.4346	0.088007	7.920007e+00	7.603507e+02	1.241725e+01	59.4798	1	1
14	0	43.8219	4	0.7512	0.000000	6.851549e+00	1.211387e+03	1.127527e+01	72.8789	1	0
15	1	44.7300	2	1.3505	-0.024060	8.133727e+00	7.789905e+02	1.017613e+01	0.0000	1	1
15	0	46.2289	2	0.3343	0.000000	6.183252e+00	1.230743e+03	1.023724e+01	77.6344	1	0
16	1	46.9453	1	1.9515	-0.031568	5.179010e+00	5.093363e+02	8.574414e+00	67.1362	1	1
16	0	49.0452	1	0.4836	0.000000	4.830903e+00	8.743091e+02	9.038303e+00	78.2819	1	0
17	2	62.3246	2	1.5014	-0.145560	2.677667e+01	4.149188e+03	4.034631e+01	19.9642	1	1
17	0	63.9749	2	0.7012	0.000000	6.182988e+00	1.273787e+03	1.413534e+01	78.9420	1	0
18	2	64.8250	4	1.0514	0.111241	4.123236e+00	4.401657e+02	1.061889e+01	100.0000	1	1
18	0	66.0253	4	0.7179	0.000000	7.145565e+00	1.242879e+03	1.062026e+01	55.2430	1	0
19	2	66.8921	1	0.7345	-0.002645	3.075497e+00	3.064514e+02	4.807101e+00	1.0053	1	1
19	0	67.7588	1	0.4345	0.000000	4.258270e+00	8.386115e+02	6.854600e+00	53.8849	1	0
20	2	68.4756	3	2.0347	-0.050759	5.069832e+00	5.119214e+02	9.943869e+00	50.4945	1	1
20	0	70.6426	3	1.1845	0.000000	2.972978e+00	5.229354e+02	8.363989e+00	55.1983	1	0
21	2	71.9595	4	1.7013	-0.091846	3.926477e+00	4.109086e+02	8.866580e+00	100.0000	1	1
21	0	73.7931	4	1.2346	0.000000	9.546034e+00	1.686063e+03	1.228425e+01	69.2740	1	0
22	2	75.1767	2	1.8514	0.047963	5.994295e+00	6.096059e+02	1.012562e+01	6.2924	1	1
22	0	77.1690	2	0.7008	0.000000	6.820800e+00	1.285532e+03	1.172854e+01	78.3883	1	0
23	2	78.0104	3	2.6682	-0.029403	3.105401e+00	3.098689e+02	1.245312e+01	5.1804	1	1
23	0	80.8178	3	1.6176	0.000000	3.804680e+00	6.748380e+02	1.497790e+01	78.7424	1	0
24	2	82.5673	1	1.5341	-0.028788	7.153513e+00	8.622440e+02	1.456625e+01	50.8814	1	1
24	0	84.2500	1	0.5342	0.000000	6.267880e+00	1.320693e+03	8.932419e+00	89.6985	1	0
25	2	84.9664	2	1.9675	-0.029403	8.687392e+00	8.648950e+02	1.218748e+01	61.2994	1	1
25	0	87.2157	2	0.8177	0.000000	6.153657e+00	1.114356e+03	9.094547e+00	67.7910	1	0
26	2	88.1820	4	1.8837	0.071685	4.504114e+00	5.266143e+02	8.604159e+00	89.6918	1	1
26	0	90.2146	4	1.0179	0.000000	5.859537e+00	1.024166e+03	7.104229e+00	55.4518	1	0
27	2	91.3808	1	1.4008	-0.029325	3.961990e+00	4.024281e+02	5.756158e+00	37.1615	1	1
27	0	92.9137	1	0.7676	0.000000	1.003016e+00	1.975979e+02	5.443397e+00	97.7389	1	0
28	2	93.8135	3	1.7345	0.000000	3.711052e+00	4.120160e+02	8.331906e+00	74.6635	1	1
28	0	95.6965	3	1.0346	0.000000	1.658045e+00	2.867154e+02	6.024817e+00	89.7005	1	0
29	2	96.8633	4	1.9014	-0.079408	8.380358e+00	8.354018e+02	1.222747e+01	65.2262	1	1
29	0	98.8969	4	1.0681	0.000000	5.079457e+00	9.132644e+02	7.609613e+00	55.0208	1	0
30	2	100.1138	2	1.5016	0.074331	5.063569e+00	5.681887e+02	7.355374e+00	99.0734	1	1
30	0	101.7641	2	0.6012	0.000000	5.066625e+00	9.384142e+02	5.826469e+00	75.4292	1	0
31	2	102.5141	3	1.8513	-0.008021	3.389400e+00	3.668515e+02	9.154981e+00	1.1705	1	1
31	0	104.4980	3	1.1510	0.000000	3.900494e+00	7.014062e+02	1.686588e+01	69.2778	1	0
32	2	105.7813	1	0.9845	-0.076168	8.017626e+00	9.061633e+02	1.437493e+01	50.3252	1	1
32	0	106.8982	1	0.5013	0.000000	7.799404e+00	1.541801e+03	9.086310e+00	72.1753	1	0
33	2	107.6150	2	1.0345	0.078991	1.801144e+01	1.734629e+03	2.277415e+01	53.2823	1	1
33	0	108.7817	2	0.5180	0.000000	2.771718e+00	5.408472e+02	3.305635e+00	54.3403	1	0
34	2	109.5082	4	1.6505	-0.047458	4.718399e+00	4.777306e+02	9.637332e+00	5.6288	1	1
34	0	111.3156	4	0.6845	0.000000	7.520048e+00	1.364617e+03	1.833436e+01	78.4966	1	0
35	2	112.1406	1	0.8008	-0.087311	4.467022e+00	4.968935e+02	8.363324e+00	100.0000	1	1
35	0	113.0736	1	0.6176	0.000000	4.708121e+00	9.931586e+02	7.866818e+00	52.6915	1	0
36	2	113.8401	3	1.2179	-0.008021	4.387796e+00	4.296928e+02	5.332245e+00	90.7422	1	1
36	0	115.2062	3	0.9508	0.000000	4.419019e+00	7.769116e+02	1.500433e+01	65.1900	1	0
37	2	116.2893	4	1.9173	-0.069407	3.990598e+00	4.088733e+02	1.084308e+01	84.2895	1	1
37	0	118.3551	4	0.8842	0.000000	6.592940e+00	1.168900e+03	7.576858e+00	75.4839	1	0
38	2	119.3715	2	1.3344	0.031735	5.318795e+00	5.968401e+02	8.076048e+00	71.0221	1	1
38	0	120.8542	2	0.6846	0.000000	6.867291e+00	1.247652e+03	1.249798e+01	73.6808	1	0
39	2	121.6873	3	2.1007	-0.047963	4.102040e+00	4.254760e+02	1.191975e+01	3.5179	1	1
39	0	123.9199	3	1.2676	0.000000	5.601998e+00	1.002979e+03	1.531756e+01	90.3436	1	0
40	2	125.3363	1	1.0009	-0.005319	1.194842e+01	1.335995e+03	1.857984e+01	85.5719	1	1
40	0	126.4857	1	0.5013	0.000000	3.965968e+00	7.563694e+02	9.737629e+00	97.5474	1	0
41	2	127.8686	2	1.0008	0.013123	6.310565e+00	6.370067e+02	1.368312e+01	4.7562	1	1
41	0	129.0183	2	0.4678	0.000000	4.953088e-01	9.351800e+01	3.253159e+00	100.0000	1	0
42	2	129.7350	4	1.5847	-0.044943	7.330739e+00	7.219090e+02	1.656215e+01	5.2265	1	1
42	0	131.4519	4	0.7178	0.000000	5.208255e+00	9.139708e+02	5.334326e+00	55.0052	1	0
43	2	132.3021	1	0.9844	-0.079408	4.757153e+00	4.923074e+02	9.113061e+00	95.6737	1	1
43	0	133.4190	1	0.6011	0.000000	2.918254e+00	5.397126e+02	5.128767e+00	100.0000	1	0
44	2	134.1524	3	1.9514	-0.045302	3.478875e+00	3.898941e+02	7.118749e+00	14.1558	1	1
44	0	136.2526	3	0.7681	0.000000	4.170066e+00	7.492742e+02	1.085236e+01	93.7762	1	0
45	2	137.1696	4	2.0845	-0.058756	7.639632e+00	7.810290e+02	9.817543e+00	71.4672	1	1
45	0	139.3865	4	0.8511	0.000000	8.466631e+00	1.505362e+03	1.407162e+01	76.8306	1	0
46	2	140.3699	2	1.3180	-0.065695	4.865180e+00	4.717074e+02	6.598471e+00	98.1414	1	1
46	0	141.8202	2	0.4011	0.000000	6.563534e+00	1.213403e+03	6.600342e+00	54.5150	1	0
47	2	142.5370	3	2.4514	-0.008021	4.981089e+00	6.156761e+02	1.462923e+01	74.4288	1	1
47	0	145.1294	3	0.8509	0.000000	3.113205e+00	5.501543e+02	1.723311e+01	59.9292	1	0
48	2	146.1125	1	0.9174	-0.149666	5.809916e+00	7.123327e+02	1.433887e+01	100.0000	1	1
48	0	147.1788	1	0.4509	0.000000	7.705180e+00	1.424477e+03	1.137530e+01	54.2835	1	0
49	2	147.9044	2	0.7012	0.137426	1.946772e+01	1.893274e+03	3.888326e+01	5.4437	1	1
49	0	148.7449	2	0.5345	0.000000	6.417244e+00	1.175175e+03	7.861700e+00	54.0089	1	0
50	2	149.4614	4	1.9005	-0.048091	9.976374e+00	1.018168e+03	1.752610e+01	62.3797	1	1
50	0	151.5107	4	0.6342	0.000000	5.314738e+00	9.554050e+02	8.784082e+00	78.2597	1	0
51	2	152.2771	1	0.6842	-0.120323	7.185270e+00	7.414683e+02	1.212306e+01	100.0000	1	1
51	0	153.0936	1	0.5345	0.000000	9.513483e+00	1.992899e+03	1.289166e+01	54.1800	1	0
52	2	153.8099	3	2.1341	0.013368	4.030418e+00	3.837877e+02	8.011788e+00	15.1915	1	1
52	0	156.0925	3	0.7169	0.000000	3.863065e+00	6.858859e+02	9.113803e+00	56.2380	1	0
53	2	156.9416	4	0.9178	-0.047709	9.021714e+00	8.713022e+02	1.080986e+01	72.9078	1	1
53	0	158.0079	4	0.4512	0.000000	4.272815e+00	7.596578e+02	7.157489e+00	100.0000	1	0
54	2	158.7244	2	0.5841	0.047333	6.091888e+00	6.019097e+02	8.828522e+00	6.8495	1	1
54	0	159.4407	2	0.4514	0.000000	2.606570e+00	5.077588e+02	4.574976e+00	54.2777	1	0
55	2	160.1572	3	1.0343	0.005305	2.871108e+00	2.808132e+02	6.594047e+00	87.5111	1	1
55	0	161.3234	3	0.5352	0.000000	1.720499e+00	3.018050e+02	4.916264e+00	100.0000	1	0
56	2	162.0399	1	0.5678	-0.098383	6.382989e+00	6.233898e+02	9.840011e+00	78.2166	1	1
56	0	162.7564	1	0.4513	0.000000	7.252540e+00	1.579213e+03	9.885475e+00	53.0228	1	0
57	2	164.1397	2	0.6015	0.048091	4.232649e+00	4.173952e+02	4.826790e+00	95.3374	1	1
57	0	164.8731	2	0.4178	0.000000	7.434468e+00	1.380628e+03	1.208990e+01	80.3098	1	0
58	2	165.5899	4	0.7184	-0.049958	4.861704e+00	4.716965e+02	5.399657e+00	1.9803	1	1
58	0	166.4406	4	0.5512	0.000000	4.159138e+00	7.736966e+02	4.828188e+00	54.5050	1	0
59	2	167.1574	1	0.5678	0.050976	6.692540e+00	6.825656e+02	9.090615e+00	75.1381	1	1
59	0	167.8741	1	0.4351	0.000000	3.570959e+00	7.760982e+02	4.805737e+00	86.7290	1	0
60	2	168.5909	3	0.9017	-0.074727	6.422797e+00	6.138382e+02	1.378553e+01	27.9027	1	1
60	0	169.6411	3	0.5678	0.000000	7.749353e+00	1.439370e+03	1.797880e+01	67.9387	1	0
61	2	170.4079	4	1.2845	-0.021330	8.407902e+00	9.647757e+02	2.032264e+01	14.1035	1	1
61	0	171.8248	4	0.5178	0.000000	7.055096e+00	1.258402e+03	8.204179e+00	86.9786	1	0
62	2	172.5416	2	0.5845	-0.032983	2.812250e+00	2.845277e+02	7.082750e+00	1.2413	1	1
62	0	173.2750	2	0.3845	0.000000	2.727687e+00	5.752824e+02	3.305824e+00	53.5344	1	0
63	2	173.9918	3	1.8014	-0.077180	4.958371e+00	5.114688e+02	1.465818e+01	3.1311	1	1
63	0	175.9254	3	0.7845	0.000000	7.445697e+00	1.316183e+03	1.429790e+01	62.1313	1	0
64	2	176.8422	1	0.5346	-0.087311	4.586239e+00	4.672633e+02	8.363324e+00	100.0000	1	1
64	0	177.5685	1	0.4347	0.000000	5.352434e+00	1.146907e+03	9.129345e+00	53.2565	1	0
65	1	191.4139	3	1.3003	-0.026732	8.592774e+00	8.465305e+02	1.288552e+01	15.6558	1	1
65	0	192.8794	3	0.8347	0.000000	1.933580e+00	3.330350e+02	1.377566e+01	66.4349	1	0
66	1	193.8625	2	0.5345	0.082044	7.428048e+00	7.355263e+02	7.859969e+00	100.0000	1	1
66	0	194.5790	2	0.5178	0.000000	1.061579e+01	2.213698e+03	1.311803e+01	59.9363	1	0
67	1	195.2954	4	1.0345	0.034745	2.362077e+00	2.274468e+02	8.608717e+00	92.7547	1	1
67	0	196.8282	4	0.7176	0.000000	2.330472e+00	4.272196e+02	6.431537e+00	100.0000	1	0
68	1	197.6782	1	0.7681	-0.069407	4.618181e+00	4.885147e+02	1.615855e+01	5.8406	1	1
68	0	198.5783	1	0.3844	0.000000	4.340832e+00	8.357305e+02	6.621099e+00	100.0000	1	0
69	1	199.2951	2	0.5511	-0.026449	4.610698e+00	4.654933e+02	9.920175e+00	9.1564	1	1
69	0	200.0118	2	0.4512	0.000000	9.556152e+00	2.022265e+03	1.505062e+01	95.3100	1	0
70	1	200.8452	4	1.2353	-0.047333	8.635023e+00	9.303400e+02	1.784967e+01	12.9393	1	1
70	0	202.2294	4	0.6679	0.000000	6.696579e+00	1.216681e+03	8.165095e+00	89.0210	1	0
71	1	203.0462	1	0.6346	-0.106921	7.116804e+00	7.713095e+02	1.086420e+01	95.9331	1	1
71	0	203.8130	1	0.4345	0.000000	5.949271e+00	1.115819e+03	8.870553e+00	54.3224	1	0
72	1	204.5298	3	2.1181	0.008000	6.054980e+00	5.947782e+02	1.035463e+01	89.5654	1	1
72	0	206.7968	3	0.7178	0.000000	3.619008e+00	6.271985e+02	9.033901e+00	79.3974	1	0
73	1	207.6470	1	0.5845	-0.044590	3.186366e+00	3.318396e+02	5.329250e+00	79.6371	1	1
73	0	208.3803	1	0.3845	0.000000	1.894848e+00	3.957310e+02	4.321477e+00	56.0720	1	0
74	1	209.0972	3	1.4013	-0.093311	6.653687e+00	6.551916e+02	1.308533e+01	93.0520	1	1
74	0	210.6306	3	0.8013	0.000000	6.912524e+00	1.246379e+03	1.101141e+01	100.0000	1	0
75	1	211.5642	2	0.7846	0.129931	8.368280e+00	9.441141e+02	1.236068e+01	100.0000	1	1
75	0	212.4810	2	0.5012	0.000000	3.978369e+00	7.396101e+02	5.588120e+00	53.6955	1	0
76	1	213.2065	4	1.0837	-0.078991	5.731190e+00	5.650313e+02	7.852746e+00	88.3241	1	1
76	0	214.4389	4	0.6176	0.000000	8.387350e+00	1.491222e+03	1.135200e+01	94.9113	1	0
77	1	215.2053	3	2.1009	-0.032075	4.925147e+00	4.850300e+02	1.210305e+01	92.3967	1	1
77	0	217.4386	3	0.9005	0.000000	3.050670e+00	5.530967e+02	1.535146e+01	82.0658	1	0
78	1	218.4875	2	0.7180	0.045423	4.347603e+00	4.136190e+02	8.379927e+00	0.5338	1	1
78	0	219.3539	2	0.4512	0.000000	2.324310e+00	4.772734e+02	3.559291e+00	61.1108	1	0
79	1	220.0703	1	1.1841	-0.005348	1.023347e+00	1.009437e+02	3.031092e+00	29.1506	1	1
79	0	221.4032	1	0.3509	0.000000	3.103300e+00	5.836891e+02	3.813393e+00	54.3361	1	0
80	1	222.1197	4	0.7179	-0.110080	1.170170e+01	1.329432e+03	1.652838e+01	15.8707	1	1
80	0	222.9859	4	0.6848	0.000000	9.852644e+00	1.820624e+03	2.071672e+01	84.5267	1	0
81	2	236.3679	2	3.4183	-0.069655	1.566224e+01	2.533609e+03	2.273094e+01	20.1108	1	1
81	0	239.9186	2	0.5012	0.000000	3.746285e+00	7.784835e+02	7.177628e+00	99.3564	1	0
82	2	240.6354	4	0.8510	0.005263	8.501728e+00	8.924740e+02	1.253011e+01	76.1853	1	1
82	0	241.6188	4	0.5345	0.000000	1.868833e+00	3.279063e+02	6.673392e+00	100.0000	1	0
83	2	242.3355	1	0.5512	-0.140483	9.883348e+00	1.127822e+03	1.420954e+01	73.7542	1	1
83	0	243.0632	1	0.5176	0.000000	9.433400e+00	2.004656e+03	1.264337e+01	53.9038	1	0
84	2	243.7796	3	1.8174	-0.063743	8.286951e+00	9.204706e+02	1.322904e+01	73.8289	1	1
84	0	245.7528	3	0.8512	0.000000	4.020074e+00	7.187587e+02	8.831118e+00	91.8512	1	0
85	2	246.7454	4	0.8684	0.031904	4.725693e+00	4.519187e+02	1.242442e+01	1.0606	1	1
85	0	247.7697	4	0.6178	0.000000	2.813728e+00	4.900712e+02	3.051317e+00	55.4769	1	0
86	2	248.5198	2	0.7011	0.082699	9.265566e+00	8.877591e+02	1.029826e+01	67.8838	1	1
86	0	249.3534	2	0.4511	0.000000	8.158296e+00	1.435675e+03	9.202403e+00	85.8246	1	0
87	2	250.0776	3	1.8337	-0.010695	2.180084e+00	2.145803e+02	7.095135e+00	84.0845	1	1
87	0	252.0601	3	0.7176	0.000000	3.417983e+00	6.243667e+02	8.817429e+00	74.2765	1	0
88	2	252.9099	1	0.6014	-0.080346	3.705288e+00	3.675954e+02	7.861055e+00	100.0000	1	1
88	0	253.6596	1	0.3678	0.000000	5.178694e+00	1.032188e+03	8.370689e+00	54.7239	1	0
89	2	254.3760	2	0.6176	0.053932	1.412640e+01	1.449186e+03	2.639381e+01	8.7218	1	1
89	0	255.1258	2	0.4509	0.000000	1.439648e+01	3.013196e+03	1.636257e+01	53.5892	1	0
90	2	255.8422	4	1.4006	-0.002632	8.171570e+00	9.487742e+02	1.559594e+01	73.0144	1	1
90	0	257.3751	4	0.6508	0.000000	2.265074e+00	4.133016e+02	1.030780e+01	90.9032	1	0
91	2	258.1581	1	0.4846	-0.055639	4.107102e+00	4.344682e+02	5.588208e+00	100.0000	1	1
91	0	258.8746	1	0.4341	0.000000	9.254532e+00	1.978825e+03	1.107127e+01	73.5392	1	0
92	2	259.5910	3	1.6339	0.013333	4.771276e+00	4.749671e+02	1.028483e+01	5.0510	1	1
92	0	261.3570	3	0.5010	0.000000	2.540578e+00	4.524157e+02	4.320554e+00	54.4627	1	0
93	2	262.0735	4	1.1177	-0.053425	4.970583e+00	5.740787e+02	1.128446e+01	21.6991	1	1
93	0	263.3397	4	0.7009	0.000000	9.318240e+00	1.692485e+03	1.528091e+01	85.0129	1	0
94	2	264.1894	2	0.6514	-0.087774	5.700399e+00	5.753516e+02	1.406608e+01	2.2397	1	1
94	0	264.9891	2	0.3683	0.000000	8.273844e+00	1.741006e+03	8.371684e+00	52.9262	1	0
95	2	265.7058	3	1.2679	-0.029403	9.490141e+00	1.181025e+03	1.618862e+01	85.6148	1	1
95	0	267.1060	3	0.7679	0.000000	3.711843e+00	6.629558e+02	7.600176e+00	62.9797	1	0
96	2	268.0228	1	0.5511	-0.062909	5.408193e+00	5.373343e+02	7.511850e+00	44.7239	1	1
96	0	268.7397	1	0.4177	0.000000	6.680840e+00	1.438572e+03	1.021803e+01	84.3042	1	0
97	2	269.4563	2	0.5845	0.148386	1.316357e+01	1.309449e+03	1.459323e+01	100.0000	1	1
97	0	270.1898	2	0.3844	0.000000	1.528438e+01	3.036561e+03	1.782014e+01	83.1122	1	0
98	2	270.9065	4	1.2343	-0.050222	7.537667e+00	7.239412e+02	8.793523e+00	57.5508	1	1
98	0	272.2735	4	0.7345	0.000000	5.625095e+00	1.032444e+03	1.553778e+01	74.1000	1	0
99	2	273.1403	1	2.0681	-0.018566	3.618987e+00	4.851113e+02	7.327069e+00	19.1986	1	1
99	0	275.3573	1	0.4511	0.000000	3.155330e+00	6.068004e+02	4.314809e+00	76.6468	1	0
100	2	276.0741	3	0.8012	-0.117109	2.905834e+00	2.760239e+02	1.111707e+01	100.0000	1	1
100	0	277.0076	3	0.7178	0.000000	1.327887e+01	2.311979e+03	2.303329e+01	86.8138	1	0
101	2	277.8576	4	0.6012	-0.050090	6.225540e+00	6.021023e+02	7.964484e+00	3.1762	1	1
101	0	278.6076	4	0.5846	0.000000	8.101709e+00	1.499426e+03	8.870218e+00	54.7744	1	0
102	2	279.3344	2	0.5840	-0.103903	8.270482e+00	9.680175e+02	1.160606e+01	95.8880	1	1
102	0	280.0580	2	0.3511	0.000000	5.542723e+00	1.132871e+03	6.349553e+00	53.9949	1	0
103	2	280.7747	3	0.9682	-0.010666	2.766741e+00	2.825768e+02	8.121383e+00	36.9581	1	1
103	0	281.9001	3	0.4676	0.000000	5.259974e+00	9.497335e+02	1.510670e+01	89.9781	1	0
104	2	282.6166	1	0.4012	-0.037020	4.092366e+00	3.938930e+02	4.815237e+00	57.2955	1	1
104	0	283.3329	1	0.3682	0.000000	4.791817e-01	1.028944e+02	3.005020e+00	100.0000	1	0
105	2	284.0495	2	0.4846	0.191267	1.751534e+01	1.682863e+03	1.905784e+01	3.3929	1	1
105	0	284.7658	2	0.4009	0.000000	1.166023e+01	2.453101e+03	1.512546e+01	52.9628	1	0
106	2	285.4921	4	0.7013	-0.026310	2.653317e+00	2.573705e+02	3.777694e+00	3.8945	1	1
106	0	286.3486	4	0.7012	0.000000	5.552700e+00	1.018548e+03	1.486210e+01	80.6604	1	0
107	2	287.1983	1	0.5512	0.067566	3.675088e+00	4.248784e+02	6.853212e+00	100.0000	1	1
107	0	287.9147	1	0.4015	0.000000	5.113670e+00	1.097253e+03	1.130957e+01	87.5992	1	0
108	2	288.6426	3	1.1679	-0.016041	6.885644e+00	6.644651e+02	1.431961e+01	93.5428	1	1
108	0	290.0474	3	0.6508	0.000000	6.936449e+00	1.284238e+03	1.095584e+01	80.8005	1	0
109	2	290.8471	4	0.7008	-0.050759	5.042530e+00	4.838997e+02	8.355340e+00	89.8936	1	1
109	0	291.6801	4	0.4843	0.000000	6.342463e+00	1.145697e+03	1.151519e+01	88.8804	1	0
110	2	292.3965	2	0.5343	-0.015747	2.641224e+00	2.635364e+02	1.182744e+01	5.3458	1	1
110	0	293.1131	2	0.3507	0.000000	2.591405e+00	5.388981e+02	5.039687e+00	91.4166	1	0
111	2	293.8294	3	0.7847	-0.071876	1.731618e+00	1.679866e+02	6.851149e+00	100.0000	1	1
111	0	294.7624	3	0.5842	0.000000	8.829566e+00	1.593582e+03	1.418896e+01	86.8821	1	0
112	2	295.4956	1	0.4675	-0.093311	4.583924e+00	4.342482e+02	8.865374e+00	100.0000	1	1
112	0	296.2119	1	0.3848	0.000000	7.636139e+00	1.613822e+03	9.761363e+00	96.3474	1	0
113	2	296.9284	2	0.5508	0.209323	2.235790e+01	2.181990e+03	3.280913e+01	1.8230	0	1
113	0	297.6448	2	0.3509	0.000000	1.221339e+01	2.473429e+03	1.610359e+01	53.3012	1	0
114	2	298.2947	4	0.6177	-0.005319	3.786722e+00	3.924985e+02	6.297984e+00	18.9295	1	1
114	0	299.0444	4	0.5683	0.000000	2.590592e+00	4.640266e+02	7.086912e+00	70.6487	1	0
115	2	299.7610	1	0.4514	0.072788	4.798372e+00	4.786552e+02	8.824391e+00	2.4573	1	1
115	0	300.4778	1	0.3350	0.000000	6.159311e+00	1.319067e+03	1.058577e+01	89.2774	1	0
116	2	301.1946	3	0.7346	-0.087774	5.722848e+00	5.491085e+02	9.363042e+00	95.3724	1	1
116	0	302.0613	3	0.7345	0.000000	9.349428e+00	1.784569e+03	2.296958e+01	99.9691	1	0
117	2	302.9282	4	0.6512	-0.007895	7.224242e-01	7.821721e+01	1.703666e+00	5.1702	1	1
117	0	303.7283	4	0.4011	0.000000	6.149449e+00	1.097202e+03	1.368001e+01	73.2338	1	0
118	2	304.4452	2	0.3843	0.145560	8.253214e+00	8.377880e+02	1.409592e+01	100.0000	0	1
118	0	305.1619	2	0.3177	0.000000	1.392464e+01	2.854409e+03	1.880895e+01	53.8299	1	0
119	2	305.8452	3	1.0512	-0.200479	8.995403e+00	9.295986e+02	2.115494e+01	86.6869	1	1
119	0	307.0288	3	0.5850	0.000000	1.126774e+01	2.035066e+03	1.360183e+01	53.1358	1	0
120	2	307.7622	1	0.5013	-0.037416	1.056553e+00	1.027621e+02	3.559151e+00	100.0000	1	1
120	0	308.4790	1	0.3179	0.000000	1.556649e+00	2.982738e+02	2.794879e+00	79.9639	1	0
121	2	309.5793	2	0.5511	-0.029092	3.292108e+00	3.377647e+02	1.020716e+01	3.0794	1	1
121	0	310.2960	2	0.2844	0.000000	2.178179e+00	4.027282e+02	2.797339e+00	54.0538	1	0
122	2	311.0236	4	0.6176	-0.101257	7.912772e+00	8.786643e+02	1.057609e+01	80.9711	1	1
122	0	311.7795	4	0.3675	0.000000	5.791649e+00	1.042802e+03	8.162785e+00	94.2357	1	0
123	2	312.4962	1	0.4345	-0.052036	5.458236e+00	5.383128e+02	7.814793e+00	4.8423	1	1
123	0	313.2133	1	0.3843	0.000000	6.369318e+00	1.402663e+03	9.330638e+00	73.4748	1	0
124	2	313.9299	3	1.2013	-0.002674	2.720833e+00	2.617691e+02	9.115467e+00	98.4369	1	1
124	0	315.2801	3	0.6009	0.000000	2.392776e+00	4.235683e+02	4.770096e+00	91.8788	1	0
125	2	316.0135	4	1.2347	-0.058756	1.446488e+00	1.433918e+02	5.839497e+00	96.8991	1	1
125	0	317.4048	4	0.5508	0.000000	7.637638e+00	1.357937e+03	1.154775e+01	69.0463	1	0
126	2	318.1212	2	0.5014	-0.115933	6.821476e+00	6.873932e+02	1.162399e+01	100.0000	1	1
126	0	318.8376	2	0.3177	0.000000	8.434926e+00	1.774916e+03	1.213835e+01	53.2727	1	0
127	2	319.5542	3	1.7004	0.007979	3.833763e+00	5.340414e+02	1.406765e+01	74.6503	1	1
127	0	321.3868	3	0.4682	0.000000	4.438757e+00	7.933604e+02	1.366800e+01	93.3001	1	0
128	2	322.1033	1	0.4512	-0.055639	4.195239e+00	4.209240e+02	5.882418e+00	8.5849	1	1
128	0	322.8313	1	0.3510	0.000000	5.020995e+00	1.048663e+03	6.856388e+00	54.3492	1	0
129	1	336.0833	2	0.7512	0.198925	2.181152e+01	3.547906e+03	4.238153e+01	21.9913	0	1
129	0	336.9668	2	0.3844	0.000000	1.881130e+01	3.840459e+03	2.339758e+01	54.2549	1	0
130	1	337.6002	3	1.0346	-0.077385	1.267918e+01	1.275342e+03	1.860175e+01	55.4803	1	1
130	0	338.7837	3	0.6511	0.000000	7.378842e+00	1.329173e+03	1.360849e+01	77.1757	1	0
131	1	339.5672	1	0.5514	0.042795	5.148174e+00	5.349274e+02	8.001464e+00	1.4439	1	1
131	0	340.2840	1	0.3510	0.000000	2.978862e+00	6.405766e+02	6.095871e+00	57.4313	1	0
132	1	341.0008	4	0.8011	-0.023742	6.096966e+00	6.090763e+02	1.244246e+01	3.2569	1	1
132	0	341.9509	4	0.6345	0.000000	2.598506e+00	4.605254e+02	7.256059e+00	96.9847	1	0
133	1	342.7342	3	0.8846	-0.095961	5.218771e+00	5.032531e+02	9.116377e+00	100.0000	1	1
133	0	343.7678	3	0.4847	0.000000	3.528047e+00	6.529139e+02	1.180748e+01	100.0000	1	0
134	1	344.4846	4	0.5515	-0.156602	8.727701e+00	8.605194e+02	1.507740e+01	100.0000	1	1
134	0	345.2121	4	0.4509	0.000000	9.132725e+00	1.680523e+03	1.187192e+01	53.8102	1	0
135	1	345.9285	1	0.5342	-0.036254	2.499499e+00	2.517149e+02	4.066179e+00	90.6247	1	1
135	0	346.6450	1	0.3014	0.000000	3.087061e+00	5.926876e+02	4.065760e+00	66.1411	1	0
136	1	347.3615	2	0.4345	0.287173	2.564581e+01	2.441255e+03	2.921662e+01	1.6014	0	1
136	0	348.0852	2	0.3516	0.000000	1.160945e+01	1.472548e+03	1.588617e+01	55.7733	1	0
137	1	348.7185	1	0.5679	0.050222	4.302101e+00	4.138231e+02	8.267258e+00	3.4379	1	1
137	0	349.4353	1	0.3846	0.000000	4.424469e+00	9.337700e+02	6.603420e+00	54.0335	1	0
138	1	350.1521	3	0.9512	0.016041	6.556536e+00	6.400332e+02	7.846336e+00	81.2754	1	1
138	0	351.2435	3	0.5342	0.000000	7.372588e+00	1.322503e+03	1.493761e+01	88.2649	1	0
139	1	351.9598	4	1.1508	-0.092818	1.683235e+00	1.644158e+02	8.865782e+00	100.0000	1	1
139	0	353.2427	4	0.4679	0.000000	7.414200e+00	1.292162e+03	8.866580e+00	55.2618	1	0
140	1	353.9694	2	0.4178	0.028198	2.689119e+00	2.672272e+02	2.797322e+00	100.0000	1	1
140	0	354.6862	2	0.2177	0.000000	2.928587e+00	4.566268e+02	3.302849e+00	69.5034	1	0
141	1	355.4028	3	0.8346	-0.111831	4.300634e+00	4.219481e+02	1.061819e+01	100.0000	1	1
141	0	356.3750	3	0.5346	0.000000	1.430265e+01	2.526618e+03	2.071277e+01	78.6972	1	0
142	1	357.0914	1	0.5177	-0.037296	9.339230e-01	1.089588e+02	3.813393e+00	100.0000	1	1
142	0	357.8079	1	0.3681	0.000000	1.223245e+01	2.679180e+03	1.453992e+01	90.8232	1	0
143	1	358.5242	2	0.4680	-0.047709	7.271393e+00	7.039628e+02	2.260623e+01	1.3118	1	1
143	0	359.2407	2	0.3681	0.000000	5.818760e+00	1.012317e+03	1.079776e+01	83.7289	1	0
144	1	359.9572	4	1.1510	-0.010638	6.331146e+00	6.153179e+02	8.228366e+00	41.8187	1	1
144	0	361.2562	4	0.6678	0.000000	5.623190e+00	1.007205e+03	1.680272e+01	84.7064	1	0
145	2	374.6225	2	0.8346	-0.142262	4.168996e+01	6.856739e+03	7.997332e+01	21.9869	1	1
145	0	375.6061	2	0.4011	0.000000	9.525566e+00	1.994226e+03	1.363592e+01	53.1919	1	0
146	2	376.3228	4	0.7179	-0.050623	7.138293e+00	6.862489e+02	1.185688e+01	95.6228	1	1
146	0	377.1729	4	0.6352	0.000000	5.024638e+00	8.867755e+02	1.340802e+01	75.5053	1	0
147	2	377.9564	1	1.4680	0.008021	3.912232e+00	3.750557e+02	5.836585e+00	86.3661	1	1
147	0	379.5733	1	0.4344	0.000000	1.714724e+00	3.155411e+02	5.587602e+00	100.0000	1	0
148	2	380.2900	3	1.1512	-0.060772	4.292685e+00	4.291368e+02	1.434485e+01	9.2092	1	1
148	0	381.5736	3	0.6348	0.000000	7.985909e+00	1.417775e+03	1.476840e+01	63.9989	1	0
149	2	382.3571	4	1.0844	-0.074727	9.856768e+00	9.658359e+02	1.259086e+01	90.9599	1	1
149	0	383.5738	4	0.4845	0.000000	1.408489e-01	2.504684e+01	2.544023e-01	55.3646	1	0
150	2	384.2990	2	0.5179	-0.055232	3.022296e+00	3.655479e+02	5.842349e+00	100.0000	1	1
150	0	385.0154	2	0.3514	0.000000	6.603560e+00	1.442792e+03	7.109354e+00	51.9462	1	0
151	2	385.7318	3	0.6340	0.026589	1.161576e+01	1.263335e+03	2.014214e+01	64.3325	1	1
151	0	386.5144	3	0.4846	0.000000	7.059025e+00	1.274935e+03	1.685158e+01	85.9788	1	0
152	2	387.2307	1	0.5009	0.002625	1.651980e+00	1.609612e+02	2.790076e+00	37.4868	1	1
152	0	387.9572	1	0.3847	0.000000	4.050974e+00	8.473966e+02	8.806129e+00	93.0084	1	0
153	2	388.6741	2	0.5018	0.227567	2.031687e+01	1.955692e+03	2.199399e+01	95.6079	0	1
153	0	389.3915	2	0.3682	0.000000	1.498271e+01	3.040422e+03	1.831064e+01	53.2739	1	0
154	2	390.0304	4	0.5844	0.139351	4.250042e+00	4.543185e+02	1.360460e+01	100.0000	0	1
154	0	390.7468	4	0.5006	0.000000	1.163300e+01	2.185018e+03	1.583319e+01	53.6548	1	0
155	2	391.3911	1	0.6179	-0.186716	1.475897e+01	1.550922e+03	2.246649e+01	78.7604	1	1
155	0	392.1458	1	0.4681	0.000000	1.012691e+01	2.116276e+03	1.338958e+01	54.7857	1	0
156	2	392.8621	3	0.7842	-0.061420	9.311397e+00	8.930752e+02	1.214216e+01	18.3347	1	1
156	0	393.7786	3	0.6841	0.000000	6.149293e+00	1.077824e+03	1.559606e+01	93.3070	1	0
157	2	394.6116	4	0.7178	-0.052861	8.511390e+00	8.239120e+02	1.259086e+01	91.3248	1	1
157	0	395.4780	4	0.5179	0.000000	4.024950e+00	7.139736e+02	1.027270e+01	76.3597	1	0
158	2	396.1944	2	0.6008	0.151676	1.413827e+01	1.436465e+03	1.551651e+01	4.2085	1	1
158	0	396.9275	2	0.4177	0.000000	1.358375e+01	2.877739e+03	1.413509e+01	53.0199	1	0
159	2	397.6440	3	1.8674	-0.018714	1.916146e+00	2.263637e+02	5.586212e+00	94.2835	1	1
159	0	399.6599	3	0.5346	0.000000	2.519985e+00	4.757459e+02	8.069632e+00	93.4421	1	0
160	2	400.3763	1	0.5841	0.060772	1.804686e+00	1.743902e+02	5.840470e+00	100.0000	1	1
160	0	401.0928	1	0.3843	0.000000	4.240516e+00	8.725683e+02	5.573791e+00	100.0000	1	0
161	2	402.2594	2	0.5512	-0.049958	4.752160e+00	5.358385e+02	5.081714e+00	100.0000	1	1
161	0	402.9763	2	0.3350	0.000000	4.568488e+00	9.959357e+02	5.080185e+00	62.0142	1	0
162	2	403.6936	4	0.6178	0.028939	9.446570e+00	9.820540e+02	1.615879e+01	78.5470	1	1
162	0	404.4437	4	0.5678	0.000000	1.117858e+01	2.237073e+03	1.560230e+01	52.5629	1	0
163	2	405.1604	1	0.5012	-0.107953	5.524565e+00	6.511038e+02	1.112858e+01	100.0000	1	1
163	0	405.8773	1	0.4511	0.000000	7.492036e+00	1.642765e+03	1.114108e+01	52.1960	1	0
164	2	406.5941	3	1.2679	-0.010695	1.280962e+01	1.229435e+03	1.840003e+01	89.4410	1	1
164	0	407.9942	3	0.7179	0.000000	2.256206e+00	3.913720e+02	5.834376e+00	66.4233	1	0
165	2	408.8444	4	0.7845	-0.089236	8.705411e+00	8.531921e+02	1.234868e+01	93.0376	1	1
165	0	409.7612	4	0.5845	0.000000	3.178858e+00	6.090281e+02	1.184767e+01	97.5378	1	0
166	2	410.4947	2	0.4678	0.108483	1.226934e+01	1.356186e+03	1.602740e+01	7.5631	1	1
166	0	411.2114	2	0.3678	0.000000	8.890234e+00	1.878115e+03	9.128689e+00	53.4333	1	0
167	2	411.9282	3	0.9018	-0.066568	9.446718e+00	9.151211e+02	1.381011e+01	57.9968	1	1
167	0	412.9783	3	0.5345	0.000000	5.922726e+00	1.042973e+03	9.064268e+00	74.6801	1	0
168	2	413.6952	1	0.5852	0.008021	1.517790e+00	1.573184e+02	7.882397e+00	8.4517	1	1
168	0	414.4286	1	0.3184	0.000000	1.643860e+00	2.983169e+02	5.936151e+00	100.0000	1	0
169	2	415.1552	2	0.4010	0.118548	1.950921e+01	1.993474e+03	2.466144e+01	11.6463	1	1
169	0	415.8716	2	0.3511	0.000000	4.285841e+00	8.958253e+02	4.575515e+00	54.1178	1	0
170	2	416.5880	4	0.6010	0.073551	7.653076e+00	8.140453e+02	1.317119e+01	65.9000	1	1
170	0	417.3457	4	0.5511	0.000000	1.539600e+01	2.803308e+03	3.214147e+01	95.0787	1	0
171	2	418.0625	1	1.4347	0.025834	1.622196e+00	1.976413e+02	5.081714e+00	1.4193	1	1
171	0	419.6372	1	0.3509	0.000000	3.480281e+00	7.392893e+02	5.600430e+00	100.0000	1	0
172	2	420.3534	3	1.6506	-0.064083	7.188469e+00	7.158519e+02	1.065822e+01	47.3172	1	1
172	0	422.1528	3	0.7512	0.000000	3.294508e+00	5.799661e+02	6.093660e+00	55.4178	1	0
173	2	423.0526	4	0.6844	-0.102273	8.513540e+00	8.356278e+02	9.869877e+00	100.0000	1	1
173	0	423.8856	4	0.4175	0.000000	8.342190e+00	1.470324e+03	9.619342e+00	54.5774	1	0
174	2	424.6020	2	0.6009	0.051501	4.817942e+00	5.454697e+02	5.081316e+00	100.0000	1	1
174	0	425.3351	2	0.3512	0.000000	5.155748e+00	1.078204e+03	1.223136e+01	97.2269	1	0
175	2	426.0516	3	1.0675	-0.095961	2.158998e+01	2.100622e+03	3.019622e+01	70.6142	1	1
175	0	427.2511	3	0.6345	0.000000	3.782875e+00	6.642949e+02	9.360749e+00	94.6745	1	0
176	2	428.0342	1	1.5172	0.026732	4.424478e+00	4.934876e+02	8.072885e+00	65.8013	1	1
176	0	429.6836	1	0.3511	0.000000	2.448610e+00	4.792247e+02	3.835238e+00	100.0000	1	0
177	2	430.8000	2	0.5845	-0.046478	4.769988e+00	4.787947e+02	5.077438e+00	80.1734	1	1
177	0	431.5332	2	0.2842	0.000000	4.066416e+00	8.054425e+02	4.320708e+00	56.9961	1	0
178	2	432.2495	4	0.8675	-0.097062	1.139727e+01	1.256061e+03	1.453394e+01	87.9550	1	1
178	0	433.2492	4	0.5509	0.000000	6.925655e+00	1.274966e+03	1.043602e+01	98.1435	1	0
179	2	433.9655	1	0.6008	0.010638	1.435154e+00	1.763377e+02	5.154218e+00	37.5346	1	1
179	0	434.6986	1	0.4176	0.000000	2.997426e+00	5.719857e+02	6.840675e+00	70.1541	1	0
180	2	435.4151	3	1.0347	-0.095961	2.334884e+00	2.423191e+02	9.116377e+00	100.0000	1	1
180	0	436.5820	3	0.6012	0.000000	7.763931e+00	1.356310e+03	1.315840e+01	85.1805	1	0
181	2	437.3154	4	0.8179	-0.143739	8.220501e+00	7.906998e+02	1.524409e+01	83.6700	1	1
181	0	438.2656	4	0.5511	0.000000	8.869073e+00	1.703622e+03	1.590780e+01	79.6677	1	0
182	2	438.9824	2	0.4845	0.096149	9.493212e+00	9.471555e+02	1.008323e+01	74.2812	1	1
182	0	439.6992	2	0.3349	0.000000	9.605672e+00	1.991150e+03	1.038533e+01	55.1880	1	0
183	2	440.4158	3	1.7683	-0.008000	1.644783e+00	3.147588e+02	5.587054e+00	55.9979	1	1
183	0	442.3328	3	0.5012	0.000000	4.520137e+00	7.821062e+02	1.520492e+01	84.5016	1	0
184	2	443.0496	1	0.5346	0.031819	1.657606e+00	1.622381e+02	5.197184e+00	1.2643	1	1
184	0	443.7664	1	0.3344	0.000000	2.229776e+00	4.504509e+02	5.067355e+00	80.5701	1	0
185	2	444.4954	2	0.5514	0.103354	1.863953e+01	1.969651e+03	3.001957e+01	9.9607	1	1
185	0	445.2118	2	0.3676	0.000000	8.922594e+00	1.841557e+03	9.631628e+00	54.1578	1	0
186	2	445.9282	4	0.5680	-0.143739	9.805245e+00	1.031148e+03	1.407820e+01	95.3195	1	1
186	0	446.6502	4	0.4177	0.000000	7.312979e+00	1.389215e+03	7.611138e+00	53.9748	1	0
187	2	447.3669	1	0.5351	-0.192884	1.545681e+01	1.643549e+03	1.888786e+01	74.4234	1	1
187	0	448.0838	1	0.4512	0.000000	1.494838e+00	3.118123e+02	9.128822e+00	54.5644	1	0
188	2	448.8005	3	1.0845	-0.088007	2.540064e+00	2.463265e+02	9.116152e+00	99.6648	1	1
188	0	450.0340	3	0.5512	0.000000	4.802550e+00	8.365513e+02	8.800121e+00	76.5308	1	0
189	2	450.7599	4	0.5176	-0.169413	7.828294e+00	8.376731e+02	1.629947e+01	100.0000	1	1
189	0	451.4763	4	0.4348	0.000000	5.728499e+00	1.138528e+03	6.345764e+00	60.6597	1	0
190	2	452.1928	2	0.4014	0.103082	9.392925e+00	9.690261e+02	1.062821e+01	100.0000	1	1
190	0	452.9093	2	0.3512	0.000000	1.198762e+01	2.556553e+03	1.488571e+01	82.0117	1	0
191	2	453.6256	3	0.5345	0.037118	1.285251e+01	1.243144e+03	2.088579e+01	56.8558	0	1
191	0	454.3513	3	0.5846	0.000000	1.929615e+01	3.378621e+03	3.224006e+01	53.8418	1	0
192	2	455.0917	1	0.4176	0.071133	1.887767e+00	1.950350e+02	7.359034e+00	100.0000	1	1
192	0	455.8082	1	0.3510	0.000000	7.787622e+00	1.649846e+03	8.877417e+00	53.9954	1	0
193	1	469.0871	2	0.8012	-0.002639	1.049130e+01	2.458484e+03	2.720927e+01	32.8166	1	1
193	0	470.0372	2	0.3509	0.000000	7.893207e+00	1.658763e+03	8.875163e+00	53.8098	1	0
194	1	470.7539	1	1.2845	0.055793	4.367631e+00	6.425065e+02	1.232035e+01	57.5261	1	1
194	0	472.1707	1	0.4846	0.000000	2.128684e+00	3.896580e+02	2.797361e+00	55.1536	1	0
195	1	472.8875	3	1.2012	-0.024060	8.096428e+00	7.815815e+02	1.440401e+01	68.5984	1	1
195	0	474.2213	3	0.6179	0.000000	8.813876e+00	1.541917e+03	1.327505e+01	66.7076	1	0
196	1	474.9878	4	0.6846	-0.078784	1.306720e+01	1.314172e+03	1.544231e+01	77.9750	1	1
196	0	475.8214	4	0.4178	0.000000	2.142019e+00	3.922466e+02	2.543151e+00	57.5057	1	0
197	1	476.5381	1	0.4512	-0.062096	5.525199e+00	5.544420e+02	8.281573e+00	3.8972	1	1
197	0	477.2549	1	0.4849	0.000000	6.935045e+00	1.480920e+03	1.191933e+01	90.5968	1	0
198	1	477.9883	2	0.4678	0.134598	1.217757e+01	1.190552e+03	1.327089e+01	76.5348	1	1
198	0	478.7005	2	0.4342	0.000000	1.312155e+01	2.744745e+03	1.419487e+01	74.5747	1	0
199	1	479.4170	4	1.4172	0.018714	9.606779e+00	9.235783e+02	1.428033e+01	85.2210	1	1
199	0	480.9721	4	0.6178	0.000000	1.406400e+01	2.490832e+03	1.557236e+01	54.9341	1	0
200	1	481.7222	3	0.8179	-0.087774	7.971867e+00	7.635214e+02	1.674932e+01	93.4352	1	1
200	0	482.6723	3	0.5181	0.000000	4.921548e+00	9.057925e+02	1.864475e+01	62.5495	1	0
201	1	483.3989	4	0.1511	1.568123	4.059724e+01	9.284367e+01	9.514643e+01	100.0000	0	1
201	0	484.1153	4	0.5843	0.000000	2.789802e+01	3.116697e+03	3.940691e+01	55.0193	1	0
202	1	484.8485	1	0.5514	0.027087	2.956306e+00	3.271574e+02	4.817108e+00	59.1639	1	1
202	0	485.5729	1	0.3678	0.000000	1.758260e+00	3.756096e+02	5.154218e+00	100.0000	1	0
203	1	486.2896	3	1.0846	-0.053283	3.889387e+00	3.814948e+02	7.102978e+00	98.5676	1	1
203	0	487.5231	3	0.4511	0.000000	7.667966e+00	1.365205e+03	2.129492e+01	85.7446	1	0
204	1	488.2474	2	0.4509	0.072736	7.199818e+00	7.421964e+02	9.412916e+00	0.4934	1	1
204	0	488.9637	2	0.3681	0.000000	1.133758e+01	2.404332e+03	1.625665e+01	64.6113	1	0
205	1	489.7634	4	0.6176	-0.060453	1.110840e+01	1.151045e+03	1.348746e+01	74.1251	1	1
205	0	490.5299	4	0.6347	0.000000	3.002412e+00	5.611732e+02	3.559528e+00	55.2286	1	0
206	1	491.3129	1	0.5512	-0.058599	4.331535e+00	4.132479e+02	6.846944e+00	89.7516	1	1
206	0	492.0293	1	0.2681	0.000000	4.699026e+00	8.245914e+02	5.582828e+00	64.3586	1	0
207	1	492.7573	3	0.4678	0.013262	1.918762e+00	1.840280e+02	4.025692e+00	28.0699	1	1
207	0	493.4740	3	0.6013	0.000000	4.052455e+00	7.159445e+02	9.065009e+00	75.1590	1	0
208	1	494.2120	2	0.8177	0.031321	1.309996e+00	1.321010e+02	4.454872e+00	1.8601	1	1
208	0	495.1782	2	0.2511	0.000000	7.480167e+00	1.550854e+03	1.441886e+01	83.6340	1	0
209	2	508.4430	2	-0.0154	-1.782647	1.121707e+02	2.706165e+03	1.121707e+02	100.0000	0	1
209	0	508.5764	2	0.4013	0.000000	8.797011e+01	4.137780e+03	1.117530e+02	51.2916	1	0
210	2	509.5599	4	0.8845	0.055207	4.524629e+00	4.444142e+02	9.892498e+00	0.7747	1	1
210	0	510.5766	4	0.5514	0.000000	4.033481e+00	7.400750e+02	4.555224e+00	83.6877	1	0
211	2	511.2933	1	0.5513	0.010101	2.593656e+00	2.620850e+02	6.925794e+00	18.9778	1	1
211	0	512.0102	1	0.4012	0.000000	1.833551e+00	3.924422e+02	8.276894e+00	100.0000	1	0
212	2	512.7392	3	1.6058	-0.026732	3.871988e+00	3.871107e+02	8.191623e+00	16.3870	1	1
212	0	514.4773	3	0.5678	0.000000	1.070786e+00	2.002509e+02	4.574557e+00	54.0744	1	0
213	2	515.1940	4	0.5846	-0.068136	6.261931e+00	6.338695e+02	7.886497e+00	2.9767	1	1
213	0	515.9275	4	0.6179	0.000000	9.998309e+00	1.999041e+03	2.002114e+01	99.4127	1	0
214	2	516.6943	2	0.5845	-0.090194	5.334793e+00	5.393022e+02	1.518843e+01	1.5024	1	1
214	0	517.4110	2	0.3511	0.000000	8.997369e+00	1.902860e+03	9.128689e+00	53.3550	1	0
215	2	518.1373	3	1.2344	-0.010695	1.152885e+01	1.276654e+03	1.978398e+01	73.0141	1	1
215	0	519.5202	3	0.5675	0.000000	6.308663e+00	1.146216e+03	1.294562e+01	85.0447	1	0
216	2	520.2448	1	0.4512	-0.040085	4.115279e+00	3.912410e+02	5.323567e+00	66.3954	1	1
216	0	520.9615	1	0.2678	0.000000	3.611429e+00	6.629173e+02	6.650835e+00	100.0000	1	0
217	2	521.6784	2	0.4344	0.167896	1.436041e+01	1.501329e+03	1.755781e+01	100.0000	0	1
217	0	522.3951	2	0.3845	0.000000	1.751757e+01	3.695313e+03	1.783899e+01	53.2405	1	0
218	2	523.0356	4	0.7345	-0.102007	9.718621e+00	1.014554e+03	1.034105e+01	82.7736	1	1
218	0	523.9020	4	0.3679	0.000000	6.736647e+00	1.304147e+03	9.059072e+00	93.8567	1	0
219	2	524.6289	1	0.4511	-0.168750	1.299083e+01	1.405716e+03	1.730447e+01	100.0000	1	1
219	0	525.3455	1	0.3845	0.000000	5.615480e+00	1.183652e+03	2.024181e+01	70.0778	1	0
220	2	526.0626	3	0.5014	0.090660	4.241587e+00	4.021267e+02	8.614184e+00	100.0000	1	1
220	0	526.7792	3	0.4517	0.000000	9.247398e+00	1.626409e+03	1.454157e+01	83.1547	1	0
221	2	527.5008	4	0.5343	-0.123059	4.279786e+00	4.121496e+02	1.186653e+01	100.0000	1	1
221	0	528.2172	4	0.4341	0.000000	1.040013e+01	1.951007e+03	1.237372e+01	53.9794	1	0
222	2	528.9336	2	0.4510	0.046421	4.438266e+00	4.613079e+02	4.828452e+00	100.0000	1	1
222	0	529.6502	2	0.2675	0.000000	6.602208e+00	1.396569e+03	1.106853e+01	91.7081	1	0
223	2	530.3664	3	0.6175	0.053141	9.987694e+00	9.757601e+02	1.562846e+01	48.4952	1	1
223	0	531.1162	3	0.4842	0.000000	6.506984e+00	1.158987e+03	8.866775e+00	54.2161	1	0
224	2	531.8327	1	0.4342	-0.018180	2.825406e+00	2.773683e+02	4.064436e+00	76.3215	1	1
224	0	532.5490	1	0.1847	0.000000	2.195415e+00	3.833422e+02	6.452783e+00	100.0000	1	0
225	2	533.2655	2	0.4009	0.193261	2.231040e+01	2.333901e+03	2.500237e+01	8.2732	1	1
225	0	533.9987	2	0.3679	0.000000	1.582970e+01	3.451732e+03	1.855955e+01	100.0000	1	0
226	2	534.7150	4	0.6511	-0.103354	4.813537e+00	4.753371e+02	9.868777e+00	100.0000	1	1
226	0	535.4981	4	0.3347	0.000000	1.085335e+01	1.993158e+03	1.236802e+01	53.4658	1	0
227	2	536.2146	1	0.5345	0.236245	1.793271e+01	1.879515e+03	2.479299e+01	5.4407	0	1
227	0	536.9310	1	0.3846	0.000000	5.421936e+00	1.009867e+03	1.402934e+01	77.4038	1	0
228	2	538.1142	3	0.7682	-0.058599	4.905838e+00	5.070166e+02	8.355574e+00	90.6569	1	1
228	0	539.0310	3	0.3512	0.000000	1.652954e+00	3.033563e+02	7.086146e+00	100.0000	1	0
229	2	539.7478	4	0.5178	-0.148628	1.527170e+01	1.630235e+03	1.992217e+01	71.9359	1	1
229	0	540.4646	4	0.5344	0.000000	8.789375e+00	1.729815e+03	1.421593e+01	92.6190	1	0
230	2	541.1813	2	0.6678	-0.075771	1.138300e+01	1.168819e+03	1.550495e+01	86.4857	1	1
230	0	541.9814	2	0.2512	0.000000	2.699356e+00	5.349607e+02	3.045924e+00	84.2311	1	0
231	2	542.6982	3	1.2847	0.010638	6.240444e+00	9.424338e+02	1.209418e+01	73.0934	1	1
231	0	544.1319	3	0.4012	0.000000	4.005655e+00	7.161916e+02	1.124696e+01	87.9217	1	0
232	2	544.8486	1	0.4178	-0.032075	6.320173e+00	6.010348e+02	1.050192e+01	58.8975	1	1
232	0	545.5655	1	0.2009	0.000000	6.027490e+00	1.088900e+03	8.849275e+00	92.4415	1	0
233	2	546.2988	2	0.4511	0.207094	2.323497e+01	2.175064e+03	2.871304e+01	9.3577	0	1
233	0	547.0157	2	0.3510	0.000000	1.387204e+01	2.927232e+03	1.611376e+01	52.7378	1	0
234	2	547.6490	4	1.0848	0.002632	4.112157e+00	4.287581e+02	6.124527e+00	1.6447	1	1
234	0	548.8826	4	0.6013	0.000000	4.200216e+00	7.557062e+02	1.100501e+01	87.2302	1	0
235	2	549.9494	1	1.0679	0.000000	2.323267e+00	3.095539e+02	6.105675e+00	25.9758	1	1
235	0	551.1662	1	0.3678	0.000000	9.125412e+00	1.910851e+03	1.922349e+01	74.5836	1	0
236	2	551.8830	3	0.4678	0.110368	3.593030e+00	3.443278e+02	1.111666e+01	98.3375	1	1
236	0	552.6091	3	0.4512	0.000000	5.517584e+00	9.999037e+02	7.357378e+00	54.5985	1	0
237	2	553.3255	4	0.5676	-0.079199	9.190243e+00	8.949807e+02	1.197421e+01	63.0412	1	1
237	0	554.0419	4	0.3681	0.000000	7.398047e+00	1.312921e+03	1.552242e+01	75.7301	1	0
238	2	554.7582	2	0.3845	0.002597	1.122505e+00	1.099436e+02	3.640721e+00	1.8586	1	1
238	0	555.4836	2	0.3677	0.000000	7.070495e+00	1.508913e+03	1.417674e+01	75.4332	1	0
239	2	556.2000	3	1.1349	-0.010638	6.820054e+00	6.648431e+02	1.536713e+01	68.2951	1	1
239	0	557.4908	3	0.3508	0.000000	3.773928e+00	6.579036e+02	1.184300e+01	61.6509	1	0
240	2	558.2070	1	0.6179	-0.005208	1.001386e+00	1.023256e+02	4.550902e+00	2.6658	1	1
240	0	558.9570	1	0.2175	0.000000	2.054641e+00	3.734796e+02	5.552155e+00	85.7033	1	0
241	2	559.6726	2	0.4347	0.169507	1.665556e+01	1.723538e+03	1.755299e+01	100.0000	0	1
241	0	560.4004	2	0.3012	0.000000	1.706349e+01	3.581753e+03	1.758901e+01	52.9100	1	0
242	2	561.0339	4	0.6016	0.047963	5.527646e+00	5.267374e+02	7.565144e+00	1.0585	1	1
242	0	561.7726	4	0.3513	0.000000	1.042802e+00	1.894114e+02	1.780510e+00	54.9041	1	0
243	2	562.4890	1	0.5342	-0.018039	2.425872e+00	2.428443e+02	4.303638e+00	44.6558	1	1
243	0	563.2053	1	0.2011	0.000000	6.879690e+00	1.264123e+03	9.517051e+00	80.6992	1	0
244	2	563.9219	3	0.7011	0.109190	1.080631e+01	1.056379e+03	1.821270e+01	96.1665	1	1
244	0	564.7549	3	0.5009	0.000000	3.410613e+00	6.088396e+02	5.586272e+00	60.0620	1	0
245	2	565.4707	4	0.9340	0.114678	1.092139e+01	2.129831e+03	1.626141e+01	52.0336	0	1
245	0	566.5370	4	0.4343	0.000000	1.602180e+01	3.057696e+03	2.044618e+01	52.9140	1	0
246	2	567.1701	2	0.4014	-0.040085	2.299817e+00	2.186443e+02	4.488380e+00	23.3433	1	1
246	0	567.8866	2	0.2343	0.000000	4.715162e+00	8.547300e+02	5.334893e+00	55.2167	1	0
247	2	568.6196	3	0.5510	-0.064083	1.008825e+01	9.578938e+02	1.400807e+01	55.1292	1	1
247	0	569.3367	3	0.4342	0.000000	2.052093e+00	3.669132e+02	9.597295e+00	65.3987	1	0
248	2	570.0531	1	0.4842	-0.049958	4.667685e+00	4.532066e+02	6.340515e+00	83.6229	1	1
248	0	570.7696	1	0.3348	0.000000	7.622251e+00	1.349924e+03	1.129009e+01	72.8387	1	0
249	2	571.4854	2	0.4681	0.140431	1.343800e+01	1.295471e+03	2.115509e+01	3.1349	1	1
249	0	572.2028	2	0.2678	0.000000	1.318592e+01	2.476501e+03	1.359970e+01	57.5572	1	0
250	2	572.9195	4	0.5345	-0.143739	1.620093e+01	1.551415e+03	1.680743e+01	58.2505	1	1
250	0	573.6363	4	0.5178	0.000000	8.231513e+00	1.432495e+03	1.186653e+01	55.1310	1	0
251	2	574.3531	1	0.4845	-0.032075	3.213841e+00	3.116858e+02	4.785790e+00	36.7458	1	1
251	0	575.0698	1	0.2512	0.000000	1.901016e+00	3.455888e+02	5.065143e+00	80.7234	1	0
252	2	575.8034	3	1.4346	0.029403	1.615248e+00	1.609496e+02	7.103087e+00	98.5956	1	1
252	0	577.3869	3	0.2847	0.000000	1.161068e+01	2.029389e+03	2.299749e+01	67.7659	1	0
253	2	578.1037	4	0.6678	-0.111831	8.481247e+00	9.539905e+02	1.228831e+01	36.0018	1	1
253	0	579.6373	4	0.5345	0.000000	8.002959e+00	1.480358e+03	1.062413e+01	53.6061	1	0
254	2	580.3541	2	0.4678	-0.105931	3.788583e+00	3.821988e+02	1.062504e+01	100.0000	1	1
254	0	581.0707	2	0.3346	0.000000	1.447641e+01	3.056993e+03	1.685504e+01	53.0477	1	0
255	2	581.7992	3	0.5343	-0.080043	8.257526e+00	9.124943e+02	1.230894e+01	83.7346	1	1
255	0	582.5156	3	0.5009	0.000000	3.549029e+00	6.626737e+02	1.009803e+01	66.3946	1	0
256	2	583.2321	1	0.3841	-0.048091	2.828844e+00	2.688442e+02	5.069421e+00	62.1431	1	1
256	0	583.9545	1	0.2508	0.000000	1.030952e+01	1.232942e+03	1.299532e+01	57.0482	1	0
257	1	597.2065	3	0.9553	-0.045062	9.812566e+00	1.620992e+03	1.851774e+01	87.1378	1	1
257	0	598.2936	3	0.5508	0.000000	5.543988e+00	1.018386e+03	1.570022e+01	65.4072	1	0
258	1	599.0101	2	0.5009	-0.102580	3.817505e+00	3.979050e+02	1.062876e+01	100.0000	1	1
258	0	599.7266	2	0.3841	0.000000	8.620540e+00	1.777927e+03	1.163996e+01	54.3772	1	0
259	1	600.4596	1	0.6508	0.031403	1.682804e+00	1.978265e+02	3.812250e+00	90.0137	1	1
259	0	601.2426	1	0.3516	0.000000	1.724408e+00	3.325204e+02	3.043368e+00	90.2918	1	0
260	1	601.9591	4	0.7014	-0.049958	1.245422e+01	1.394693e+03	1.933464e+01	13.7812	1	1
260	0	602.8087	4	0.5177	0.000000	2.946791e+00	5.260817e+02	7.205839e+00	91.3406	1	0
261	1	603.5252	2	0.6674	-0.000000	1.104103e+00	1.148625e+02	4.787129e+00	3.6429	1	1
261	0	604.3249	2	0.2680	0.000000	2.540290e+00	4.818375e+02	2.543245e+00	53.9010	1	0
262	1	605.0413	1	1.6178	-0.018714	3.645170e+00	3.688297e+02	7.103302e+00	98.4478	1	1
262	0	606.7914	1	0.5012	0.000000	4.645445e+00	9.653619e+02	1.366284e+01	78.7000	1	0
263	1	607.5081	4	0.8513	-0.174522	4.247485e+00	4.413671e+02	1.678609e+01	100.0000	0	1
263	0	608.4917	4	0.4845	0.000000	1.583282e+01	2.864718e+03	1.751355e+01	52.5945	1	0
264	1	609.1251	3	1.1345	-0.002667	6.519253e+00	6.437696e+02	8.865986e+00	36.7456	1	1
264	0	610.3919	3	0.4181	0.000000	6.457941e+00	1.159143e+03	1.899583e+01	88.8327	1	0
265	1	611.1086	2	0.5179	0.068136	5.401446e+00	5.406751e+02	6.599134e+00	100.0000	1	1
265	0	611.8255	2	0.4510	0.000000	6.194368e+00	1.326276e+03	6.603067e+00	52.4273	1	0
266	1	612.5422	4	0.7013	-0.143739	1.364823e+01	1.341152e+03	2.249391e+01	82.2557	1	1
266	0	613.3757	4	0.4512	0.000000	1.152776e+01	2.048300e+03	1.384713e+01	54.0307	1	0
267	1	614.0925	1	0.5179	-0.005208	2.123991e+00	2.321974e+02	7.647355e+00	38.3956	1	1
267	0	614.8093	1	0.3012	0.000000	3.949160e+00	7.622386e+02	1.067222e+01	85.3537	1	0
268	1	615.5378	3	0.5179	0.111535	8.455332e+00	8.016364e+02	1.207625e+01	84.9169	1	1
268	0	616.2542	3	0.6177	0.000000	6.938218e+00	1.277167e+03	1.332613e+01	62.6964	1	0
269	1	617.0263	4	1.1345	-0.002632	4.145621e+00	4.130207e+02	6.808923e+00	52.8183	1	1
269	0	618.2932	4	0.4679	0.000000	2.389696e+00	4.410273e+02	1.268130e+01	100.0000	1	0
270	1	619.0767	2	0.6845	0.095073	4.726243e+00	4.686858e+02	9.370407e+00	100.0000	1	1
270	0	619.9101	2	0.2177	0.000000	1.051256e+01	2.128957e+03	1.198171e+01	74.9949	1	0
271	1	620.6268	1	0.5679	0.075574	4.296749e+00	4.858172e+02	7.356632e+00	100.0000	1	1
271	0	621.3525	1	0.3343	0.000000	6.414051e+00	1.349189e+03	8.877299e+00	54.2606	1	0
272	1	622.0691	3	0.7174	-0.077385	3.760607e+00	3.570057e+02	8.772113e+00	53.0658	1	1
272	0	622.9272	3	0.4346	0.000000	3.420076e+00	5.965651e+02	1.003621e+01	98.8952	1	0
