Trial	Type	Onset	Target #	Time to Target	Endpoint Error	Est. Avg. Error Mag	Accum. Error x dMagProj	Max Error Mag.	Max Error Pos. (% of trajectory)	Feedback	Target (1)/Return (0)
1	1	0.7729	3	4.4501	-0.137788	5.894279e+00	1.449088e+03	1.707392e+01	31.2463	1	1
1	0	5.7378	3	0.7683	0.000000	5.394413e-01	1.017699e+02	2.278981e+00	97.0156	1	0
2	1	6.6547	1	1.0012	0.010695	4.437395e+00	4.475675e+02	1.061373e+01	96.3494	1	1
2	0	7.7882	1	0.4181	0.000000	4.552760e+00	8.492585e+02	1.076305e+01	85.3668	1	0
3	1	8.6717	2	0.4845	-0.461518	1.842191e+01	1.620339e+03	4.259615e+01	100.0000	0	1
3	0	9.6386	2	0.7344	0.000000	1.683429e+01	3.477059e+03	2.050952e+01	53.4027	1	0
4	1	10.5053	4	1.1345	-0.052722	1.358114e+00	1.619209e+02	5.080993e+00	100.0000	1	1
4	0	11.7888	4	0.5345	0.000000	8.348412e+00	1.525275e+03	1.553296e+01	85.6507	1	0
5	1	12.5056	4	1.0178	0.023868	2.843169e+00	2.993859e+02	6.898123e+00	7.4060	1	1
5	0	13.6558	4	0.5511	0.000000	4.205998e+00	7.571758e+02	1.416035e+01	81.6888	1	0
6	1	14.3726	2	0.8679	-0.074331	2.897689e+00	3.278355e+02	1.046274e+01	9.6483	1	1
6	0	15.3728	2	0.2513	0.000000	9.420166e+00	1.932236e+03	1.606362e+01	60.1606	1	0
7	1	16.0895	3	1.3014	-0.010638	3.101975e+00	3.315675e+02	7.808654e+00	59.6847	1	1
7	0	17.5231	3	0.5511	0.000000	4.041431e+00	7.644275e+02	1.893505e+01	60.7458	1	0
8	1	18.2399	1	1.0346	0.015914	7.456324e-01	7.551815e+01	1.780508e+00	98.9820	1	1
8	0	19.4234	1	0.4178	0.000000	3.294434e+00	6.007302e+02	5.577091e+00	71.1340	1	0
9	1	20.1498	2	0.9673	-0.111535	1.369912e+01	1.347498e+03	2.009269e+01	34.7434	1	1
9	0	21.2569	2	0.3175	0.000000	1.149291e+01	2.404884e+03	1.462653e+01	53.9598	1	0
10	1	21.9737	3	1.4013	-0.013368	6.788305e+00	7.910223e+02	2.373549e+01	79.5170	1	1
10	0	23.5153	3	0.5678	0.000000	6.544155e+00	1.257460e+03	1.187952e+01	54.0829	1	0
11	1	24.2317	4	0.9842	0.012986	4.051701e+00	4.349649e+02	1.063680e+01	9.7153	1	1
11	0	25.3645	4	0.4510	0.000000	2.636287e+00	5.056039e+02	1.149081e+01	100.0000	1	0
12	1	26.0911	1	0.4012	-0.010582	3.265999e+00	4.043805e+02	1.006354e+01	23.5559	1	1
12	0	26.8079	1	0.3177	0.000000	1.895292e+00	3.435621e+02	4.556021e+00	83.2111	1	0
13	1	27.5246	2	0.6679	0.146012	1.436803e+01	1.387119e+03	2.739491e+01	62.8231	1	1
13	0	28.3468	2	0.2847	0.000000	7.647424e+00	1.515963e+03	1.063063e+01	52.9888	1	0
14	1	29.0634	1	0.4343	-0.034745	1.752569e+00	1.678210e+02	3.558681e+00	91.7482	1	1
14	0	29.7798	1	0.2848	0.000000	3.792975e+00	6.655576e+02	7.838261e+00	69.6927	1	0
15	1	30.4962	3	1.1677	0.002674	2.413092e+00	2.415110e+02	1.623234e+01	4.0262	1	1
15	0	31.8125	3	0.4846	0.000000	3.768442e+00	6.921724e+02	1.428428e+01	65.2132	1	0
16	1	32.5289	4	0.7342	0.002639	5.251501e+00	5.091432e+02	1.856446e+01	1.0485	1	1
16	0	33.3953	4	0.3341	0.000000	1.339646e+00	2.422416e+02	1.252134e+01	100.0000	1	0
17	1	34.1116	4	1.0842	-0.010610	7.546769e+00	7.459578e+02	1.476746e+01	30.5612	1	1
17	0	35.3446	4	0.5845	0.000000	7.298640e+00	1.297747e+03	8.868102e+00	55.2900	1	0
18	1	36.0776	3	0.8343	-0.013297	2.757442e+00	2.637434e+02	4.065526e+00	86.3386	1	1
18	0	37.0440	3	0.5175	0.000000	4.031327e+00	7.272550e+02	1.177165e+01	86.6164	1	0
19	1	37.7605	1	0.3842	-0.021273	2.621773e+00	2.512431e+02	3.941325e+00	16.1413	1	1
19	0	38.4769	1	0.2676	0.000000	4.117106e+00	7.420612e+02	6.509231e+00	88.6656	1	0
20	1	39.2100	2	0.5509	0.103082	7.249054e+00	7.320308e+02	1.161059e+01	52.2519	1	1
20	0	39.9265	2	0.2677	0.000000	4.561117e+00	9.517255e+02	6.854531e+00	54.8481	1	0
21	1	40.6432	4	0.8846	0.061420	5.760245e+00	5.644418e+02	8.095876e+00	81.2616	1	1
21	0	41.6768	4	0.3677	0.000000	5.340473e+00	9.478499e+02	5.840639e+00	54.5127	1	0
22	1	42.3935	2	0.6512	-0.039350	1.420537e+01	1.414231e+03	2.840410e+01	86.1318	1	1
22	0	43.1770	2	0.3179	0.000000	1.014049e+01	2.148673e+03	1.423413e+01	71.1222	1	0
23	1	43.8939	1	0.6177	0.000000	1.601421e+00	1.803244e+02	7.270420e+00	16.6155	1	1
23	0	44.6440	1	0.2677	0.000000	2.517909e+00	4.543983e+02	4.747026e+00	94.7969	1	0
24	1	45.3607	3	0.7011	-0.018714	3.092214e+00	2.941627e+02	1.035142e+01	87.8468	1	1
24	0	46.1942	3	0.4344	0.000000	1.133978e+00	2.010648e+02	1.780474e+00	59.9752	1	0
25	1	46.9109	2	0.4678	0.388319	2.587504e+01	2.464840e+03	3.814485e+01	100.0000	0	1
25	0	47.6276	2	0.3680	0.000000	1.261939e+01	2.663894e+03	1.849417e+01	59.0902	1	0
26	1	48.2736	3	1.2507	0.010638	1.144503e+01	1.433790e+03	3.342020e+01	81.5844	1	1
26	0	49.6612	3	0.4180	0.000000	5.833383e+00	1.120470e+03	1.105432e+01	93.6956	1	0
27	1	50.3781	1	0.5178	0.042755	1.149352e+00	1.092572e+02	5.562353e+00	7.3143	1	1
27	0	51.0949	1	0.3177	0.000000	5.435638e+00	9.648016e+02	6.071234e+00	77.3150	1	0
28	1	51.8116	4	1.1182	0.023805	8.678382e+00	9.672712e+02	3.269177e+01	6.8884	1	1
28	0	53.0785	4	0.5512	0.000000	4.324668e+00	8.154448e+02	1.247812e+01	100.0000	1	0
29	1	53.7953	1	0.5511	-0.076570	1.174786e+01	1.128696e+03	1.302677e+01	76.8610	1	1
29	0	54.5214	1	0.3343	0.000000	3.106146e+00	5.575731e+02	3.559254e+00	54.1121	1	0
30	1	55.2380	4	0.6342	0.015872	9.728275e+00	9.791681e+02	2.028931e+01	88.7895	1	1
30	0	56.0290	4	0.5012	0.000000	1.554264e+00	2.744056e+02	6.273543e+00	89.6326	1	0
31	1	56.7456	2	0.6013	-0.028939	2.012984e+01	2.199596e+03	4.100026e+01	79.6758	1	1
31	0	57.5039	2	0.2344	0.000000	1.097341e+01	2.324320e+03	1.469385e+01	71.6929	1	0
32	1	58.2202	3	0.9674	0.002674	1.151152e+01	1.115224e+03	1.849873e+01	63.0127	1	1
32	0	59.3199	3	0.4346	0.000000	2.644279e+00	5.003040e+02	1.011068e+01	62.2896	1	0
33	1	60.0363	2	0.8011	0.032075	1.763085e+01	1.748239e+03	5.137936e+01	5.1206	1	1
33	0	60.9859	2	0.2512	0.000000	2.430537e+00	4.653638e+02	5.196562e+00	100.0000	1	0
34	1	61.7023	1	0.4509	-0.013227	1.303029e+00	1.346340e+02	2.755404e+00	21.9681	1	1
34	0	62.4301	1	0.2677	0.000000	9.937987e+00	1.815168e+03	1.280137e+01	64.9977	1	0
35	1	63.1467	3	0.8012	-0.077385	1.157349e+01	1.229081e+03	3.271984e+01	9.7229	1	1
35	0	64.0849	3	0.2844	0.000000	4.275682e+00	7.428806e+02	7.533682e+00	84.1770	1	0
36	1	64.8012	4	0.9509	0.089942	8.794477e+00	8.400687e+02	1.375978e+01	78.0477	1	1
36	0	65.9010	4	0.5675	0.000000	1.529754e+01	2.992043e+03	2.681760e+01	68.6891	1	0
37	1	66.6174	1	0.5008	-0.023742	5.644027e+00	5.881495e+02	7.596831e+00	83.0743	1	1
37	0	67.3338	1	0.3176	0.000000	4.835220e+00	9.118580e+02	5.683610e+00	92.0169	1	0
38	1	68.0668	3	0.9008	-0.015956	5.869342e+00	6.341934e+02	1.875626e+01	14.2622	1	1
38	0	69.1165	3	0.3845	0.000000	4.926244e+00	9.520782e+02	1.100881e+01	96.2968	1	0
39	1	69.8330	2	0.5846	0.214723	2.061879e+01	1.979370e+03	3.154702e+01	87.3948	1	1
39	0	70.5661	2	0.3014	0.000000	2.820598e+00	5.976436e+02	4.072277e+00	100.0000	1	0
40	1	71.2824	4	1.2343	-0.010666	4.732392e+00	5.478123e+02	5.586272e+00	78.3099	1	1
40	0	72.6653	4	0.4346	0.000000	1.983462e+00	3.906506e+02	7.705026e+00	89.2890	1	0
41	1	73.3818	3	0.5843	-0.026519	1.423077e+00	1.595003e+02	5.851272e+00	14.4583	1	1
41	0	74.0983	3	0.3513	0.000000	4.468804e+00	8.562623e+02	1.199810e+01	90.0066	1	0
42	1	74.8151	4	0.6846	-0.263181	2.389825e+01	2.338488e+03	4.305824e+01	7.2416	0	1
42	0	75.6487	4	0.4510	0.000000	3.009853e+01	5.620675e+03	4.256285e+01	53.2237	1	0
43	1	76.2821	1	0.4511	-0.036923	5.314790e+00	5.956267e+02	1.092216e+01	9.6049	1	1
43	0	76.9989	1	0.2510	0.000000	4.465070e+00	8.017643e+02	5.567796e+00	79.0112	1	0
44	1	77.7156	2	0.5845	-0.067958	8.060511e+00	7.878795e+02	1.481110e+01	93.0064	1	1
44	0	78.4491	2	0.2511	0.000000	6.577020e+00	1.370674e+03	1.163911e+01	53.4207	1	0
45	1	79.1658	3	0.7512	0.042641	6.305003e+00	6.251866e+02	7.293227e+00	52.0648	0	1
45	0	80.0660	3	0.4679	0.000000	1.684144e+01	3.119657e+03	2.259020e+01	55.1070	1	0
46	1	80.6993	2	0.4680	0.061094	5.881876e+00	5.615846e+02	1.177710e+01	4.2795	1	1
46	0	81.4161	2	0.2178	0.000000	2.529951e+00	5.190293e+02	2.543356e+00	53.8043	1	0
47	1	82.1496	4	0.9178	0.023868	1.137975e+01	1.149354e+03	1.455686e+01	91.9843	1	1
47	0	83.1997	4	0.5180	0.000000	4.700918e+00	8.612004e+02	1.112398e+01	95.2121	1	0
48	1	83.9165	1	0.4846	0.037316	9.106438e+00	9.231141e+02	1.270227e+01	66.1495	1	1
48	0	84.6446	1	0.2846	0.000000	2.860965e+00	5.105747e+02	4.574154e+00	54.2999	1	0
49	1	97.9187	2	0.8556	-0.042080	8.641595e-01	8.346710e+01	4.066847e+00	100.0000	1	1
49	0	98.9064	2	0.2344	0.000000	7.950552e+00	1.534030e+03	8.865782e+00	58.7508	1	0
50	1	99.6230	4	0.7675	0.018615	6.642360e+00	6.804083e+02	1.350406e+01	77.1881	1	1
50	0	100.5227	4	0.3175	0.000000	2.247102e+00	3.899231e+02	5.584322e+00	62.5501	1	0
51	1	101.2391	1	0.6674	-0.023995	5.629493e+00	5.525797e+02	9.663973e+00	2.0593	1	1
51	0	102.0387	1	0.4015	0.000000	1.045834e+01	1.876596e+03	1.483834e+01	54.6611	1	0
52	1	102.7552	3	0.6342	-0.037416	5.736470e+00	5.494034e+02	7.524776e+00	46.5479	1	1
52	0	103.5216	3	0.3846	0.000000	3.847254e+00	7.330839e+02	4.321104e+00	54.4256	1	0
53	1	104.2380	1	0.4175	-0.021330	2.338803e+00	2.244723e+02	3.976067e+00	19.5241	1	1
53	0	104.9545	1	0.2846	0.000000	4.648305e+00	8.304417e+02	6.656344e+00	94.6728	1	0
54	1	105.6708	2	0.6842	-0.045302	2.571255e+00	2.466246e+02	4.320416e+00	100.0000	1	1
54	0	106.4873	2	0.2176	0.000000	6.927054e+00	1.418920e+03	7.866638e+00	54.1089	1	0
55	1	107.2037	4	0.7176	0.034653	4.157536e+00	4.317718e+02	1.448094e+01	8.8769	1	1
55	0	108.0536	4	0.2345	0.000000	2.364705e+00	4.407310e+02	3.305376e+00	52.7949	1	0
56	1	108.7703	3	0.8013	0.013368	1.938597e+01	1.855706e+03	4.604416e+01	0.5315	1	1
56	0	109.7205	3	0.3182	0.000000	5.123917e+00	9.582885e+02	1.615659e+01	89.3624	1	0
57	1	110.4373	1	0.5178	-0.037020	3.315160e+00	3.292168e+02	4.065977e+00	90.4917	1	1
57	0	111.1540	1	0.2177	0.000000	2.380262e+00	4.352171e+02	5.268632e+00	90.5400	1	0
58	1	111.8708	4	0.6351	0.098348	4.606231e+00	4.693601e+02	9.367430e+00	100.0000	1	1
58	0	112.6543	4	0.3177	0.000000	8.065448e+00	1.468546e+03	1.062728e+01	89.4757	1	0
59	1	113.3712	3	0.6846	0.116799	4.143770e+00	4.477913e+02	1.111747e+01	100.0000	1	1
59	0	114.2045	3	0.3846	0.000000	8.756630e+00	1.765457e+03	2.322867e+01	99.6101	1	0
60	1	114.9212	2	0.4512	-0.099150	5.107272e+00	5.279969e+02	9.619839e+00	100.0000	1	1
60	0	115.6381	2	0.2845	0.000000	6.425804e+00	1.198562e+03	7.357482e+00	53.1833	1	0
61	1	116.3716	3	0.6510	0.018516	1.040984e+01	1.156653e+03	1.548948e+01	65.9100	1	1
61	0	117.1549	3	0.3012	0.000000	4.529050e+00	8.169319e+02	6.094028e+00	54.6193	1	0
62	1	117.8718	1	0.4513	-0.095202	4.237680e+00	4.079185e+02	9.363318e+00	95.1941	1	1
62	0	118.5886	1	0.2511	0.000000	6.084211e+00	1.134768e+03	1.017365e+01	100.0000	1	0
63	1	119.3163	4	1.1341	-0.029325	6.530114e+00	8.289149e+02	2.056751e+01	1.0003	1	1
63	0	120.5888	4	0.3345	0.000000	3.814886e+00	6.913815e+02	1.144863e+01	87.9537	1	0
64	1	121.3056	2	0.4511	-0.054002	4.813074e+00	5.027126e+02	5.588710e+00	100.0000	1	1
64	0	122.0224	2	0.2177	0.000000	6.846703e+00	1.475055e+03	9.917445e+00	83.5244	1	0
65	1	122.7392	4	0.6512	-0.058289	7.539633e+00	1.217579e+03	1.636529e+01	21.6951	0	1
65	0	123.5226	4	0.4845	0.000000	1.136312e+01	2.197062e+03	1.559311e+01	52.9408	1	0
66	1	124.1647	3	0.6508	0.018714	8.569040e+00	8.539788e+02	1.641790e+01	81.4233	1	1
66	0	124.9561	3	0.2512	0.000000	8.123359e+00	1.508743e+03	1.284271e+01	59.8301	1	0
67	1	125.6729	1	0.4347	0.031652	1.329753e+00	1.305694e+02	3.819346e+00	9.1756	1	1
67	0	126.3897	1	0.2679	0.000000	7.527529e+00	1.423776e+03	1.097459e+01	100.0000	1	0
68	1	127.1065	2	0.6852	-0.238936	1.087491e+01	1.306624e+03	2.348168e+01	100.0000	0	1
68	0	127.9467	2	0.4177	0.000000	2.165369e+01	4.470913e+03	3.345699e+01	50.9604	1	0
69	1	128.5798	4	0.9676	-0.034469	2.850364e+00	3.383865e+02	1.846090e+01	1.7041	1	1
69	0	129.6961	4	0.5842	0.000000	2.666573e+00	4.912369e+02	3.305478e+00	54.9334	1	0
70	1	130.4126	1	0.4176	-0.076368	3.902907e+00	3.772688e+02	7.356187e+00	100.0000	1	1
70	0	131.1291	1	0.2842	0.000000	2.618262e+00	4.745772e+02	8.496156e+00	100.0000	1	0
71	1	131.8573	2	0.6011	0.015344	1.163946e+01	1.205786e+03	1.387980e+01	61.8035	0	1
71	0	132.5951	2	0.2844	0.000000	2.407963e+01	4.741326e+03	3.302254e+01	55.7671	1	0
72	1	133.2282	3	0.4182	0.253767	6.366206e+00	5.927588e+02	2.388679e+01	100.0000	0	1
72	0	133.9447	3	0.3677	0.000000	7.247896e+00	1.266122e+03	1.086659e+01	54.1487	1	0
73	1	134.5778	3	0.8845	-0.018714	1.072329e+01	1.092015e+03	1.740561e+01	67.9112	1	1
73	0	135.6108	3	0.3344	0.000000	3.256090e+00	5.755285e+02	1.126848e+01	75.2664	1	0
74	1	136.3272	4	0.9509	-0.034561	3.974527e+00	3.818773e+02	1.001057e+01	3.5129	1	1
74	0	137.4102	4	0.4344	0.000000	3.217534e+00	5.792174e+02	7.156987e+00	99.1514	1	0
75	1	138.1262	1	0.6350	-0.042191	4.199622e+00	4.292530e+02	7.272883e+00	8.7360	1	1
75	0	138.9098	1	0.2676	0.000000	3.193892e+00	5.656529e+02	7.120792e+00	94.9104	1	0
76	1	139.6262	2	0.4508	-0.175882	6.839621e+00	7.001351e+02	1.678205e+01	100.0000	0	1
76	0	140.3425	2	0.3843	0.000000	1.960270e+01	3.820911e+03	3.255963e+01	53.8527	1	0
77	1	140.9756	1	0.6344	0.044943	7.448390e+00	8.664059e+02	1.268291e+01	19.7638	1	1
77	0	141.7588	1	0.2681	0.000000	5.728749e+00	1.048847e+03	7.851508e+00	60.9824	1	0
78	1	142.4755	3	0.8678	-0.039662	8.993388e+00	8.723809e+02	1.305557e+01	82.3070	1	1
78	0	143.4757	3	0.4678	0.000000	4.990145e+00	9.377132e+02	5.785414e+00	89.5367	1	0
79	1	144.1925	4	0.6677	-0.083575	5.579177e+00	5.423934e+02	8.350739e+00	83.4197	1	1
79	0	144.9926	4	0.3344	0.000000	7.819103e+00	1.483102e+03	8.114974e+00	53.4790	1	0
80	1	145.7093	2	0.4846	0.167222	1.184350e+01	1.410080e+03	1.655639e+01	100.0000	1	1
80	0	146.4261	2	0.2178	0.000000	6.467354e+00	1.329510e+03	1.586994e+01	81.0491	1	0
81	1	147.1430	1	0.5844	0.052722	9.581215e+00	1.266437e+03	1.146813e+01	47.5183	1	1
81	0	147.8763	1	0.2345	0.000000	5.737599e+00	1.079366e+03	7.705026e+00	85.8085	1	0
82	1	148.5897	3	1.0379	-0.029169	7.059043e+00	7.699968e+02	1.728370e+01	75.9326	1	1
82	0	149.7599	3	0.3675	0.000000	3.849189e+00	7.285194e+02	1.555495e+01	60.2107	1	0
83	1	150.4767	2	0.4350	0.177225	1.138431e+01	1.197830e+03	1.803012e+01	100.0000	0	1
83	0	151.1934	2	0.3346	0.000000	7.881963e+00	1.579060e+03	1.525066e+01	67.8424	1	0
84	1	151.8387	4	0.7513	-0.060932	5.647652e+00	6.065209e+02	9.607500e+00	90.9025	1	1
84	0	152.7438	4	0.4511	0.000000	2.414753e+00	4.404972e+02	7.769549e+00	82.9158	1	0
85	1	153.4605	1	0.5846	-0.076570	1.199475e+01	1.181565e+03	1.330651e+01	85.2425	1	1
85	0	154.1939	1	0.2847	0.000000	1.348941e+00	2.378762e+02	1.526232e+00	55.2472	1	0
86	1	154.9107	3	1.3013	0.042415	5.022492e+00	5.071524e+02	1.183080e+01	84.6421	1	1
86	0	156.3443	3	0.3344	0.000000	7.886476e+00	1.572023e+03	1.169083e+01	100.0000	1	0
87	1	157.0702	2	0.3843	-0.025570	1.008530e+01	1.048368e+03	1.551026e+01	4.8288	1	1
87	0	157.7867	2	0.2177	0.000000	1.440427e+00	2.158119e+02	4.199279e+00	100.0000	1	0
88	1	158.5030	4	0.8175	-0.015914	1.133436e+01	1.137406e+03	1.550495e+01	87.1736	1	1
88	0	159.4695	4	0.2846	0.000000	2.766275e+00	4.861936e+02	1.124755e+01	100.0000	1	0
89	1	160.1949	3	0.7345	0.159072	6.924810e+00	6.642379e+02	1.507147e+01	100.0000	0	1
89	0	161.0616	3	0.4179	0.000000	1.122593e+01	2.027474e+03	1.556715e+01	52.8285	1	0
90	1	161.7020	1	0.4508	0.000000	1.078927e+00	1.043138e+02	3.250060e+00	18.3785	1	1
90	0	162.4184	1	0.2512	0.000000	5.056944e+00	9.082986e+02	5.334495e+00	54.3081	1	0
91	1	163.1350	4	0.8675	-0.021217	4.449229e+00	4.418527e+02	8.623567e+00	2.2329	1	1
91	0	164.1511	4	0.4343	0.000000	1.047409e+01	1.877046e+03	1.187192e+01	55.2523	1	0
92	1	164.8676	2	0.6676	0.057528	1.274832e+01	1.291012e+03	3.159836e+01	77.4624	1	1
92	0	165.6841	2	0.3010	0.000000	1.462243e+01	3.062398e+03	1.743382e+01	75.2475	1	0
93	1	166.4005	3	1.0506	0.023868	9.406223e+00	9.665294e+02	3.665336e+01	80.4482	1	1
93	0	167.6000	3	0.3843	0.000000	2.292436e+00	3.947911e+02	3.047190e+00	82.0157	1	0
94	1	168.3164	4	1.0840	0.023995	8.059155e+00	8.297279e+02	2.085485e+01	4.8870	1	1
94	0	169.5328	4	0.4678	0.000000	1.490314e+00	2.679846e+02	2.289003e+00	54.4543	1	0
95	1	170.2492	1	0.4343	-0.222900	1.729509e+01	1.609157e+03	2.157171e+01	83.5193	0	1
95	0	170.9655	1	0.4347	0.000000	2.418730e+00	4.271654e+02	7.274014e+00	100.0000	1	0
96	1	171.6153	2	0.6510	-0.107479	8.124372e+00	9.519045e+02	1.037034e+01	100.0000	1	1
96	0	172.3984	2	0.2511	0.000000	7.672222e+00	1.593687e+03	1.038492e+01	53.2867	1	0
97	1	185.6488	4	1.0847	-0.015706	8.063641e+00	8.001978e+02	1.059573e+01	83.6183	1	1
97	0	186.8823	4	0.4511	0.000000	1.299546e+01	2.553469e+03	2.499329e+01	80.5050	1	0
98	1	187.5991	3	0.8013	-0.018566	6.932212e+00	7.256477e+02	1.117553e+01	10.7641	1	1
98	0	188.5325	3	0.3349	0.000000	2.941556e+00	5.254121e+02	1.009706e+01	65.7277	1	0
99	1	189.2494	1	0.4177	-0.095961	6.895058e+00	6.660094e+02	9.613315e+00	95.7124	1	1
99	0	189.9759	1	0.3175	0.000000	4.872474e+00	8.875992e+02	7.725375e+00	87.9839	1	0
100	1	190.6923	2	0.3846	0.219769	1.664623e+01	1.595960e+03	2.135244e+01	100.0000	0	1
100	0	191.4087	2	0.3010	0.000000	1.432546e+01	2.469260e+03	2.581523e+01	60.6445	1	0
101	1	192.0498	4	0.8679	0.008021	8.600469e-01	8.266751e+01	1.090744e+00	0.6809	1	1
101	0	193.0499	4	0.5511	0.000000	2.466826e+00	4.674138e+02	6.543467e+00	84.2999	1	0
102	1	193.7745	3	0.7343	0.000000	6.872843e-01	6.592393e+01	2.502996e+00	5.7593	1	1
102	0	194.6577	3	0.4512	0.000000	3.055710e+00	5.406310e+02	6.090609e+00	62.1563	1	0
103	1	195.3741	2	0.7509	-0.094952	9.823026e+00	1.087859e+03	4.322162e+01	13.5584	1	1
103	0	196.2738	2	0.2342	0.000000	5.200591e+00	1.080555e+03	6.347118e+00	58.2230	1	0
104	1	196.9901	1	0.4177	0.024060	1.165288e+00	1.110457e+02	2.752203e+00	6.2010	1	1
104	0	197.7173	1	0.2013	0.000000	9.491140e+00	1.683659e+03	1.086774e+01	53.2852	1	0
105	1	198.4340	3	0.8345	0.056091	3.267873e+00	3.490446e+02	1.182685e+01	85.4487	1	1
105	0	199.4227	3	0.2843	0.000000	8.722526e+00	1.622578e+03	1.604965e+01	73.1112	1	0
106	1	200.1390	4	1.2508	0.026310	8.127260e+00	8.052411e+02	1.045236e+01	50.1117	1	1
106	0	201.5220	4	0.5851	0.000000	4.483263e+00	8.228045e+02	1.161845e+01	97.8912	1	0
107	1	202.2550	2	0.7343	-0.135638	8.896454e+00	1.080900e+03	1.386366e+01	100.0000	0	1
107	0	203.1381	2	0.3347	0.000000	1.498989e+01	3.051252e+03	1.856510e+01	54.2700	1	0
108	1	203.7713	1	0.4508	-0.083793	5.564478e+00	5.472610e+02	8.360445e+00	94.7846	1	1
108	0	204.5043	1	0.2343	0.000000	8.238887e+00	1.499591e+03	1.470847e+01	68.4206	1	0
109	1	205.2207	2	0.7342	0.087774	9.725598e+00	9.876690e+02	1.952241e+01	85.0183	1	1
109	0	206.0871	2	0.2844	0.000000	1.116996e+01	2.030777e+03	1.678873e+01	54.2012	1	0
110	1	206.8035	4	0.4676	-0.029403	2.255454e+00	2.402901e+02	2.797225e+00	100.0000	1	1
110	0	207.5200	4	0.3176	0.000000	4.800774e+00	8.650167e+02	1.145263e+01	91.9081	1	0
111	1	208.2363	3	0.6343	0.008000	3.793929e+00	4.053524e+02	6.074081e+00	66.3778	1	1
111	0	209.0028	3	0.2677	0.000000	3.026260e+00	5.427677e+02	7.106576e+00	95.8621	1	0
112	1	209.7192	1	0.3844	-0.042755	3.791583e+00	3.604272e+02	4.319489e+00	91.1467	1	1
112	0	210.4360	1	0.2676	0.000000	5.543700e+00	9.806170e+02	9.201940e+00	93.0534	1	0
113	1	211.1526	4	1.1346	0.042641	1.196948e+01	1.351627e+03	2.383893e+01	9.6331	1	1
113	0	212.4196	4	0.5179	0.000000	2.115462e+00	3.965188e+02	6.384053e+00	100.0000	1	0
114	1	213.1362	1	0.5013	-0.127308	9.045495e+00	8.832472e+02	1.258636e+01	91.2556	1	1
114	0	213.8531	1	0.2845	0.000000	6.440731e+00	1.153666e+03	8.615824e+00	54.1841	1	0
115	1	214.5699	2	0.9012	-0.045423	8.840216e+00	8.456753e+02	1.242984e+01	59.7699	1	1
115	0	215.6200	2	0.2679	0.000000	7.489085e+00	1.422100e+03	1.687498e+01	84.0650	1	0
116	1	216.3368	3	0.9512	0.063913	1.304983e+01	1.296019e+03	1.868180e+01	71.6335	1	1
116	0	217.4203	3	0.3844	0.000000	6.574524e+00	1.165628e+03	8.716949e+00	86.7399	1	0
117	1	218.1370	4	1.2850	0.098088	1.035310e+01	1.060266e+03	1.553425e+01	6.3198	1	1
117	0	219.5707	4	0.5344	0.000000	3.388339e+00	6.013638e+02	4.827784e+00	55.1194	1	0
118	1	220.2873	3	0.8847	0.008000	8.762972e+00	8.820124e+02	1.699231e+01	36.2953	1	1
118	0	221.3043	3	0.3177	0.000000	4.476521e+00	8.426721e+02	7.003893e+00	89.5887	1	0
119	1	222.0210	1	0.4511	-0.034745	5.038285e+00	4.800912e+02	6.057540e+00	50.5357	1	1
119	0	222.7482	1	0.1343	0.000000	4.527573e+00	8.010800e+02	7.818189e+00	76.4596	1	0
120	1	223.4646	2	0.6008	-0.069407	3.485899e+00	3.314172e+02	6.598556e+00	100.0000	1	1
120	0	224.4713	2	0.2845	0.000000	4.430902e+00	8.746492e+02	5.043430e+00	86.2225	1	0
121	1	225.1881	4	0.5845	-0.058135	7.648885e-01	7.747910e+01	5.587414e+00	100.0000	1	1
121	0	225.9050	4	0.5344	0.000000	5.422384e+00	9.822874e+02	6.256758e+00	89.2966	1	0
122	1	226.6301	1	0.5176	-0.125978	1.140377e+01	1.102796e+03	1.449395e+01	79.6427	1	1
122	0	227.3466	1	0.3010	0.000000	5.863036e+00	1.060311e+03	6.346712e+00	54.0454	1	0
123	1	228.0631	3	0.6508	0.010695	3.152511e+00	2.999341e+02	4.930845e+00	8.1120	1	1
123	0	228.8460	3	0.4511	0.000000	2.631146e+00	4.592258e+02	9.097375e+00	66.4767	1	0
124	1	229.5625	2	0.6342	-0.047086	2.206279e+00	2.332054e+02	4.574181e+00	100.0000	1	1
124	0	230.3455	2	0.2677	0.000000	6.169935e+00	1.261809e+03	7.358473e+00	58.3318	1	0
125	1	231.0620	3	0.5843	-0.047963	6.623362e-01	6.734441e+01	4.573990e+00	100.0000	1	1
125	0	231.7950	3	0.4677	0.000000	7.411470e+00	1.365865e+03	1.155303e+01	69.0600	1	0
126	1	232.5115	2	0.5175	0.055633	4.159615e+00	4.679497e+02	5.842220e+00	100.0000	1	1
126	0	233.2394	2	0.2843	0.000000	2.830253e+00	5.914184e+02	3.811440e+00	70.0261	1	0
127	1	233.9562	4	0.7846	0.032075	7.091252e+00	6.769444e+02	1.741135e+01	85.3233	1	1
127	0	234.8940	4	0.5177	0.000000	5.490381e+00	9.645583e+02	1.221127e+01	97.9978	1	0
128	1	235.6104	1	0.5343	-0.153855	1.084033e+01	1.040254e+03	1.624540e+01	91.0932	1	1
128	0	236.3270	1	0.3342	0.000000	7.266623e+00	1.326154e+03	8.364151e+00	53.0530	1	0
129	1	237.0434	4	0.8842	0.142268	8.735248e+00	9.661784e+02	1.628293e+01	6.5195	1	1
129	0	238.0763	4	0.5675	0.000000	6.045019e+00	1.110057e+03	1.637580e+01	77.7186	1	0
130	1	238.7927	2	0.6841	-0.096557	4.458149e+00	5.039913e+02	9.369070e+00	100.0000	1	1
130	0	239.6091	2	0.2180	0.000000	4.878676e+00	1.001996e+03	6.841775e+00	69.8297	1	0
131	1	240.3255	1	0.5509	-0.005319	1.240973e+00	1.193755e+02	4.677145e+00	5.0509	1	1
131	0	241.0420	1	0.2509	0.000000	5.865195e+00	1.087727e+03	1.402934e+01	76.6946	1	0
132	1	241.7584	3	1.1839	0.021273	6.050590e+00	6.054774e+02	1.520144e+01	58.7519	1	1
132	0	243.0912	3	0.4344	0.000000	5.455362e+00	1.165242e+03	2.314582e+01	56.5136	1	0
133	1	243.8078	2	0.8345	-0.015956	1.727197e+01	1.789123e+03	2.695197e+01	85.5524	1	1
133	0	244.7911	2	0.2679	0.000000	5.700877e+00	1.087948e+03	5.841997e+00	54.3034	1	0
134	1	245.5079	3	0.9678	0.098348	6.526495e+00	6.513403e+02	1.642253e+01	82.1021	1	1
134	0	246.6081	3	0.3179	0.000000	9.427717e+00	1.669948e+03	1.285238e+01	56.6282	1	0
135	1	247.3248	4	0.8680	0.040085	6.430870e+00	6.244457e+02	9.520800e+00	28.0180	1	1
135	0	248.3251	4	0.4678	0.000000	5.470277e+00	1.065084e+03	1.170432e+01	75.4693	1	0
136	1	249.0418	1	0.6347	-0.097317	1.264029e+01	1.348771e+03	1.572767e+01	65.1095	1	1
136	0	249.8086	1	0.2845	0.000000	5.005067e+00	8.915327e+02	9.931184e+00	85.0142	1	0
137	1	250.5254	2	0.4679	0.059209	1.879532e+01	1.852006e+03	2.489602e+01	64.9698	1	1
137	0	251.2421	2	0.3178	0.000000	1.584887e+01	3.161253e+03	1.831300e+01	54.9160	1	0
138	1	251.9756	3	0.7845	0.013333	4.130167e+00	4.329281e+02	7.556807e+00	59.9400	1	1
138	0	252.8925	3	0.2344	0.000000	7.085708e+00	1.294468e+03	1.258788e+01	61.3502	1	0
139	1	253.6092	4	0.5678	0.055645	4.623454e+00	4.427491e+02	7.352920e+00	93.4642	1	1
139	0	254.3260	4	0.3844	0.000000	2.733814e+00	4.877047e+02	1.117219e+01	94.9589	1	0
140	1	255.0539	1	0.2844	-0.105152	9.074996e+00	1.029492e+03	1.081858e+01	79.1273	1	1
140	0	255.7703	1	0.3013	0.000000	8.068984e+00	1.541637e+03	1.281498e+01	82.7947	1	0
141	1	256.5096	4	1.0679	0.041535	7.488434e+00	9.593026e+02	1.449056e+01	82.0905	1	1
141	0	257.7098	4	0.5346	0.000000	3.440128e+00	6.438640e+02	7.301335e+00	82.8908	1	0
142	1	258.4361	3	0.7679	0.045062	5.444288e+00	5.462676e+02	1.393034e+01	2.9750	1	1
142	0	259.3600	3	0.2012	0.000000	7.842960e+00	1.400336e+03	1.255786e+01	66.0157	1	0
143	1	260.0768	1	0.5179	0.007915	1.929128e+00	1.952353e+02	6.343392e+00	15.2522	1	1
143	0	260.7936	1	0.2844	0.000000	4.750175e+00	8.416341e+02	7.853144e+00	62.4245	1	0
144	1	261.5103	2	1.1347	-0.010638	1.392223e+01	1.382060e+03	2.669297e+01	1.0244	1	1
144	0	262.8013	2	0.2344	0.000000	4.071040e+00	7.798375e+02	9.105458e+00	65.1941	1	0
145	1	276.0802	2	0.8011	-0.013088	2.016632e+00	1.987164e+02	5.080400e+00	95.2198	1	1
145	0	277.0298	2	0.2676	0.000000	6.034353e+00	1.235679e+03	1.061255e+01	65.0279	1	0
146	1	277.7464	3	0.7176	0.167722	5.971003e+00	6.718086e+02	1.605333e+01	100.0000	1	1
146	0	278.6130	3	0.3179	0.000000	8.162225e+00	1.414622e+03	1.335410e+01	55.2447	1	0
147	1	279.3298	4	1.2846	0.023932	1.297887e+01	1.682689e+03	1.995345e+01	59.6617	1	1
147	0	280.7634	4	0.4344	0.000000	9.279242e+00	1.824736e+03	2.515870e+01	75.8717	1	0
148	1	281.4801	1	0.3678	-0.131856	1.309522e+01	1.366211e+03	1.564331e+01	10.8024	1	1
148	0	282.1969	1	0.1677	0.000000	2.566434e+00	4.557547e+02	3.051300e+00	54.1246	1	0
149	1	282.9137	2	0.9178	-0.034561	5.264397e+00	5.260196e+02	1.475319e+01	0.2546	1	1
149	0	283.9805	2	0.2845	0.000000	8.631467e+00	1.768014e+03	1.648293e+01	66.5587	1	0
150	1	284.6973	4	0.8014	-0.005291	1.114016e+01	1.225882e+03	2.678840e+01	21.6216	1	1
150	0	285.6475	4	0.5012	0.000000	3.046333e+00	5.751292e+02	1.036983e+01	90.6412	1	0
151	1	286.3642	1	0.6511	-0.092087	6.152312e+00	9.680190e+02	9.603473e+00	91.8239	1	1
151	0	287.1476	1	0.2847	0.000000	2.396005e+00	4.356686e+02	4.783607e+00	90.1552	1	0
152	1	287.8644	3	0.6180	0.010695	2.961838e+00	2.823782e+02	3.980871e+00	19.5726	1	1
152	0	288.6312	3	0.3512	0.000000	3.361699e+00	5.827371e+02	8.603327e+00	62.3119	1	0
153	1	289.3480	4	0.6679	0.005333	6.693298e+00	6.449470e+02	1.096667e+01	2.8196	1	1
153	0	290.4982	4	0.5680	0.000000	6.812196e+00	1.245904e+03	1.960359e+01	89.6557	1	0
154	1	291.2150	2	0.6344	-0.045423	1.056835e+01	1.200852e+03	2.142160e+01	66.5047	1	1
154	0	291.9817	2	0.2678	0.000000	6.784557e+00	1.435715e+03	1.592578e+01	69.9176	1	0
155	1	292.6985	3	0.8178	0.039979	7.926864e+00	8.086695e+02	9.832595e+00	77.9811	1	1
155	0	293.6486	3	0.3016	0.000000	1.235110e+01	2.210157e+03	1.703707e+01	54.2762	1	0
156	1	294.3740	1	0.4012	0.000000	5.141282e+00	4.957162e+02	7.469490e+00	36.9270	1	1
156	0	295.0904	1	0.2676	0.000000	3.558914e+00	6.530471e+02	6.093907e+00	53.4127	1	0
157	1	295.8069	4	0.7843	0.068315	7.212452e+00	7.027171e+02	1.410339e+01	2.0679	1	1
157	0	296.7232	4	0.5510	0.000000	1.249720e+01	2.443072e+03	4.115936e+01	94.1213	1	0
158	1	297.6395	3	0.7012	0.000000	1.209525e+00	1.332432e+02	1.703666e+00	11.8539	1	1
158	0	298.4727	3	0.4008	0.000000	4.203417e+00	7.575701e+02	1.313692e+01	89.3396	1	0
159	1	299.1892	1	0.4841	-0.028939	3.784035e+00	3.799239e+02	4.930845e+00	7.6870	1	1
159	0	299.9163	1	0.2507	0.000000	1.030488e+00	1.827911e+02	3.555936e+00	74.7787	1	0
160	1	300.6551	2	0.6511	-0.015914	1.756923e+00	1.727727e+02	5.399657e+00	1.4975	1	1
160	0	301.4384	2	0.2509	0.000000	1.085776e+01	2.164963e+03	1.743173e+01	63.9924	1	0
161	1	302.1548	1	0.6844	-0.050623	7.327803e+00	7.245344e+02	8.627028e+00	37.7897	1	1
161	0	302.9878	1	0.2843	0.000000	7.259748e+00	1.299188e+03	1.170861e+01	76.6619	1	0
162	1	303.7042	2	0.6845	-0.012315	2.396405e+00	2.750346e+02	5.826068e+00	64.5264	1	1
162	0	304.5372	2	0.2176	0.000000	1.593251e+01	3.336277e+03	2.552295e+01	65.3194	1	0
163	1	305.2537	3	0.9174	-0.047963	7.026827e+00	7.664870e+02	1.001343e+01	51.1095	1	1
163	0	306.3200	3	0.3510	0.000000	2.274433e+00	3.995168e+02	6.594767e+00	61.8292	1	0
164	1	307.0364	4	0.6676	-0.016041	6.535444e+00	6.269960e+02	7.577729e+00	66.6588	1	1
164	0	307.8528	4	0.3509	0.000000	2.477656e+00	4.294476e+02	2.543127e+00	55.0212	1	0
165	1	308.5691	1	0.4177	-0.018468	1.351715e+00	1.373118e+02	2.236381e+00	15.1294	1	1
165	0	309.2856	1	0.2344	0.000000	5.485179e+00	9.785349e+02	1.085084e+01	62.7661	1	0
166	1	310.0020	4	0.6679	0.177264	1.632418e+01	1.666406e+03	1.845638e+01	98.1655	1	1
166	0	310.8185	4	0.6008	0.000000	1.058669e+01	1.991437e+03	2.327666e+01	53.4545	1	0
167	1	311.5516	3	0.7515	0.002667	5.186983e+00	5.350538e+02	1.033319e+01	80.1944	1	1
167	0	312.4514	3	0.3846	0.000000	2.934393e+00	5.346201e+02	7.549292e+00	82.3989	1	0
168	1	313.1683	2	0.8179	0.010416	8.305211e+00	9.544490e+02	1.551859e+01	10.1277	1	1
168	0	314.1184	2	0.5179	0.000000	1.290427e+01	2.664548e+03	2.192458e+01	56.7527	1	0
169	1	314.8352	3	0.8513	0.040085	6.792944e+00	7.576522e+02	1.233604e+01	90.7795	1	1
169	0	315.8353	3	0.3179	0.000000	3.471113e+00	6.339037e+02	6.092152e+00	59.1932	1	0
170	1	316.5521	4	0.7679	-0.018714	6.158444e+00	5.889853e+02	8.105359e+00	1.3263	1	1
170	0	317.4522	4	0.2845	0.000000	2.369740e+00	4.260185e+02	5.744951e+00	89.5917	1	0
171	1	318.1690	2	0.5846	-0.195338	1.375552e+01	1.327587e+03	1.846780e+01	100.0000	0	1
171	0	318.8858	2	0.3345	0.000000	1.336171e+01	2.822982e+03	1.559224e+01	48.3278	1	0
172	1	319.5322	1	0.3715	-0.005348	4.374954e-01	4.170912e+01	2.604647e+00	7.1544	1	1
172	0	320.2527	1	0.2511	0.000000	7.343377e+00	1.092507e+03	1.323659e+01	100.0000	1	0
173	1	320.9694	4	0.5513	0.057378	5.615321e+00	6.100048e+02	1.577299e+01	0.9363	1	1
173	0	321.6863	4	0.4011	0.000000	4.814676e+00	8.842090e+02	5.840859e+00	56.9824	1	0
174	1	322.4030	2	0.6845	-0.112920	5.764827e+00	5.738816e+02	1.112245e+01	100.0000	1	1
174	0	323.2199	2	0.2678	0.000000	1.708770e+01	3.354563e+03	2.184252e+01	65.7339	1	0
175	1	323.9366	1	0.4678	0.125324	1.156522e+01	1.192258e+03	1.289018e+01	9.6006	1	1
175	0	324.6534	1	0.2678	0.000000	6.108877e+00	1.145632e+03	1.239823e+01	76.1644	1	0
176	1	325.3802	3	0.7511	0.034745	2.538794e+00	2.414122e+02	3.793856e+00	3.1498	1	1
176	0	326.2869	3	0.4012	0.000000	6.294148e+00	1.076492e+03	1.209716e+01	82.7367	1	0
177	1	327.0037	2	0.4845	0.050623	2.529330e+00	2.604782e+02	6.339823e+00	7.9734	1	1
177	0	327.7206	2	0.2010	0.000000	1.952241e+00	3.473482e+02	3.811349e+00	66.3949	1	0
178	1	328.4373	1	0.6178	-0.007936	5.092166e+00	4.896880e+02	7.594217e+00	0.7929	1	1
178	0	329.1874	1	0.2346	0.000000	4.904099e+00	8.588595e+02	1.171072e+01	78.5407	1	0
179	1	329.9120	3	0.9675	0.000000	7.344849e+00	7.194651e+02	1.273552e+01	69.1535	1	1
179	0	331.0116	3	0.3011	0.000000	7.547112e+00	1.332501e+03	1.728012e+01	70.9091	1	0
180	1	331.7377	4	1.0512	-0.005333	6.272822e+00	6.174971e+02	1.023361e+01	53.7555	1	1
180	0	332.9277	4	0.3510	0.000000	5.783457e+00	1.044121e+03	1.375684e+01	85.6084	1	0
181	1	333.6441	4	0.5842	-0.077385	4.759601e+00	4.537539e+02	1.131904e+01	4.0419	1	1
181	0	334.3772	4	0.6009	0.000000	7.477038e+00	1.372843e+03	1.373525e+01	92.7385	1	0
182	1	335.1271	1	0.4341	-0.143739	1.118662e+01	1.093505e+03	1.424277e+01	78.2980	1	1
182	0	335.8433	1	0.3677	0.000000	3.983179e+00	7.146318e+02	6.531907e+00	86.9267	1	0
183	1	336.5599	2	0.5841	-0.021105	1.043277e+01	1.011266e+03	1.445030e+01	53.6127	1	1
183	0	337.2888	2	0.2052	0.000000	9.289741e+00	1.744177e+03	1.323972e+01	69.1170	1	0
184	1	338.0054	3	0.6881	-0.040085	2.733934e+00	2.713769e+02	6.091612e+00	94.4865	1	1
184	0	338.8424	3	0.2846	0.000000	3.054534e+00	5.580377e+02	7.097937e+00	64.6209	1	0
185	1	339.5588	4	0.8507	0.039872	1.740043e+01	1.688723e+03	2.994017e+01	15.4624	1	1
185	0	340.5419	4	0.3175	0.000000	3.302152e+00	6.030341e+02	5.584694e+00	58.3994	1	0
186	1	341.2582	3	0.9008	-0.066746	5.147868e+00	9.162113e+02	1.553651e+01	96.2905	1	1
186	0	342.2913	3	0.2676	0.000000	5.410979e+00	9.651177e+02	6.599213e+00	54.3598	1	0
187	1	343.0076	1	0.4509	-0.044707	2.988553e+00	2.999717e+02	6.662313e+00	20.9476	1	1
187	0	343.7241	1	0.3009	0.000000	4.211247e+00	7.499058e+02	7.098971e+00	62.3711	1	0
188	1	344.4405	2	0.5680	0.152460	1.605882e+01	1.611264e+03	2.390848e+01	0.5070	1	1
188	0	345.1570	2	0.2678	0.000000	3.271203e+00	6.846541e+02	4.320913e+00	58.1455	1	0
189	1	345.8900	1	0.5845	0.018468	5.465030e+00	5.268434e+02	7.952134e+00	37.6358	1	1
189	0	346.6067	1	0.3011	0.000000	5.123879e+00	9.400865e+02	1.297773e+01	72.0598	1	0
190	1	347.3235	4	0.8345	0.093311	1.731357e+01	1.810580e+03	4.124400e+01	13.5255	1	1
190	0	348.2904	4	0.4678	0.000000	1.085392e+01	2.178251e+03	3.501435e+01	92.0141	1	0
191	1	349.0072	2	0.9177	0.031403	8.827218e+00	9.895470e+02	1.410218e+01	65.8781	1	1
191	0	350.0573	2	0.2511	0.000000	4.350631e+00	8.539641e+02	1.085534e+01	64.4995	1	0
192	1	350.7740	3	0.6846	-0.077180	3.789862e+00	3.825546e+02	7.606584e+00	97.7048	1	1
192	0	351.6075	3	0.2678	0.000000	5.069708e+00	8.971984e+02	1.119634e+01	78.1500	1	0
193	1	364.8594	3	1.1348	-0.111831	1.006491e+01	1.241834e+03	1.740420e+01	88.3757	1	1
193	0	366.1499	3	0.4176	0.000000	9.326224e+00	1.778953e+03	1.972980e+01	68.1361	1	0
194	1	366.8662	4	0.6176	0.069039	1.249952e+01	1.209372e+03	2.138697e+01	13.0043	1	1
194	0	367.6161	4	0.4342	0.000000	4.207844e+00	7.416976e+02	6.346140e+00	54.2930	1	0
195	1	368.3324	2	0.6008	0.018371	1.926969e+00	1.893473e+02	2.267319e+00	17.7828	1	1
195	0	369.0656	2	0.2343	0.000000	6.914427e+00	1.415207e+03	1.666509e+01	69.5458	1	0
196	1	369.7820	1	0.3842	-0.050090	3.372682e+00	3.279248e+02	6.086860e+00	80.5162	1	1
196	0	370.4984	1	0.3845	0.000000	4.924744e+00	8.943938e+02	1.207861e+01	82.6365	1	0
197	1	371.2271	2	0.8180	0.061094	8.007592e+00	8.842402e+02	1.260808e+01	59.3524	1	1
197	0	372.1808	2	0.2360	0.000000	4.846026e+00	1.008331e+03	1.258558e+01	65.2795	1	0
198	1	372.8975	4	0.5178	-0.108328	4.237427e+00	4.700134e+02	1.036939e+01	100.0000	1	1
198	0	373.6141	4	0.3344	0.000000	5.183311e+00	9.256898e+02	8.616346e+00	54.7739	1	0
199	1	374.3305	3	0.6175	0.121098	5.864038e+00	5.740344e+02	1.183234e+01	85.5509	1	1
199	0	375.0968	3	0.3180	0.000000	8.104685e+00	1.508730e+03	1.382443e+01	63.0074	1	0
200	1	375.8133	1	0.4009	-0.108043	7.770666e+00	7.429040e+02	1.160443e+01	93.1464	1	1
200	0	376.5297	1	0.5342	0.000000	5.476063e+00	9.898214e+02	1.557540e+01	54.9824	1	0
201	1	377.2460	2	0.6680	0.057830	1.675330e+01	1.640274e+03	2.493455e+01	53.7625	1	1
201	0	378.0625	2	0.3012	0.000000	5.289149e+00	1.090308e+03	1.109376e+01	67.6798	1	0
202	1	378.7790	3	0.9674	0.045423	2.854534e+00	3.196474e+02	5.069568e+00	5.9760	1	1
202	0	379.8952	3	0.3845	0.000000	5.181291e+00	9.126211e+02	9.114528e+00	58.6421	1	0
203	1	380.6119	1	0.5511	0.015999	5.754434e+00	5.603413e+02	7.847768e+00	31.2550	1	1
203	0	381.3287	1	0.3012	0.000000	4.619633e+00	8.432393e+02	1.105898e+01	68.8658	1	0
204	1	382.0455	4	0.6012	-0.059669	3.979055e+00	4.159554e+02	5.840859e+00	100.0000	1	1
204	0	382.7789	4	0.5011	0.000000	1.025903e+01	1.908888e+03	1.411231e+01	54.8518	1	0
205	1	383.4958	3	0.5012	0.118801	6.893158e+00	6.858967e+02	1.204407e+01	76.6638	1	1
205	0	384.2125	3	0.3178	0.000000	5.741750e+00	1.096989e+03	1.018195e+01	91.2434	1	0
206	1	384.9293	2	0.6010	0.071836	5.121080e+00	5.647925e+02	7.358663e+00	100.0000	1	1
206	0	385.6627	2	0.3180	0.000000	5.514984e+00	1.132385e+03	6.855989e+00	54.4138	1	0
207	1	386.3796	1	0.5177	-0.037020	5.894802e+00	5.665518e+02	8.634589e+00	35.6918	1	1
207	0	387.0963	1	0.2844	0.000000	2.852397e+00	5.087642e+02	7.848582e+00	65.6836	1	0
208	1	387.8130	4	0.4511	-0.013368	5.169279e-01	4.923464e+01	2.084152e+00	1.5317	1	1
208	0	388.5423	4	0.5386	0.000000	1.053906e+01	1.819716e+03	2.692336e+01	76.3432	1	0
209	1	389.2587	1	0.5009	-0.086852	6.183169e+00	6.612936e+02	8.611174e+00	95.2020	1	1
209	0	389.9751	1	0.3677	0.000000	4.978314e+00	8.834965e+02	7.583653e+00	72.3503	1	0
210	1	390.6968	4	0.8845	0.034745	4.960883e+00	4.848885e+02	1.500978e+01	0.5205	1	1
210	0	391.7136	4	0.3179	0.000000	3.077110e+00	5.622043e+02	6.939901e+00	91.6016	1	0
211	1	392.4304	2	0.5846	0.067958	1.222555e+01	1.306575e+03	3.052732e+01	9.5153	0	1
211	0	393.1574	2	0.3015	0.000000	1.795928e+01	3.342671e+03	2.555499e+01	61.7013	1	0
212	1	393.7905	3	0.6846	-0.018615	2.117323e+00	2.657525e+02	4.318985e+00	89.7890	1	1
212	0	394.6308	3	0.2344	0.000000	6.195011e+00	1.121480e+03	7.345204e+00	67.1592	1	0
213	1	395.3475	1	0.3177	-0.131169	1.264631e+01	1.208868e+03	1.411165e+01	62.4173	1	1
213	0	396.0643	1	0.4515	0.000000	5.495453e+00	1.002281e+03	7.845543e+00	66.2875	1	0
214	1	396.7810	2	0.8013	0.010582	4.044180e+00	4.058363e+02	1.259584e+01	93.2950	0	1
214	0	397.7146	2	0.3511	0.000000	1.653873e+01	3.365778e+03	2.050322e+01	53.6916	1	0
215	1	398.3556	3	0.6843	0.024060	3.121565e+00	3.207411e+02	7.522527e+00	5.0842	1	1
215	0	399.1887	3	0.4344	0.000000	7.900421e+00	1.441678e+03	1.932649e+01	63.9898	1	0
216	1	399.9149	4	0.6346	-0.015583	5.903955e+00	5.781939e+02	1.322162e+01	23.4011	1	1
216	0	400.7049	4	0.2510	0.000000	2.465688e+00	4.676530e+02	4.316613e+00	69.6734	1	0
217	1	401.4212	3	0.6512	0.161678	5.941625e+00	5.703299e+02	1.773381e+01	97.6668	1	1
217	0	402.2210	3	0.3014	0.000000	8.330261e+00	1.541679e+03	1.112317e+01	53.2728	1	0
218	1	403.0041	1	0.5512	0.037416	2.724867e+00	2.901150e+02	4.295231e+00	4.1131	1	1
218	0	403.7205	1	0.1846	0.000000	4.958514e+00	8.973596e+02	7.697391e+00	87.1081	1	0
219	1	404.4370	4	0.7674	0.089942	5.967319e+00	6.261960e+02	2.214292e+01	4.5047	1	1
219	0	405.3366	4	0.5842	0.000000	9.141515e+00	1.619569e+03	1.476102e+01	84.5564	1	0
220	1	406.0697	2	0.6010	-0.373083	1.377541e+01	1.292317e+03	3.671985e+01	100.0000	0	1
220	0	406.8029	2	0.3842	0.000000	2.220746e+01	4.756938e+03	3.840168e+01	48.3265	1	0
221	1	407.4360	1	0.4008	0.066746	5.052590e+00	4.796672e+02	7.627857e+00	0.2678	1	1
221	0	408.1524	1	0.3176	0.000000	7.921584e+00	1.456393e+03	1.106267e+01	68.0836	1	0
222	1	408.8854	3	0.6013	-0.016041	5.154059e+00	4.903290e+02	7.559530e+00	57.2123	1	1
222	0	409.6351	3	0.4511	0.000000	2.512864e+00	4.493718e+02	7.805775e+00	80.6774	1	0
223	1	410.3517	2	0.8007	0.018371	5.927994e+00	6.565418e+02	7.302816e+00	58.4269	1	1
223	0	411.3013	2	0.2344	0.000000	5.859647e+00	1.059699e+03	1.037127e+01	55.6760	1	0
