Trial	Type	Onset	Target #	Time to Target	Endpoint Error	Est. Avg. Error Mag	Accum. Error x dMagProj	Max Error Mag.	Max Error Pos. (% of trajectory)	Feedback	Target (1)/Return (0)
1	1	0.5318	4	4.0187	-0.153049	2.251785e+01	2.597114e+03	4.587605e+01	39.8675	0	1
1	0	4.7073	4	1.2177	0.000000	1.017742e+01	1.796116e+03	1.478094e+01	61.6216	1	0
2	1	6.0827	1	1.5847	0.005319	9.297304e+00	8.986881e+02	1.499089e+01	37.5864	1	1
2	0	7.8230	1	0.6678	0.000000	2.832211e+00	5.019053e+02	4.320621e+00	55.0845	1	0
3	1	8.6228	2	1.5171	0.066216	1.207208e+01	1.275226e+03	1.926612e+01	69.7430	1	1
3	0	10.2722	2	0.7342	0.000000	5.208643e+00	9.177988e+02	6.599134e+00	54.8802	1	0
4	1	11.1551	3	2.1006	0.024060	4.427183e+00	4.787038e+02	1.026784e+01	37.8077	1	1
4	0	13.3878	3	1.3007	0.000000	3.172047e+00	5.598798e+02	1.519920e+01	68.0645	1	0
5	1	14.8374	4	2.9339	-0.010695	1.669287e+01	2.257804e+03	2.762265e+01	44.8887	1	1
5	0	17.9195	4	0.9175	0.000000	9.512681e+00	1.713461e+03	3.421946e+01	71.8819	1	0
6	1	18.9859	1	1.1173	-0.005305	1.026893e+01	1.093825e+03	1.557175e+01	12.1379	1	1
6	0	20.2354	1	0.7012	0.000000	4.103900e+00	7.678442e+02	5.081777e+00	54.5928	1	0
7	1	21.0852	3	2.6513	-0.079619	4.352599e+00	4.436155e+02	1.603181e+01	93.7945	1	1
7	0	23.8855	3	1.0345	0.000000	4.586477e+00	8.443978e+02	1.588733e+01	81.9940	1	0
8	1	25.1189	2	0.7846	0.007895	2.116345e+00	2.330317e+02	3.045260e+00	47.2194	1	1
8	0	26.0524	2	0.6512	0.000000	3.288819e+00	5.955493e+02	1.170611e+01	98.8308	1	0
9	1	26.8359	3	1.7847	-0.053425	9.137659e+00	1.043588e+03	1.608044e+01	42.1079	1	1
9	0	28.7696	3	0.9010	0.000000	6.239257e+00	1.094703e+03	8.614927e+00	54.9050	1	0
10	1	29.8029	2	0.7013	0.103627	8.068108e+00	9.099317e+02	9.868497e+00	100.0000	1	1
10	0	30.6365	2	0.7678	0.000000	4.033999e+00	7.182068e+02	1.058166e+01	87.0639	1	0
11	1	31.5365	4	2.0016	-0.045302	6.107655e+00	7.203744e+02	1.253269e+01	78.9543	1	1
11	0	33.6869	4	0.6346	0.000000	9.787620e+00	1.795590e+03	1.726549e+01	76.1946	1	0
12	1	34.4537	1	0.9512	-0.063743	1.046916e+01	1.360946e+03	2.199422e+01	78.0671	1	1
12	0	35.5539	1	0.4845	0.000000	9.961822e-01	1.842881e+02	7.862076e+00	54.2125	1	0
13	1	36.2706	3	1.4348	-0.021330	1.008699e+01	1.069626e+03	1.758767e+01	43.8714	1	1
13	0	37.8542	3	1.0180	0.000000	6.099395e+00	1.103272e+03	1.708947e+01	68.0305	1	0
14	1	39.0125	4	1.8177	0.029247	7.720423e+00	1.102369e+03	2.242735e+01	75.4540	1	1
14	0	40.9785	4	0.7176	0.000000	9.743030e+00	1.790538e+03	2.405034e+01	80.4941	1	0
15	1	41.8448	2	1.3339	0.039767	5.565811e+00	6.439815e+02	1.109436e+01	83.7842	1	1
15	0	43.3110	2	0.7503	0.000000	3.827384e+00	6.732922e+02	5.081140e+00	55.6174	1	0
16	1	44.2101	1	1.5841	-0.064083	2.591819e+00	2.560555e+02	1.474879e+01	3.9810	1	1
16	0	45.9429	1	0.5341	0.000000	1.210287e+01	2.443728e+03	2.305325e+01	77.0145	1	0
17	2	59.2242	2	1.1179	-0.058599	4.821867e+00	4.687517e+02	6.541024e+00	46.8033	1	1
17	0	60.4743	2	0.7680	0.000000	5.648139e+00	1.016278e+03	9.686750e+00	85.5136	1	0
18	2	61.3910	4	1.5347	-0.045423	5.420725e+00	6.355189e+02	1.403461e+01	87.0866	1	1
18	0	63.0581	4	0.8011	0.000000	4.220100e+00	7.408023e+02	7.226429e+00	91.1779	1	0
19	2	63.9915	1	0.8513	-0.010610	6.537165e+00	6.629611e+02	1.060289e+01	36.3226	1	1
19	0	64.9750	1	0.6013	0.000000	2.120894e+00	4.058065e+02	5.080956e+00	58.3092	1	0
20	2	65.7251	3	1.6849	0.013368	6.508721e+00	6.255387e+02	1.341321e+01	63.9400	1	1
20	0	67.5587	3	0.7680	0.000000	4.856703e+00	8.839851e+02	8.108751e+00	59.8655	1	0
21	2	68.4756	4	1.2179	-0.026732	8.101931e+00	7.790637e+02	1.455112e+01	9.7326	1	1
21	0	69.8424	4	0.6179	0.000000	5.017434e+00	9.369718e+02	9.875813e+00	55.1216	1	0
22	2	70.5925	2	0.7513	-0.044707	3.063453e+00	3.121213e+02	5.081714e+00	5.4600	1	1
22	0	71.4928	2	0.5177	0.000000	4.104541e+00	7.234682e+02	5.046756e+00	87.8286	1	0
23	2	72.2179	3	1.1674	0.005333	8.016317e+00	8.321004e+02	1.465622e+01	71.9904	1	1
23	0	73.5263	3	1.0347	0.000000	2.834319e+00	5.051069e+02	8.579902e+00	73.4605	1	0
24	2	74.7171	1	0.5513	-0.060932	4.224282e+00	4.514715e+02	1.178672e+01	7.7692	1	1
24	0	75.4335	1	0.4174	0.000000	4.415211e+00	9.085512e+02	7.360892e+00	52.9166	1	0
25	2	76.3827	2	0.7507	0.002645	8.562603e+00	9.526466e+02	1.767972e+01	62.9798	1	1
25	0	77.2658	2	0.8678	0.000000	1.849430e+00	3.290251e+02	4.534639e+00	92.0099	1	0
26	2	78.2820	4	1.3177	-0.034745	6.239058e+00	6.400760e+02	1.477824e+01	88.3710	1	1
26	0	79.7481	4	0.6342	0.000000	4.865220e+00	8.844116e+02	1.853928e+01	92.9616	1	0
27	2	80.5146	1	0.9175	0.002674	3.341890e+00	3.487689e+02	6.754051e+00	1.1985	1	1
27	0	81.5642	1	0.6175	0.000000	3.017629e+00	5.918759e+02	8.873059e+00	54.0277	1	0
28	2	82.3139	3	1.7008	0.082699	5.140934e+00	5.282015e+02	1.447466e+01	59.0105	1	1
28	0	84.1468	3	1.0007	0.000000	5.233507e+00	9.153142e+02	7.103618e+00	54.5421	1	0
29	2	85.2796	4	1.3677	0.040085	9.341473e+00	9.458976e+02	1.263644e+01	59.6989	1	1
29	0	86.7959	4	0.6344	0.000000	1.168454e+01	2.248411e+03	2.160580e+01	71.7018	1	0
30	2	87.5623	2	0.8842	-0.042641	3.957725e+00	4.497548e+02	1.458088e+01	15.4756	1	1
30	0	88.5786	2	0.6679	0.000000	4.261485e+00	7.446629e+02	4.320554e+00	55.4137	1	0
31	2	89.3950	3	1.3516	-0.021330	5.026094e+00	5.343033e+02	1.393420e+01	71.2601	1	1
31	0	90.8791	3	0.9847	0.000000	3.637714e+00	6.673379e+02	1.164926e+01	95.7268	1	0
32	2	92.0125	1	1.2346	-0.053001	4.308988e+00	4.690976e+02	1.143685e+01	11.2339	1	1
32	0	93.3961	1	0.4178	0.000000	5.188627e+00	9.319174e+02	7.861700e+00	55.0674	1	0
33	2	94.1128	2	0.7346	-0.084902	1.451136e+01	1.413045e+03	2.093886e+01	64.8994	1	1
33	0	94.9796	2	0.8014	0.000000	8.164666e+00	1.456520e+03	1.180760e+01	84.5236	1	0
34	2	95.9298	4	1.3846	-0.010695	1.482369e+01	1.665312e+03	1.946767e+01	82.8718	1	1
34	0	97.4466	4	0.6845	0.000000	4.471489e+00	7.936869e+02	1.377007e+01	67.2802	1	0
35	2	98.2634	1	1.0347	-0.053425	7.429204e+00	8.163916e+02	1.673831e+01	6.7698	1	1
35	0	99.4469	1	0.7012	0.000000	6.352847e+00	1.281581e+03	9.378737e+00	54.4068	1	0
36	2	100.2805	3	1.3680	-0.026660	5.428967e+00	5.872490e+02	1.135422e+01	32.6188	1	1
36	0	101.7973	3	0.8012	0.000000	2.775743e+00	5.033541e+02	5.815139e+00	81.0110	1	0
37	2	102.7307	4	1.6515	-0.045302	4.429007e+00	8.338734e+02	1.061051e+01	96.6092	1	1
37	0	104.5311	4	0.6515	0.000000	5.148518e+00	9.459909e+02	1.254399e+01	81.5991	1	0
38	2	105.3312	2	0.8512	-0.026519	4.509129e+00	4.532764e+02	7.921403e+00	37.8678	1	1
38	0	106.3147	2	0.4511	0.000000	2.887678e+00	5.289847e+02	5.558534e+00	82.2181	1	0
39	2	107.0395	3	1.0346	-0.074528	3.643972e+00	3.571604e+02	9.365696e+00	97.9741	1	1
39	0	108.2058	3	1.0176	0.000000	4.275081e+00	7.574320e+02	6.059950e+00	82.2073	1	0
40	2	109.3721	1	0.4842	0.032088	2.933878e+00	3.069951e+02	1.244246e+01	0.7280	1	1
40	0	110.0987	1	0.3510	0.000000	5.872477e+00	1.401420e+03	9.923074e+00	86.1731	1	0
41	2	110.8155	2	0.7512	0.047583	1.509887e+01	1.864717e+03	1.993874e+01	21.0258	1	1
41	0	111.7213	2	0.6175	0.000000	1.803639e+00	3.165650e+02	4.309618e+00	81.2776	1	0
42	2	112.4877	4	1.4007	-0.074331	4.248086e+00	4.212519e+02	7.103618e+00	100.0000	1	1
42	0	114.0372	4	0.6175	0.000000	1.095824e+01	1.971673e+03	1.738790e+01	87.9178	1	0
43	2	114.8037	1	0.6676	-0.063743	1.464614e+00	1.407479e+02	6.093275e+00	100.0000	1	1
43	0	115.6200	1	0.5513	0.000000	6.877945e+00	1.408222e+03	1.163676e+01	53.4269	1	0
44	2	116.3364	3	1.5172	0.013333	3.975057e+00	4.290148e+02	7.087430e+00	76.8044	1	1
44	0	117.9860	3	0.8678	0.000000	5.203687e+00	9.409099e+02	1.879892e+01	91.5935	1	0
45	2	119.2521	4	1.1174	-0.061094	3.140875e+00	3.210422e+02	9.765665e+00	1.7148	1	1
45	0	120.5184	4	0.6011	0.000000	8.717904e+00	1.503960e+03	2.087681e+01	81.9229	1	0
46	2	121.2681	2	0.8174	-0.031904	2.865627e+00	2.783325e+02	4.546203e+00	40.3113	1	1
46	0	122.2178	2	0.5179	0.000000	3.051918e+00	5.362814e+02	3.259894e+00	100.0000	1	0
47	2	122.9343	3	1.3011	-0.015999	7.805844e+00	7.983700e+02	1.573969e+01	86.8213	1	1
47	0	124.3841	3	0.9680	0.000000	4.777839e+00	8.520046e+02	1.423764e+01	69.4059	1	0
48	2	125.5010	1	0.9178	-0.074727	2.909216e+00	2.844408e+02	1.406387e+01	5.3636	1	1
48	0	126.5510	1	0.4512	0.000000	1.108275e+01	2.024248e+03	1.628639e+01	79.5269	1	0
49	2	127.2679	2	1.0514	-0.045302	4.170727e+00	5.941428e+02	8.610960e+00	96.7464	1	1
49	0	128.4681	2	0.6512	0.000000	5.663815e+00	1.002420e+03	1.037158e+01	54.9436	1	0
50	2	129.2682	4	1.1514	0.002674	6.706570e+00	7.491575e+02	1.085861e+01	94.3977	1	1
50	0	130.5684	4	0.5679	0.000000	7.275595e+00	1.416878e+03	2.168749e+01	54.6580	1	0
51	2	131.2852	1	0.5012	-0.023805	4.726875e+00	4.853267e+02	1.201421e+01	12.3276	1	1
51	0	132.0020	1	0.3177	0.000000	3.356562e+00	6.967176e+02	5.840527e+00	61.4494	1	0
52	2	132.7309	3	1.1674	-0.026660	7.757599e+00	7.862973e+02	1.300657e+01	75.0076	1	1
52	0	134.0356	3	0.9680	0.000000	3.224860e+00	5.689464e+02	1.106177e+01	70.3269	1	0
53	2	135.1524	4	1.0846	-0.097830	4.251315e+00	4.098742e+02	9.367908e+00	100.0000	1	1
53	0	136.3693	4	0.5513	0.000000	1.117328e+01	2.017099e+03	1.406055e+01	88.9574	1	0
54	2	137.0862	2	1.0012	-0.052583	1.579427e+01	1.604631e+03	2.391426e+01	64.8721	1	1
54	0	138.2195	2	0.5678	0.000000	1.343208e+00	2.394701e+02	3.813184e+00	55.5048	1	0
55	2	138.9363	3	1.4514	0.061257	4.691471e+00	4.498907e+02	1.012562e+01	1.0559	1	1
55	0	140.5366	3	1.0513	0.000000	6.932176e+00	1.253945e+03	1.572767e+01	78.0779	1	0
56	2	141.7446	1	0.8174	-0.059669	5.237060e+00	5.459722e+02	7.002871e+00	3.3056	1	1
56	0	142.7109	1	0.4177	0.000000	5.827768e+00	1.195811e+03	8.239688e+00	88.7040	1	0
57	2	143.4273	2	0.5513	0.049827	1.166050e+01	1.139723e+03	1.498691e+01	58.0157	1	1
57	0	144.1538	2	0.5179	0.000000	9.397397e-01	1.676471e+02	4.808901e+00	84.1308	1	0
58	2	144.8707	4	1.0679	-0.102811	4.365729e+00	4.521396e+02	9.869332e+00	100.0000	1	1
58	0	146.0930	4	0.5343	0.000000	7.469718e+00	1.329170e+03	9.872231e+00	55.3381	1	0
59	2	146.8096	1	0.7340	-0.053141	4.242718e+00	4.288168e+02	5.821725e+00	62.5912	1	1
59	0	147.6759	1	0.5180	0.000000	6.440729e+00	1.278182e+03	1.101547e+01	87.9918	1	0
60	2	148.3925	3	1.2009	-0.018615	7.317243e+00	7.060688e+02	1.676807e+01	69.2838	1	1
60	0	149.7419	3	0.8012	0.000000	4.032033e+00	7.208815e+02	1.158177e+01	96.0508	1	0
61	2	150.6916	4	1.5005	-0.074528	4.819450e+00	5.409346e+02	7.118749e+00	6.5306	1	1
61	0	152.3410	4	0.6512	0.000000	1.000433e+01	1.729399e+03	1.829241e+01	79.5376	1	0
62	2	153.1408	2	0.6675	-0.029247	2.530148e+00	2.620013e+02	5.573884e+00	6.6268	1	1
62	0	153.9571	2	0.4844	0.000000	1.910237e+00	3.342650e+02	3.051324e+00	55.3729	1	0
63	2	154.6736	3	1.3005	0.002674	3.524638e+00	3.354633e+02	8.096748e+00	81.3641	1	1
63	0	156.1230	3	0.8679	0.000000	2.603615e+00	4.692644e+02	7.851295e+00	64.7184	1	0
64	2	157.1394	1	0.6510	-0.105705	4.121926e+00	4.597310e+02	1.011933e+01	100.0000	1	1
64	0	157.9393	1	0.3845	0.000000	7.397956e+00	1.427696e+03	1.037535e+01	52.6589	1	0
65	1	171.1913	3	1.7346	-0.029169	4.406949e+00	4.454078e+02	1.001545e+01	13.2899	1	1
65	0	173.0583	3	0.8012	0.000000	5.746664e+00	1.041371e+03	1.236497e+01	55.8002	1	0
66	1	173.9916	2	0.8182	0.026104	5.225412e+00	6.791754e+02	7.086649e+00	78.6097	1	1
66	0	174.9668	2	0.5175	0.000000	7.202206e+00	1.306174e+03	8.365256e+00	54.6772	1	0
67	1	175.6832	4	0.7676	0.052172	3.051341e+00	3.277480e+02	6.323731e+00	11.3543	1	1
67	0	176.5829	4	0.6009	0.000000	2.196147e+00	4.110519e+02	2.794294e+00	82.4150	1	0
68	1	177.5658	1	0.6676	-0.094455	8.323308e+00	8.655308e+02	9.606797e+00	89.6216	1	1
68	0	178.3656	1	0.5344	0.000000	6.850802e+00	1.421096e+03	9.260354e+00	81.9130	1	0
69	1	179.0820	2	0.7842	0.037316	5.460806e+00	5.372687e+02	1.017613e+01	1.5469	1	1
69	0	180.0150	2	0.5181	0.000000	3.403623e+00	6.001939e+02	3.559242e+00	54.9293	1	0
70	1	180.7315	4	0.8342	-0.109190	9.668325e+00	9.614640e+02	1.515676e+01	39.8297	1	1
70	0	181.7146	4	0.5343	0.000000	8.295849e+00	1.439521e+03	1.037003e+01	55.2431	1	0
71	1	182.4309	1	0.6512	-0.084902	6.120477e+00	6.634835e+02	1.962375e+01	7.5689	1	1
71	0	183.2307	1	0.5178	0.000000	1.096186e+01	2.258337e+03	1.566164e+01	89.4120	1	0
72	1	183.9470	3	1.0010	0.000000	5.336088e+00	5.144424e+02	9.836138e+00	77.6902	1	1
72	0	185.0967	3	0.7014	0.000000	7.736887e+00	1.386643e+03	1.031725e+01	92.3949	1	0
73	1	185.9464	1	1.0508	-0.031989	5.087801e+00	5.432370e+02	9.892498e+00	9.9396	1	1
73	0	187.1459	1	0.3511	0.000000	1.861354e+00	3.781118e+02	2.797506e+00	53.4583	1	0
74	1	187.8625	3	1.1009	-0.093311	1.086390e+01	1.037162e+03	1.885853e+01	71.0086	1	1
74	0	189.1121	3	1.0173	0.000000	8.335009e+00	1.497182e+03	1.840792e+01	72.7264	1	0
75	1	190.2617	2	0.6678	-0.013157	5.994271e+00	6.601514e+02	8.148232e+00	36.4850	1	1
75	0	191.0779	2	0.5677	0.000000	3.696197e+00	6.544729e+02	4.827784e+00	55.3183	1	0
76	1	191.7945	4	1.0350	-0.008021	1.232409e+01	1.364312e+03	2.193012e+01	52.4493	1	1
76	0	192.9781	4	0.4178	0.000000	4.043984e+00	7.553009e+02	9.545400e+00	78.4442	1	0
77	1	193.6947	3	1.1513	0.050355	9.013381e+00	9.085965e+02	1.509348e+01	16.1993	1	1
77	0	194.9949	3	0.7011	0.000000	8.083108e+00	1.466802e+03	1.267505e+01	84.8143	1	0
78	1	195.8284	2	0.6013	0.002625	9.319420e-01	1.088909e+02	6.184746e+00	3.0247	1	1
78	0	196.5785	2	0.4011	0.000000	1.173901e+00	2.069573e+02	1.780468e+00	60.1826	1	0
79	1	197.2953	1	0.5178	-0.069476	3.010662e+00	2.990234e+02	6.852314e+00	100.0000	1	1
79	0	198.0121	1	0.3682	0.000000	3.408125e+00	7.057721e+02	5.843402e+00	54.3616	1	0
80	1	198.7290	4	0.9344	0.039979	1.039876e+01	1.317049e+03	1.329052e+01	85.7070	1	1
80	0	199.8123	4	0.5847	0.000000	9.059038e+00	1.651211e+03	1.221979e+01	75.5143	1	0
81	2	213.0811	2	1.0848	0.050489	8.237929e+00	8.172926e+02	1.295183e+01	18.9400	1	1
81	0	214.3203	2	0.6840	0.000000	7.456267e+00	1.319333e+03	1.186973e+01	55.7757	1	0
82	2	215.1366	4	0.9175	-0.042755	8.749476e+00	8.770864e+02	1.007527e+01	76.0295	1	1
82	0	216.1862	4	0.5346	0.000000	2.608690e+00	5.092936e+02	3.305307e+00	49.4887	1	0
83	2	216.9026	1	0.7841	-0.045302	1.583286e+01	1.614331e+03	2.152912e+01	1.9873	1	1
83	0	217.8189	1	0.3682	0.000000	5.533947e+00	1.059257e+03	6.853367e+00	53.4601	1	0
84	2	218.5354	3	1.3334	-0.039979	6.903246e+00	7.093830e+02	1.659532e+01	61.5279	1	1
84	0	220.0011	3	0.8510	0.000000	4.292158e+00	7.701673e+02	7.807234e+00	79.5635	1	0
85	2	221.0007	4	0.6175	0.150450	2.206409e+01	2.170545e+03	3.477579e+01	82.1045	1	1
85	0	221.7505	4	0.6011	0.000000	1.066297e+01	1.944291e+03	1.654421e+01	56.0967	1	0
86	2	222.5001	2	0.6846	-0.023932	3.116610e+00	3.029434e+02	7.587712e+00	7.7827	1	1
86	0	223.3332	2	0.4511	0.000000	2.279126e+00	4.006138e+02	5.376152e+00	100.0000	1	0
87	2	224.0497	3	1.1343	-0.042641	4.146660e+00	4.947426e+02	1.327229e+01	82.2272	1	1
87	0	225.3160	3	0.9012	0.000000	5.866694e+00	1.044892e+03	1.381011e+01	80.2449	1	0
88	2	226.3492	1	0.8345	-0.053283	4.222026e+00	4.579941e+02	6.204655e+00	37.5105	1	1
88	0	227.3161	1	0.3344	0.000000	2.263928e+00	4.443291e+02	2.797457e+00	53.9041	1	0
89	2	228.0328	2	0.8018	-0.018468	5.232734e+00	5.951740e+02	1.088669e+01	9.0848	1	1
89	0	228.9669	2	0.3177	0.000000	2.321634e+00	4.064982e+02	3.741942e+00	100.0000	1	0
90	2	229.6836	4	1.1016	-0.076975	7.048625e+00	7.038878e+02	1.603974e+01	96.6008	1	1
90	0	230.9339	4	0.5845	0.000000	4.499512e+00	8.678330e+02	9.195123e+00	85.8180	1	0
91	2	231.6673	1	0.8345	-0.116491	1.077817e+01	1.190381e+03	1.397559e+01	77.9248	1	1
91	0	232.6341	1	0.4011	0.000000	6.787413e+00	1.296502e+03	9.880122e+00	94.9170	1	0
92	2	233.3509	3	1.3013	-0.053425	9.389332e+00	9.567361e+02	1.671530e+01	68.1286	1	1
92	0	234.8011	3	0.8011	0.000000	5.282119e+00	9.283262e+02	1.532311e+01	74.5989	1	0
93	2	235.7346	4	1.2012	-0.135171	4.366866e+00	4.290190e+02	1.310225e+01	98.3973	1	1
93	0	237.0680	4	0.5515	0.000000	7.218816e+00	1.291729e+03	8.257318e+00	95.3718	1	0
94	2	237.7848	2	0.7679	-0.013297	3.795745e+00	4.241776e+02	8.229716e+00	16.7930	1	1
94	0	238.6850	2	0.3678	0.000000	4.183562e+00	7.383069e+02	4.574234e+00	55.2951	1	0
95	2	239.4018	3	1.1013	0.000000	3.740666e+00	3.737679e+02	1.122583e+01	2.2470	1	1
95	0	240.6520	3	0.8678	0.000000	4.096346e+00	7.362555e+02	1.366027e+01	75.4713	1	0
96	2	241.6521	1	0.6845	0.010695	3.921555e+00	4.523212e+02	1.047067e+01	7.5688	1	1
96	0	242.4688	1	0.3346	0.000000	1.874093e+00	3.369159e+02	4.064269e+00	66.8573	1	0
97	2	243.1938	2	0.7843	0.031819	3.336756e+00	3.419137e+02	1.114777e+01	0.9890	1	1
97	0	244.1101	2	0.3513	0.000000	3.033903e+00	5.347063e+02	3.532624e+00	95.2077	1	0
98	2	244.8360	4	0.8351	0.000000	1.740735e+00	1.721882e+02	3.288317e+00	34.2388	1	1
98	0	245.8262	4	0.3677	0.000000	2.257630e+00	4.114985e+02	3.812250e+00	61.4506	1	0
99	2	246.5427	1	0.6345	-0.067605	5.035577e+00	5.158442e+02	2.231698e+01	1.7329	1	1
99	0	247.3091	1	0.4345	0.000000	6.762735e+00	1.330947e+03	9.145980e+00	99.1669	1	0
100	2	248.0250	3	1.0676	0.018664	8.683069e+00	8.708882e+02	1.327367e+01	79.0547	1	1
100	0	249.2412	3	0.8675	0.000000	4.587174e+00	8.554145e+02	1.662450e+01	94.8415	1	0
101	2	250.2575	4	0.9345	-0.010695	1.342389e+00	1.473214e+02	5.573884e+00	12.3003	1	1
101	0	251.3404	4	0.4845	0.000000	3.735573e+00	6.540355e+02	7.599184e+00	63.8389	1	0
102	2	252.0571	2	0.7342	-0.066392	3.575673e+00	3.432600e+02	6.346066e+00	100.0000	1	1
102	0	252.9399	2	0.3843	0.000000	6.024914e+00	1.091653e+03	6.346781e+00	54.0838	1	0
103	2	253.6563	3	1.1179	0.005348	3.062638e+00	2.946975e+02	1.137213e+01	5.8203	1	1
103	0	254.9226	3	0.6843	0.000000	4.480216e+00	7.853435e+02	1.273729e+01	72.1344	1	0
104	2	255.7391	1	0.4841	-0.263762	1.322703e+01	1.566986e+03	2.480609e+01	100.0000	0	1
104	0	256.4554	1	0.4182	0.000000	8.423250e+00	1.650294e+03	1.163165e+01	53.6902	1	0
105	2	257.3719	2	0.7344	-0.061257	7.170412e+00	7.115394e+02	8.338404e+00	75.8479	1	1
105	0	258.2548	2	0.4179	0.000000	2.935181e+00	5.148919e+02	6.238467e+00	92.5866	1	0
106	2	258.9712	4	1.2343	-0.029169	8.278145e+00	8.760731e+02	9.849295e+00	85.0700	1	1
106	0	260.3377	4	0.5184	0.000000	2.557589e+00	4.488556e+02	3.051267e+00	56.8062	1	0
107	2	261.0550	1	0.9180	-0.063743	1.282790e+00	1.398721e+02	6.093275e+00	100.0000	1	1
107	0	262.1220	1	0.4678	0.000000	6.699891e+00	1.295389e+03	8.296535e+00	100.0000	1	0
108	2	262.8387	3	1.4013	0.074331	4.570953e+00	4.398286e+02	7.103618e+00	100.0000	1	1
108	0	264.3723	3	0.7345	0.000000	1.078690e+01	1.880364e+03	1.434301e+01	55.4095	1	0
109	2	265.2557	4	0.9180	-0.122380	3.488395e+00	3.471900e+02	1.161502e+01	100.0000	1	1
109	0	266.3059	4	0.4345	0.000000	1.050224e+01	1.880578e+03	1.136702e+01	53.0411	1	0
110	2	267.0227	2	0.5516	-0.135645	1.071134e+01	1.221878e+03	1.310745e+01	100.0000	1	1
110	0	267.7394	2	0.3679	0.000000	5.078714e+00	9.011495e+02	6.851791e+00	54.9048	1	0
111	2	268.4728	3	0.9179	0.069223	6.023441e+00	5.732677e+02	1.060905e+01	44.3295	1	1
111	0	269.5231	3	0.6015	0.000000	7.447860e+00	1.313479e+03	1.797747e+01	84.2459	1	0
112	2	270.2733	1	0.4845	-0.131028	7.527907e+00	8.647343e+02	1.286334e+01	100.0000	1	1
112	0	270.9900	1	0.3178	0.000000	4.474620e+00	1.007684e+03	5.083423e+00	52.8207	1	0
113	2	271.7175	2	0.8010	0.079199	3.996541e+00	4.281714e+02	1.395531e+01	0.9473	1	1
113	0	272.6568	2	0.4012	0.000000	7.358549e+00	1.296469e+03	7.608544e+00	54.8448	1	0
114	2	273.3738	4	0.5511	0.026449	2.136127e+00	2.077113e+02	3.536481e+00	10.1092	1	1
114	0	274.0904	4	0.4346	0.000000	5.037098e+00	8.814649e+02	5.334326e+00	55.1899	1	0
115	2	274.8072	1	0.6178	0.023680	2.933743e+00	3.186262e+02	1.659646e+01	7.5114	1	1
115	0	275.5573	1	0.3345	0.000000	2.713940e+00	5.284213e+02	6.278931e+00	87.1335	1	0
116	2	276.2826	3	1.0009	-0.002667	5.211466e+00	5.012992e+02	1.477410e+01	86.4682	1	1
116	0	277.4323	3	0.7676	0.000000	3.945144e+00	7.222834e+02	8.964266e+00	85.6377	1	0
117	2	278.3485	4	0.8010	-0.143394	6.799034e+00	6.683348e+02	1.359677e+01	100.0000	0	1
117	0	279.2817	4	0.4512	0.000000	1.416182e+01	2.451817e+03	1.458200e+01	54.4567	1	0
118	2	279.9247	2	0.5677	-0.071496	5.000431e+00	5.285036e+02	1.410339e+01	7.5799	1	1
118	0	280.6415	2	0.3179	0.000000	9.635517e+00	1.733167e+03	1.208266e+01	61.4936	1	0
119	2	281.3582	3	1.0014	-0.071876	8.126818e+00	7.760100e+02	1.414973e+01	9.9527	1	1
119	0	282.4974	3	0.6844	0.000000	4.291338e+00	7.619374e+02	1.083665e+01	86.7694	1	0
120	2	283.3303	1	0.6509	0.023932	1.215205e+00	1.297905e+02	6.022601e+00	9.9273	1	1
120	0	284.1301	1	0.2516	0.000000	1.470319e+00	2.928480e+02	2.797398e+00	51.6522	1	0
121	2	284.8464	2	0.5675	0.007957	4.529261e+00	4.617374e+02	1.802556e+01	3.1925	1	1
121	0	285.5629	2	0.2843	0.000000	5.035980e+00	9.031173e+02	9.352132e+00	63.5369	1	0
122	2	286.2924	4	0.7878	-0.058289	5.180117e+00	5.050259e+02	5.587363e+00	100.0000	1	1
122	0	287.2290	4	0.4676	0.000000	6.780664e+00	1.265596e+03	7.105277e+00	56.4731	1	0
123	2	287.9454	1	0.5009	-0.191267	1.296999e+01	1.234666e+03	1.846846e+01	75.8432	1	1
123	0	288.6618	1	0.3344	0.000000	6.427839e+00	1.218541e+03	1.012512e+01	53.3351	1	0
124	2	289.3783	3	0.9344	-0.018615	6.394751e+00	6.178907e+02	1.125828e+01	64.1974	1	1
124	0	290.4613	3	0.7508	0.000000	5.049602e+00	9.120913e+02	1.460538e+01	75.8289	1	0
125	2	291.3442	4	0.7842	0.026732	9.103869e+00	8.961146e+02	1.623345e+01	88.3696	1	1
125	0	292.2772	4	0.4843	0.000000	2.968385e+00	5.544730e+02	4.066750e+00	59.2911	1	0
126	2	292.9937	2	0.4847	0.085354	7.540330e+00	7.319154e+02	8.364070e+00	35.0281	1	1
126	0	293.7101	2	0.3181	0.000000	8.014328e+00	1.430077e+03	8.113353e+00	55.1302	1	0
127	2	294.4268	3	0.8017	-0.018664	6.284122e+00	6.481778e+02	1.078821e+01	69.7930	1	1
127	0	295.3770	3	0.8346	0.000000	4.087336e+00	7.496665e+02	1.256687e+01	95.4590	1	0
128	2	296.3438	1	0.9345	-0.002674	7.147166e+00	7.026162e+02	1.301264e+01	75.5072	1	1
128	0	297.4107	1	0.3345	0.000000	3.226966e+00	6.025600e+02	1.030844e+01	85.4868	1	0
129	1	310.7960	2	0.7345	-0.062581	8.908710e+00	8.813769e+02	1.538542e+01	41.1828	0	1
129	0	311.6707	2	0.7843	0.000000	1.235140e+01	2.249991e+03	1.728402e+01	53.7196	1	0
130	1	312.6037	3	0.9675	-0.024060	3.628106e+00	3.610161e+02	7.723136e+00	27.6925	1	1
130	0	313.7034	3	0.6342	0.000000	2.078491e+00	3.582305e+02	4.924653e+00	100.0000	1	0
131	1	314.4864	1	0.5178	-0.074134	5.708462e+00	6.266717e+02	7.606722e+00	97.6398	1	1
131	0	315.2134	1	0.3179	0.000000	3.468857e+00	6.426558e+02	5.334369e+00	52.2392	1	0
132	1	315.9859	4	0.8009	-0.040085	8.694761e+00	8.586543e+02	1.437067e+01	66.2038	1	1
132	0	316.9190	4	0.5180	0.000000	7.984582e-01	1.424430e+02	4.430968e+00	100.0000	1	0
133	1	317.6354	3	0.7345	0.074727	6.928973e+00	6.586882e+02	1.477128e+01	86.3108	1	1
133	0	318.5183	3	0.7013	0.000000	6.041555e+00	1.066930e+03	1.337410e+01	77.5520	1	0
134	1	319.3681	4	0.6182	-0.055942	3.961077e+00	3.805014e+02	5.334108e+00	100.0000	1	1
134	0	320.1345	4	0.6345	0.000000	1.357827e+01	2.549098e+03	2.103648e+01	72.2766	1	0
135	1	320.9176	1	0.5177	-0.051501	4.295924e+00	5.012936e+02	1.419082e+01	7.1264	1	1
135	0	321.6341	1	0.3677	0.000000	8.610574e+00	1.871553e+03	1.284416e+01	65.1672	1	0
136	1	322.3505	2	0.6510	-0.007874	4.010767e+00	4.158730e+02	5.505117e+00	29.5412	1	1
136	0	323.1502	2	0.4176	0.000000	2.685192e+00	4.773394e+02	3.051363e+00	55.2138	1	0
137	1	323.8666	1	0.4844	-0.002667	9.799041e+00	9.376398e+02	1.397063e+01	9.7336	1	1
137	0	324.5831	1	0.3845	0.000000	2.287022e+00	4.450232e+02	3.051562e+00	54.2346	1	0
138	1	325.2995	3	1.3672	-0.047836	5.579053e+00	5.479702e+02	8.344296e+00	79.2613	1	1
138	0	326.7990	3	0.8507	0.000000	4.507981e+00	8.226702e+02	1.082494e+01	68.8804	1	0
139	1	327.7820	4	0.7348	0.026589	2.558501e+00	2.503050e+02	4.985304e+00	27.2290	1	1
139	0	328.6655	4	0.4354	0.000000	3.953525e+00	7.641708e+02	8.364070e+00	92.0562	1	0
140	1	329.3823	2	0.4844	-0.020994	5.882532e+00	5.880928e+02	9.899398e+00	44.6561	1	1
140	0	330.0990	2	0.4345	0.000000	6.181528e+00	1.045448e+03	8.698425e+00	85.5825	1	0
141	1	330.8158	3	0.6845	-0.007936	1.154388e+01	1.166591e+03	1.906929e+01	70.4050	1	1
141	0	331.6327	3	0.7345	0.000000	8.048682e+00	1.447477e+03	1.407871e+01	78.4548	1	0
142	1	332.4994	1	0.4511	-0.012820	2.323225e+00	2.898735e+02	6.357475e+00	32.9429	1	1
142	0	333.2161	1	0.3180	0.000000	1.088761e+01	2.149539e+03	1.664299e+01	69.6537	1	0
143	1	333.9330	2	0.4677	-0.034745	7.150663e+00	6.824672e+02	1.629174e+01	9.1406	1	1
143	0	334.6497	2	0.2511	0.000000	1.916557e+00	2.246034e+02	3.013473e+00	100.0000	1	0
144	1	335.3831	4	0.6679	-0.103354	3.834124e+00	3.930833e+02	9.868777e+00	100.0000	1	1
144	0	336.2000	4	0.5846	0.000000	8.353006e+00	1.506046e+03	1.087104e+01	53.7039	1	0
145	2	349.4853	2	1.0180	0.070748	8.915376e+00	1.187931e+03	1.002987e+01	6.9011	1	1
145	0	350.6576	2	0.3343	0.000000	3.351326e+00	5.990151e+02	3.559339e+00	55.3312	1	0
146	2	351.3741	4	0.6180	-0.102811	7.629453e+00	7.735033e+02	1.011523e+01	96.4413	1	1
146	0	352.1405	4	0.4676	0.000000	4.867427e+00	9.234493e+02	5.588589e+00	54.3765	1	0
147	2	352.8569	1	0.4842	0.028713	8.395642e+00	9.290096e+02	1.790261e+01	10.3785	1	1
147	0	353.5733	1	0.2513	0.000000	6.531454e+00	1.552600e+03	1.097049e+01	83.7474	1	0
148	2	354.3027	3	0.7045	-0.066746	6.235425e+00	5.922724e+02	1.821346e+01	73.3845	1	1
148	0	355.5226	3	0.6176	0.000000	1.164474e+01	2.144062e+03	1.543817e+01	83.9237	1	0
149	2	356.2891	4	0.4676	0.280041	1.483129e+01	1.639027e+03	2.664970e+01	100.0000	1	1
149	0	357.0055	4	0.5008	0.000000	1.182125e+01	2.317600e+03	3.268956e+01	56.4548	1	0
150	2	357.7219	2	0.4343	-0.053001	4.982863e+00	4.864772e+02	8.680381e+00	28.3261	1	1
150	0	358.4385	2	0.0679	0.000000	8.213175e+00	6.920016e+02	9.490954e+00	82.4705	1	0
151	2	359.1548	3	0.8009	0.053283	1.396035e+01	1.343975e+03	3.037687e+01	3.1556	1	1
151	0	360.1044	3	0.7680	0.000000	8.457786e+00	1.503433e+03	1.187018e+01	55.2280	1	0
152	2	361.0210	1	0.4842	-0.090180	8.926577e+00	8.508930e+02	1.071761e+01	37.3656	1	1
152	0	361.7373	1	0.3513	0.000000	8.127313e+00	1.745645e+03	9.381674e+00	53.4771	1	0
153	2	362.4540	2	0.5178	-0.052722	6.198806e+00	5.999907e+02	1.626394e+01	1.3110	1	1
153	0	363.1709	2	0.3844	0.000000	1.152966e+00	2.062374e+02	3.305347e+00	54.9329	1	0
154	2	363.8876	4	0.9012	-0.113867	6.996986e+00	7.000699e+02	1.941891e+01	95.7732	1	1
154	0	364.9210	4	0.5012	0.000000	1.468168e+00	2.756810e+02	2.034736e+00	60.0197	1	0
155	2	365.6378	1	0.4346	-0.026660	2.267137e+00	2.427882e+02	1.051980e+01	3.5721	1	1
155	0	366.3546	1	0.3845	0.000000	9.887110e+00	2.175352e+03	1.288425e+01	55.0911	1	0
156	2	367.0714	3	0.8515	0.024060	6.539899e+00	6.430397e+02	1.006129e+01	70.2576	1	1
156	0	368.0715	3	0.6513	0.000000	4.093801e+00	7.487431e+02	9.613908e+00	57.0168	1	0
157	2	368.8550	4	0.5179	0.136708	4.307600e+00	4.324106e+02	1.310554e+01	100.0000	1	1
157	0	369.5718	4	0.5014	0.000000	8.432672e+00	1.736113e+03	1.571126e+01	80.9705	1	0
158	2	370.2886	2	0.4678	0.054633	8.976039e+00	8.846377e+02	1.388194e+01	21.7265	1	1
158	0	371.0174	2	0.2389	0.000000	6.355796e+00	1.130621e+03	9.594205e+00	89.2029	1	0
159	2	371.7338	3	0.7229	0.039979	8.763698e+00	1.009509e+03	2.267816e+01	7.2532	1	1
159	0	372.6055	3	0.8846	0.000000	5.163908e+00	9.501463e+02	1.498691e+01	78.3536	1	0
160	2	373.6390	1	0.4844	-0.210572	1.677702e+01	2.122167e+03	2.144543e+01	20.5112	0	1
160	0	374.3558	1	0.3182	0.000000	2.391839e+00	5.192167e+02	8.742238e+00	100.0000	1	0
161	2	374.9995	2	0.5509	0.180772	2.195710e+01	2.115462e+03	2.959745e+01	5.7222	1	1
161	0	375.7158	2	0.4010	0.000000	8.739326e+00	1.566768e+03	9.872231e+00	54.9254	1	0
162	2	376.4323	4	1.0678	-0.072067	8.981041e+00	8.695843e+02	1.353397e+01	81.6806	0	1
162	0	377.6563	4	0.5512	0.000000	1.332572e+01	2.474099e+03	1.900134e+01	54.4034	1	0
163	2	378.3397	1	0.7012	-0.010362	5.154819e+00	5.797586e+02	2.089550e+01	4.4025	1	1
163	0	379.1899	1	0.4512	0.000000	6.102212e+00	1.220036e+03	1.285823e+01	81.5447	1	0
164	2	379.9144	3	0.7345	0.042528	4.916109e+00	4.720263e+02	6.849858e+00	96.1150	1	1
164	0	380.7976	3	0.6675	0.000000	4.208506e+00	7.542117e+02	1.183234e+01	96.7172	1	0
165	2	381.6138	4	0.5842	0.047963	1.243869e+01	1.200500e+03	2.006418e+01	90.0685	1	1
165	0	382.3302	4	0.5681	0.000000	1.102712e+01	1.958908e+03	1.236445e+01	54.5500	1	0
166	2	383.0571	2	0.4678	0.070748	7.828097e+00	7.631944e+02	8.109451e+00	95.1858	1	1
166	0	383.7739	2	0.1177	0.000000	5.823964e+00	9.705281e+02	6.345212e+00	55.5916	1	0
167	2	384.4906	3	0.7025	0.074727	8.396192e+00	1.062561e+03	1.745584e+01	63.0052	1	1
167	0	385.3459	3	0.8176	0.000000	3.879920e+00	6.923529e+02	1.080801e+01	71.2838	1	0
168	2	386.2957	1	0.4175	0.007772	2.558264e+00	2.963843e+02	6.236570e+00	16.3174	1	1
168	0	387.0120	1	0.2677	0.000000	7.517656e+00	1.465544e+03	1.154773e+01	86.0775	1	0
169	2	387.7284	2	0.4511	0.068136	1.636116e+01	1.582168e+03	2.461423e+01	10.0346	0	1
169	0	388.4615	2	0.2849	0.000000	9.625367e+00	1.737128e+03	1.037307e+01	54.5329	1	0
170	2	389.0947	4	0.6013	0.107760	8.158171e+00	8.544968e+02	1.061783e+01	98.5077	1	1
170	0	389.8444	4	0.6009	0.000000	7.219421e+00	1.366418e+03	1.583601e+01	55.0238	1	0
171	2	390.5942	1	0.6835	-0.053283	7.906005e+00	8.442760e+02	1.263042e+01	61.1154	1	1
171	0	391.4100	1	0.2844	0.000000	5.435102e+00	9.937729e+02	7.326544e+00	76.2307	1	0
172	2	392.1265	3	0.8007	-0.127308	4.232712e+00	4.449952e+02	1.310022e+01	98.6531	1	1
172	0	393.0595	3	0.7345	0.000000	3.781985e+00	6.835902e+02	7.061385e+00	80.3445	1	0
173	2	393.9258	4	0.5513	0.087542	6.176554e+00	5.904304e+02	1.284837e+01	95.9839	1	1
173	0	394.6422	4	0.4510	0.000000	2.565482e+00	4.575661e+02	5.452571e+00	96.9163	1	0
174	2	395.3587	2	0.5343	0.039350	4.574965e+00	4.557535e+02	5.553649e+00	47.3761	1	1
174	0	396.0753	2	0.3014	0.000000	3.833754e+00	6.845208e+02	4.066789e+00	57.1013	1	0
175	2	396.7920	3	0.7684	0.000000	6.598722e+00	8.135190e+02	1.644114e+01	24.0531	1	1
175	0	397.6927	3	0.7513	0.000000	4.084848e+00	7.238971e+02	1.323624e+01	72.0806	1	0
176	2	398.5930	1	0.4677	0.020776	4.627518e+00	5.193995e+02	7.035764e+00	9.2158	1	1
176	0	399.3096	1	0.2844	0.000000	2.803818e+00	5.810016e+02	4.067582e+00	52.2724	1	0
177	2	400.0931	2	0.6512	0.058289	1.390559e+01	1.559142e+03	2.584488e+01	61.9303	1	1
177	0	400.8765	2	0.2845	0.000000	6.041668e+00	1.107826e+03	7.609028e+00	53.2958	1	0
178	2	401.5934	4	0.7347	-0.103903	4.732412e+00	4.704923e+02	9.868214e+00	100.0000	1	1
178	0	402.4768	4	0.5679	0.000000	4.414867e+00	7.955820e+02	7.908372e+00	90.7205	1	0
179	2	403.1935	1	0.6013	0.063575	4.565963e+00	4.822505e+02	1.650498e+01	6.6995	1	1
179	0	403.9271	1	0.2681	0.000000	1.981476e+00	3.790228e+02	6.084815e+00	100.0000	1	0
180	2	404.6438	3	0.8012	-0.122057	1.255938e+01	1.234101e+03	1.791868e+01	53.4774	1	1
180	0	405.5772	3	0.6179	0.000000	7.485988e+00	1.313079e+03	1.012021e+01	54.8115	1	0
181	2	406.3274	4	0.6678	-0.026732	4.518836e+00	4.393830e+02	5.327920e+00	76.2555	1	1
181	0	407.1275	4	0.5179	0.000000	6.491849e+00	1.126391e+03	1.382443e+01	58.7121	1	0
182	2	407.9776	2	0.5013	0.021217	7.382579e+00	8.942099e+02	1.286151e+01	64.9421	0	1
182	0	408.6944	2	0.3345	0.000000	1.370740e+01	2.389377e+03	1.605913e+01	55.4750	1	0
183	2	409.3380	3	0.5009	-0.082479	8.390680e+00	8.114503e+02	1.606014e+01	69.3916	1	1
183	0	410.0544	3	0.4509	0.000000	4.777033e+00	8.673907e+02	1.478928e+01	100.0000	1	0
184	2	410.7707	1	0.6346	-0.170735	8.642493e+00	9.030534e+02	1.746808e+01	93.8497	1	1
184	0	411.5616	1	0.3011	0.000000	5.436934e+00	1.020058e+03	9.372703e+00	53.8723	1	0
185	2	412.2783	2	0.4511	-0.010498	3.004563e+00	3.017389e+02	2.292138e+01	5.1880	1	1
185	0	412.9951	2	0.1178	0.000000	7.068657e+00	1.115890e+03	1.101547e+01	84.7206	1	0
186	2	413.7118	4	0.7845	-0.139668	1.517744e+01	1.581003e+03	2.083628e+01	9.7999	1	1
186	0	414.6286	4	0.5846	0.000000	7.597286e+00	1.341316e+03	1.086996e+01	54.4090	1	0
187	2	415.3692	1	0.5847	0.136307	7.782621e+00	8.025070e+02	1.408868e+01	92.9896	1	1
187	0	416.1023	1	0.2844	0.000000	9.107595e+00	2.042715e+03	1.579122e+01	89.0027	1	0
188	2	416.8187	3	0.8178	0.085127	5.037359e+00	5.000078e+02	1.547050e+01	82.6675	1	1
188	0	417.7684	3	0.7173	0.000000	8.943319e+00	1.602100e+03	1.618001e+01	95.9106	1	0
189	2	418.6342	4	0.7342	-0.102811	4.825979e+00	5.304603e+02	9.869332e+00	100.0000	1	1
189	0	419.5005	4	0.6012	0.000000	7.891725e+00	1.424139e+03	9.872231e+00	54.5657	1	0
190	2	420.2502	2	0.5008	0.042755	3.798473e+00	3.986880e+02	4.066730e+00	100.0000	1	1
190	0	420.9668	2	0.2177	0.000000	5.410614e+00	9.868456e+02	9.351370e+00	92.8590	1	0
191	2	421.6831	3	0.8010	0.111831	7.790715e+00	7.470563e+02	1.242238e+01	59.8368	1	1
191	0	422.6162	3	0.7512	0.000000	1.177634e+01	2.053022e+03	2.140478e+01	82.7334	1	0
192	2	423.5159	1	0.5341	-0.137066	5.340673e+00	6.081676e+02	1.332613e+01	92.5213	1	1
192	0	424.2323	1	0.2680	0.000000	3.666338e+00	6.768884e+02	6.292402e+00	85.9482	1	0
193	1	437.4821	2	0.9679	0.052308	6.873556e+00	7.010070e+02	1.331899e+01	9.9751	1	1
193	0	438.5990	2	0.4678	0.000000	5.067332e+00	9.094645e+02	5.081385e+00	55.2091	1	0
194	1	439.3158	1	0.5345	-0.072977	6.864310e+00	7.208217e+02	1.019040e+01	4.4110	1	1
194	0	440.0492	1	0.4011	0.000000	5.977699e+00	1.166450e+03	9.124573e+00	54.1644	1	0
195	1	440.7607	3	0.7399	0.127308	5.484531e+00	5.262655e+02	1.307056e+01	88.6120	1	1
195	0	441.6329	3	0.6677	0.000000	4.075546e+00	7.283682e+02	6.093723e+00	54.4133	1	0
196	1	442.4329	4	0.5345	0.050489	8.033506e+00	8.046119e+02	1.127866e+01	10.3687	1	1
196	0	443.1497	4	0.6512	0.000000	1.123243e+01	2.282943e+03	2.708125e+01	95.1458	1	0
197	1	443.9497	1	0.5513	-0.092087	7.084490e+00	7.317324e+02	1.040190e+01	3.2789	1	1
197	0	444.6761	1	0.4344	0.000000	1.482900e+01	3.282441e+03	2.223558e+01	74.0541	1	0
198	1	445.3925	2	0.5169	0.146315	1.327854e+01	1.269962e+03	1.409435e+01	100.0000	1	1
198	0	446.1082	2	0.3346	0.000000	1.003165e+01	1.785881e+03	1.335867e+01	54.7921	1	0
199	1	446.8253	4	0.6843	0.074134	1.454442e+01	1.518024e+03	2.075690e+01	76.4450	1	1
199	0	447.6584	4	0.6003	0.000000	7.240512e+00	1.349643e+03	1.137778e+01	54.9670	1	0
200	1	448.3909	3	0.7175	0.053283	4.493098e+00	4.318084e+02	6.460886e+00	3.9943	1	1
200	0	449.2405	3	0.5512	0.000000	2.181907e+00	3.875962e+02	7.228488e+00	90.3313	1	0
201	1	449.9569	4	0.4845	0.086625	5.598504e+00	5.420599e+02	1.364452e+01	11.4885	1	1
201	0	450.6735	4	0.5176	0.000000	8.535749e+00	1.623858e+03	1.160659e+01	62.2399	1	0
202	1	451.4003	1	0.4352	-0.009975	2.103719e+00	2.196938e+02	3.011300e+00	2.7985	1	1
202	0	452.1178	1	0.3511	0.000000	1.049585e+01	2.525307e+03	1.690506e+01	72.3277	1	0
203	1	452.8345	3	0.6846	0.024060	7.341536e+00	6.983212e+02	1.593032e+01	79.2901	1	1
203	0	453.6730	3	0.5681	0.000000	3.574829e+00	6.388969e+02	1.351864e+01	79.2890	1	0
204	1	454.3894	2	0.5675	-0.034108	7.670130e+00	9.519027e+02	1.033123e+01	81.8406	1	1
204	0	455.1053	2	0.3008	0.000000	1.522892e+00	2.795938e+02	5.856053e+00	100.0000	1	0
205	1	455.8218	4	0.7340	0.000000	1.534045e+01	1.591362e+03	1.829505e+01	80.9696	1	1
205	0	456.6881	4	0.5175	0.000000	8.077778e+00	1.464068e+03	1.853928e+01	92.5828	1	0
206	1	457.4044	1	0.6013	-0.089003	7.493181e+00	8.417283e+02	1.109496e+01	87.9074	1	1
206	0	458.1543	1	0.2680	0.000000	6.126381e+00	1.150701e+03	1.033844e+01	95.3992	1	0
207	1	458.8712	3	0.9502	0.008021	9.780715e+00	9.435422e+02	1.656059e+01	71.0171	1	1
207	0	459.9537	3	0.7674	0.000000	7.812046e+00	1.401493e+03	9.871464e+00	54.6866	1	0
208	1	460.8533	2	0.4676	0.031486	3.823418e+00	4.281965e+02	1.475552e+01	2.4564	1	1
208	0	461.5697	2	0.2010	0.000000	2.696019e+00	4.930126e+02	3.051371e+00	53.8133	1	0
209	2	474.8212	2	1.0022	0.020994	6.967233e+00	7.148870e+02	9.921722e+00	1.9732	1	1
209	0	475.9714	2	0.4511	0.000000	5.778038e+00	1.043194e+03	7.104906e+00	55.3228	1	0
210	2	476.6882	4	0.8179	-0.061420	1.274556e+01	1.216781e+03	1.429187e+01	87.7199	1	1
210	0	477.6550	4	0.6178	0.000000	1.197799e+01	2.154047e+03	1.877681e+01	72.0825	1	0
211	2	478.4218	1	0.6011	-0.090419	1.147539e+01	1.299747e+03	1.376648e+01	18.3249	1	1
211	0	479.1552	1	0.4346	0.000000	6.884351e+00	1.284885e+03	1.012382e+01	53.3470	1	0
212	2	479.8808	3	0.8678	-0.090660	4.671915e+00	4.462373e+02	1.061783e+01	99.5189	1	1
212	0	480.9055	3	0.6012	0.000000	6.047454e+00	1.075268e+03	1.061271e+01	84.8653	1	0
213	2	481.6469	4	0.5680	0.084233	5.107939e+00	5.013710e+02	8.112037e+00	100.0000	1	1
213	0	482.3633	4	0.5675	0.000000	1.035023e+01	2.029935e+03	1.408641e+01	83.1150	1	0
214	2	483.0892	2	0.4513	-0.065523	4.442692e+00	4.363006e+02	1.527226e+01	2.8043	1	1
214	0	483.8060	2	0.3177	0.000000	6.831108e+00	1.296883e+03	8.052200e+00	79.6053	1	0
215	2	484.5792	3	0.7178	-0.042641	3.869745e+00	3.698151e+02	8.616231e+00	0.7955	1	1
215	0	485.4457	3	0.6507	0.000000	6.595492e+00	1.203795e+03	1.012382e+01	54.5738	1	0
216	2	486.2287	1	0.4014	-0.083141	8.489372e+00	9.151654e+02	1.109109e+01	11.0948	1	1
216	0	486.9451	1	0.3010	0.000000	8.960559e+00	1.736051e+03	1.109895e+01	84.4235	1	0
217	2	487.6616	2	0.4845	0.041751	1.181519e+01	1.150226e+03	1.507001e+01	42.7543	1	1
217	0	488.3901	2	0.3012	0.000000	1.737118e+00	3.087118e+02	2.789457e+00	91.2376	1	0
218	2	489.1066	4	1.3385	-0.021330	5.567192e+00	1.123641e+03	1.309308e+01	47.1801	1	1
218	0	490.5772	4	0.4343	0.000000	1.784143e+00	3.344972e+02	2.289028e+00	56.3054	1	0
219	2	491.2936	1	0.4515	-0.029916	5.156714e+00	5.363044e+02	1.068190e+01	1.6973	1	1
219	0	492.0100	1	0.3677	0.000000	1.379878e+01	2.983589e+03	1.664299e+01	72.3291	1	0
220	2	492.7432	3	0.6843	0.053283	6.915254e+00	6.592325e+02	1.615634e+01	77.7665	1	1
220	0	493.5762	3	0.5010	0.000000	6.097212e+00	1.078181e+03	1.391498e+01	73.1732	1	0
221	2	494.2927	4	0.4348	0.180312	1.599676e+01	1.606824e+03	1.751951e+01	100.0000	1	1
221	0	495.0091	4	0.5344	0.000000	9.075171e+00	1.768057e+03	2.234845e+01	58.4219	1	0
222	2	495.7255	2	0.4344	0.034108	6.818913e+00	6.616984e+02	8.680381e+00	26.7599	1	1
222	0	496.4420	2	0.0510	0.000000	8.247558e-01	8.734183e+01	3.501168e+00	100.0000	1	0
223	2	497.1750	3	0.8008	-0.109190	1.665246e+01	1.795023e+03	2.637999e+01	14.1404	1	1
223	0	498.1081	3	0.7013	0.000000	9.875851e+00	1.775362e+03	1.628679e+01	58.2458	1	0
224	2	498.9583	1	0.4011	-0.156602	1.291977e+01	1.356264e+03	1.555262e+01	96.7338	1	1
224	0	499.6751	1	0.4844	0.000000	1.724888e+01	4.132914e+03	2.129710e+01	82.6678	1	0
225	2	500.3918	2	0.4344	0.102007	1.320413e+01	1.279870e+03	1.996868e+01	2.8687	1	1
225	0	501.1086	2	0.0844	0.000000	2.832851e+00	4.716548e+02	3.050666e+00	62.9373	1	0
226	2	501.8253	4	0.5349	0.032075	2.655066e+00	2.524910e+02	8.599757e+00	83.7813	1	1
226	0	502.5588	4	0.4512	0.000000	3.750440e+00	6.425692e+02	4.827434e+00	55.4621	1	0
227	2	503.2756	1	0.5015	0.191026	2.436335e+01	2.502800e+03	3.091179e+01	7.1581	1	1
227	0	503.9924	1	0.3344	0.000000	1.083967e+01	2.502434e+03	1.520740e+01	74.1816	1	0
228	2	504.7091	3	0.6348	0.061257	4.525554e+00	4.309334e+02	9.574336e+00	71.9707	1	1
228	0	505.4760	3	0.6178	0.000000	5.577216e+00	9.816551e+02	1.588109e+01	78.7372	1	0
229	2	506.2427	4	0.5179	0.160077	2.675327e+01	2.667544e+03	3.757462e+01	20.2580	1	1
229	0	506.9594	4	0.5513	0.000000	1.042076e+01	2.064697e+03	1.780994e+01	53.3032	1	0
230	2	508.3431	2	0.4844	-0.160413	9.161650e+00	9.947395e+02	1.579260e+01	96.8387	1	1
230	0	509.0598	2	0.3351	0.000000	1.168119e+01	2.231932e+03	2.347830e+01	52.9238	1	0
231	2	509.7766	3	0.6350	0.007957	7.865121e+00	7.574306e+02	1.126656e+01	7.1995	1	1
231	0	510.5600	3	0.6513	0.000000	2.247524e+00	4.031755e+02	8.536413e+00	80.8729	1	0
232	2	511.3601	1	0.4345	-0.126973	1.082956e+01	1.033072e+03	1.319247e+01	66.0271	1	1
232	0	512.0867	1	0.3176	0.000000	5.385408e+00	1.013917e+03	9.739972e+00	92.2949	1	0
233	2	512.8030	2	0.5344	0.010498	5.054286e+00	4.978935e+02	2.709980e+01	9.7380	1	1
233	0	513.5195	2	0.1178	0.000000	1.475703e+00	2.621327e+02	3.546232e+00	89.1692	1	0
234	2	514.2359	4	0.6680	-0.086625	9.444478e+00	9.157234e+02	1.251739e+01	48.0050	1	1
234	0	515.0607	4	0.3178	0.000000	9.230854e+00	1.602414e+03	9.869056e+00	54.9566	1	0
235	2	515.7775	1	0.6179	0.040085	8.922196e+00	1.546929e+03	2.123894e+01	16.4903	1	1
235	0	516.5519	1	0.3176	0.000000	5.353166e+00	1.254264e+03	1.532026e+01	85.1305	1	0
236	2	517.2682	3	0.5177	-0.010666	9.981437e-01	9.521866e+01	2.034700e+00	93.8478	1	1
236	0	517.9847	3	0.7176	0.000000	6.043572e+00	1.076679e+03	1.433717e+01	54.2894	1	0
237	2	518.8512	4	0.5175	-0.168597	1.155965e+01	1.098181e+03	1.605094e+01	100.0000	0	1
237	0	519.5675	4	0.4012	0.000000	9.662866e+00	1.660397e+03	1.604730e+01	54.4283	1	0
238	2	520.2114	2	0.2013	0.112385	7.999809e+00	7.705106e+02	1.110482e+01	90.9263	1	1
238	0	520.9283	2	0.0178	0.000000	4.731127e+00	1.429047e+02	4.741683e+00	79.3173	1	0
239	2	521.6501	3	0.7844	0.053283	9.295541e+00	1.020996e+03	2.161081e+01	5.7047	1	1
239	0	522.5831	3	0.6343	0.000000	6.770115e+00	1.243297e+03	1.052106e+01	89.6825	1	0
240	2	523.3662	1	0.4846	-0.090660	7.799448e+00	7.390447e+02	9.556672e+00	66.0869	1	1
240	0	524.0827	1	0.3010	0.000000	4.791037e+00	8.517248e+02	1.135200e+01	94.2328	1	0
241	2	524.7991	2	0.4679	0.189307	2.491992e+01	2.406694e+03	3.167180e+01	17.1143	1	1
241	0	525.5155	2	0.2510	0.000000	6.019403e+00	1.085364e+03	1.184233e+01	62.6477	1	0
242	2	526.2485	4	0.6679	-0.056091	5.911585e+00	5.699873e+02	8.731198e+00	46.7519	0	1
242	0	527.0649	4	0.3345	0.000000	1.645600e+01	3.112358e+03	1.876731e+01	54.1127	1	0
243	2	527.6982	1	0.6340	-0.052172	4.301792e+00	7.223063e+02	7.667446e+00	10.4680	1	1
243	0	528.4645	1	0.4512	0.000000	7.916077e+00	1.701825e+03	1.215937e+01	91.9031	1	0
244	2	529.1810	3	0.7341	-0.044825	4.278619e+00	4.248325e+02	9.800310e+00	65.5024	1	1
244	0	530.0639	3	0.5849	0.000000	8.849600e+00	1.598333e+03	1.341201e+01	85.4535	1	0
245	2	530.7970	4	0.7844	-0.080043	7.779814e+00	7.555062e+02	1.080515e+01	72.6361	1	1
245	0	531.7134	4	0.4182	0.000000	6.463372e+00	1.168820e+03	7.104812e+00	54.4424	1	0
246	2	532.4301	2	0.4011	-0.000000	5.607773e+00	5.551568e+02	8.043494e+00	54.1414	1	1
246	0	533.1468	2	0.1677	0.000000	7.865456e+00	1.137133e+03	8.602180e+00	56.5255	1	0
247	2	533.8637	3	0.5179	0.137788	7.114549e+00	7.493404e+02	1.477128e+01	88.0094	1	1
247	0	534.5804	3	0.6512	0.000000	6.390228e+00	1.216818e+03	1.312392e+01	96.0338	1	0
248	2	535.3805	1	0.4845	-0.093477	7.656163e+00	8.677303e+02	9.579502e+00	76.4610	1	1
248	0	536.0973	1	0.4013	0.000000	1.141940e+01	2.417154e+03	1.573247e+01	85.7229	1	0
249	2	536.8141	2	0.5011	0.078784	1.230714e+01	1.186080e+03	1.407519e+01	58.9319	1	1
249	0	537.5308	2	0.2844	0.000000	1.729007e+00	3.051779e+02	2.797293e+00	55.4689	1	0
250	2	538.2643	4	0.8012	-0.074528	9.028602e+00	9.005277e+02	1.156735e+01	79.7432	1	1
250	0	539.1978	4	0.4512	0.000000	9.709893e+00	1.728047e+03	1.211607e+01	55.3671	1	0
251	2	539.9146	1	0.4511	0.107479	1.318699e+01	1.317048e+03	1.820046e+01	54.5975	1	1
251	0	540.6313	1	0.4351	0.000000	3.808452e+00	8.065963e+02	8.862093e+00	64.2249	1	0
252	2	541.3648	3	0.7178	0.023995	4.526048e+00	4.316660e+02	1.064311e+01	46.9732	1	1
252	0	542.2148	3	0.5179	0.000000	7.506497e+00	1.322148e+03	1.171168e+01	96.4464	1	0
253	2	542.9317	4	0.7511	-0.045302	6.618146e+00	7.818251e+02	1.500746e+01	87.7146	1	1
253	0	543.8152	4	0.5013	0.000000	8.560431e+00	1.564621e+03	1.282978e+01	93.6644	1	0
254	2	544.5320	2	0.4512	-0.067958	7.110072e+00	6.922362e+02	1.319408e+01	7.7633	1	1
254	0	545.2589	2	0.2179	0.000000	1.113994e+01	1.793699e+03	1.481110e+01	55.9710	1	0
255	2	545.9752	3	0.6844	0.056091	4.888881e+00	5.616915e+02	1.328616e+01	9.1529	1	1
255	0	546.7989	3	0.7012	0.000000	3.039687e+00	5.461166e+02	7.074089e+00	77.4192	1	0
256	2	547.6324	1	0.4347	-0.007853	2.860782e+00	3.061611e+02	8.419773e+00	8.2815	1	1
256	0	548.3578	1	0.1679	0.000000	1.453647e+00	1.834503e+02	5.097921e+00	100.0000	1	0
257	1	561.6368	3	1.5508	0.053425	1.425242e+01	1.718457e+03	2.814290e+01	54.5693	1	1
257	0	563.3360	3	0.8508	0.000000	9.864785e+00	1.715987e+03	2.630693e+01	65.5029	1	0
258	1	564.3191	2	0.4511	0.081613	2.283256e+00	2.319936e+02	7.860247e+00	100.0000	1	1
258	0	565.0356	2	0.3176	0.000000	1.106301e+01	1.976211e+03	1.459323e+01	54.6506	1	0
259	1	565.7518	1	0.8845	-0.007895	3.999329e+00	4.362890e+02	1.462044e+01	4.0206	1	1
259	0	566.7687	1	0.3678	0.000000	5.442930e+00	1.056658e+03	1.046983e+01	90.9512	1	0
260	1	567.4854	4	0.7515	0.130274	1.583599e+01	1.595076e+03	1.933464e+01	1.5150	0	1
260	0	568.3855	4	0.6512	0.000000	1.189522e+01	2.271523e+03	1.534210e+01	52.8147	1	0
261	1	569.1690	2	0.5178	0.065695	2.384686e+00	2.331839e+02	8.136928e+00	0.2600	1	1
261	0	569.8859	2	0.3344	0.000000	1.040205e+01	1.842935e+03	1.062191e+01	54.9570	1	0
262	1	570.6026	1	0.4345	-0.053425	4.854334e+00	4.945704e+02	9.286081e+00	4.1812	1	1
262	0	571.3193	1	0.3851	0.000000	8.758533e+00	1.844920e+03	1.371392e+01	84.1848	1	0
263	1	572.0361	4	0.7514	0.032075	1.160907e+01	1.147830e+03	1.437272e+01	52.1094	1	1
263	0	572.9364	4	0.3509	0.000000	6.063875e+00	1.092815e+03	6.093968e+00	54.5260	1	0
264	1	573.6530	3	0.6183	0.069039	4.694714e+00	5.020512e+02	2.395476e+01	7.5515	1	1
264	0	574.4198	3	0.6177	0.000000	6.012261e+00	1.110389e+03	1.010084e+01	64.8980	1	0
265	1	575.1699	2	0.4844	-0.057679	4.873260e+00	5.138628e+02	8.919528e+00	4.1210	1	1
265	0	575.8867	2	0.1845	0.000000	9.336664e+00	1.686283e+03	1.134917e+01	61.1759	1	0
266	1	576.6035	4	0.6013	-0.154433	7.730346e+00	7.407439e+02	1.483115e+01	100.0000	0	1
266	0	577.3536	4	0.5513	0.000000	1.818561e+01	3.290440e+03	2.089079e+01	53.6061	1	0
267	1	578.0537	1	0.4679	-0.066230	4.821183e+00	5.158616e+02	6.599980e+00	100.0000	1	1
267	0	578.7705	1	0.3513	0.000000	1.094132e+01	2.297404e+03	1.205284e+01	72.8714	1	0
268	1	579.4973	3	0.6346	0.007936	6.660097e+00	6.417392e+02	1.076361e+01	61.7705	1	1
268	0	580.2709	3	0.6513	0.000000	7.918950e+00	1.446655e+03	2.155205e+01	79.5069	1	0
269	1	581.0542	4	0.6344	0.064083	5.289527e+00	5.102413e+02	7.051695e+00	1.0443	1	1
269	0	581.8210	4	0.4680	0.000000	8.279450e+00	1.606507e+03	1.163097e+01	53.9482	1	0
270	1	582.5462	2	0.4013	0.125324	1.277404e+01	1.228446e+03	1.375199e+01	76.1803	1	1
270	0	583.2627	2	0.1847	0.000000	3.745950e+00	6.804147e+02	7.856931e+00	59.1508	1	0
271	1	583.9792	1	1.1677	0.037316	4.522258e+00	5.540505e+02	9.071436e+00	14.9190	1	1
271	0	585.2954	1	0.3847	0.000000	2.139096e+00	3.715283e+02	5.329681e+00	65.5833	1	0
272	1	586.0211	3	0.7346	-0.148628	6.068126e+00	5.828170e+02	1.506840e+01	99.0371	1	1
272	0	586.9046	3	0.6345	0.000000	5.110378e+00	9.216109e+02	1.310992e+01	55.5159	1	0
