Trial	Type	Onset	Target #	Time to Target	Endpoint Error	Est. Avg. Error Mag	Accum. Error x dMagProj	Max Error Mag.	Max Error Pos. (% of trajectory)	Feedback	Target (1)/Return (0)
1	1	0.5496	4	1.0844	0.135171	2.236166e+01	2.113869e+03	2.957055e+01	9.0483	1	1
1	0	1.7658	4	0.5846	0.000000	6.719433e+00	1.343043e+03	1.963074e+01	63.7630	1	0
2	1	2.4989	1	0.4513	-0.046359	6.655492e+00	6.619659e+02	8.834370e+00	71.4139	0	1
2	0	3.2154	1	0.3515	0.000000	9.445089e+00	2.057502e+03	1.139399e+01	53.5834	1	0
3	1	3.8489	2	0.5679	0.114471	1.247415e+01	1.202331e+03	1.481950e+01	97.5705	1	1
3	0	4.5824	2	0.5011	0.000000	6.295625e+00	1.089360e+03	8.887070e+00	96.0192	1	0
4	1	5.2991	3	0.8014	-0.200479	1.075204e+01	1.041547e+03	2.509641e+01	90.0200	1	1
4	0	6.2325	3	0.4683	0.000000	9.313676e+00	1.659725e+03	1.704101e+01	55.0224	1	0
5	1	6.9494	4	0.6181	-0.146235	5.726869e+00	5.647423e+02	1.434620e+01	100.0000	1	1
5	0	7.6995	4	0.5680	0.000000	9.380919e+00	1.836420e+03	1.287037e+01	51.5649	1	0
6	1	8.4163	1	0.4845	-0.038247	4.405585e+00	4.439581e+02	6.022601e+00	36.9689	1	1
6	0	9.1330	1	0.3683	0.000000	6.445818e+00	1.427322e+03	1.035418e+01	66.2718	1	0
7	1	9.8664	3	1.2180	-0.021273	3.930604e+00	3.946306e+02	7.262247e+00	45.1205	1	1
7	0	11.2166	3	0.6846	0.000000	2.489329e+00	4.611118e+02	8.863453e+00	59.4227	1	0
8	1	12.0502	2	0.4678	-0.048091	4.568782e+00	4.367679e+02	4.806657e+00	47.9562	1	1
8	0	12.7669	2	0.6846	0.000000	1.405008e+01	2.685729e+03	2.397776e+01	98.0167	1	0
9	1	13.5837	3	0.8182	-0.241856	1.350870e+01	1.307511e+03	2.491275e+01	92.1132	0	1
9	0	14.5339	3	0.7848	0.000000	9.126235e+00	1.609218e+03	1.723426e+01	82.6972	1	0
10	1	15.4506	2	0.4678	0.016041	1.587935e+00	1.514714e+02	3.077279e+00	2.3658	1	1
10	0	16.1675	2	0.2345	0.000000	5.102686e+00	9.020210e+02	1.289959e+01	94.0072	1	0
11	1	16.8937	4	0.7681	0.008000	5.194670e+00	4.969061e+02	7.698740e+00	2.7666	1	1
11	0	17.8177	4	0.2681	0.000000	3.904773e+00	6.969529e+02	6.572437e+00	100.0000	1	0
12	1	18.5345	1	0.5011	0.019898	7.849975e-01	8.288606e+01	2.047906e+00	7.0403	1	1
12	0	19.2512	1	0.3682	0.000000	2.651280e+00	5.849425e+02	4.315638e+00	75.6945	1	0
13	1	19.9681	3	0.8515	-0.044825	6.256693e+00	6.141693e+02	9.235748e+00	49.6561	1	1
13	0	20.9682	3	0.5345	0.000000	4.962157e+00	9.026807e+02	1.061175e+01	61.1761	1	0
14	1	21.6924	4	0.6344	0.073168	1.446686e+01	1.619923e+03	1.984181e+01	13.6702	1	1
14	0	22.4755	4	0.5011	0.000000	3.170679e+00	6.288113e+02	4.320771e+00	57.3573	1	0
15	1	23.1919	2	0.4842	-0.005348	1.955549e+00	1.882189e+02	3.548737e+00	44.3374	1	1
15	0	23.9186	2	0.5345	0.000000	1.179950e+01	2.500598e+03	2.938029e+01	88.0016	1	0
16	1	24.6355	1	0.4677	-0.089733	5.198138e+00	6.449661e+02	8.868286e+00	100.0000	1	1
16	0	25.3522	1	0.2515	0.000000	5.930619e+00	1.244796e+03	6.569579e+00	80.5190	1	0
17	2	38.6208	2	0.6678	-0.100989	1.337629e+01	1.276457e+03	1.638325e+01	34.8730	1	1
17	0	39.4210	2	0.4011	0.000000	8.405266e+00	1.498158e+03	9.618323e+00	53.3946	1	0
18	2	40.1378	4	0.5182	-0.118180	4.798798e+00	5.357078e+02	1.136829e+01	100.0000	1	1
18	0	40.8545	4	0.3345	0.000000	1.174496e+01	2.287954e+03	1.311292e+01	53.1839	1	0
19	2	41.5713	1	0.4678	-0.047086	3.821920e+00	3.787142e+02	1.017295e+01	2.2909	1	1
19	0	42.2881	1	0.3348	0.000000	3.833450e+00	8.351871e+02	5.083089e+00	52.7281	1	0
20	2	43.0216	3	0.8178	-0.125013	8.645036e+00	8.287010e+02	1.331965e+01	89.8690	1	1
20	0	43.9717	3	0.5678	0.000000	8.831544e+00	1.550616e+03	1.163212e+01	97.8253	1	0
21	2	44.6885	4	0.4678	-0.054071	2.836080e+00	2.916924e+02	5.334658e+00	100.0000	1	1
21	0	45.4052	4	0.2512	0.000000	5.120171e+00	9.956096e+02	7.134956e+00	97.2182	1	0
22	2	46.1220	2	0.4681	-0.021387	2.194554e+00	2.111952e+02	2.288955e+00	99.2007	1	1
22	0	46.8506	2	0.2511	0.000000	6.565113e+00	1.133361e+03	1.399002e+01	81.1044	1	0
23	2	47.5670	3	0.8509	-0.119745	8.710981e+00	1.025388e+03	2.701508e+01	10.0901	0	1
23	0	48.5724	3	0.6012	0.000000	1.069231e+01	1.933880e+03	1.483207e+01	52.8172	1	0
24	2	49.3226	1	0.6181	-0.050489	4.636216e+00	5.067186e+02	1.073499e+01	9.9224	1	1
24	0	50.0726	1	0.4179	0.000000	3.184756e+00	6.790267e+02	5.841175e+00	62.4823	1	0
25	2	50.7894	2	0.4679	0.251260	2.156750e+01	1.996848e+03	2.365583e+01	100.0000	0	1
25	0	51.5157	2	0.4177	0.000000	9.791840e+00	1.772563e+03	1.774733e+01	51.7808	1	0
26	2	52.4730	4	0.8846	-0.036633	6.272949e+00	6.601222e+02	7.644506e+00	3.8458	1	1
26	0	53.4898	4	0.4511	0.000000	5.355166e+00	1.026987e+03	6.853290e+00	52.9424	1	0
27	2	54.2147	1	0.6009	-0.155239	1.144607e+01	1.096540e+03	1.482929e+01	100.0000	1	1
27	0	54.9479	1	0.3509	0.000000	8.924011e+00	1.938841e+03	1.414216e+01	53.4692	1	0
28	2	55.6642	3	0.8342	-0.034469	1.283605e+01	1.233165e+03	1.861642e+01	69.2541	1	1
28	0	56.6473	3	0.6510	0.000000	6.046826e+00	1.091084e+03	1.193927e+01	98.2144	1	0
29	2	57.4304	4	0.5009	0.055942	4.996752e+00	5.010154e+02	6.701025e+00	7.6378	1	1
29	0	58.1468	4	0.6510	0.000000	1.197343e+01	2.400197e+03	3.311915e+01	90.2254	1	0
30	2	58.9466	2	0.4842	0.140403	4.539481e+00	4.294023e+02	1.335068e+01	100.0000	0	1
30	0	59.6630	2	0.4179	0.000000	1.470821e+01	2.680122e+03	2.296738e+01	50.9591	1	0
31	2	60.3075	3	0.9679	-0.016041	7.690374e+00	8.460247e+02	1.555495e+01	97.6753	1	1
31	0	61.4123	3	0.3180	0.000000	5.057051e+00	9.031018e+02	1.349925e+01	69.0809	1	0
32	2	62.1287	1	0.7513	0.117248	8.132267e+00	8.649521e+02	1.238017e+01	100.0000	1	1
32	0	63.0285	1	0.3842	0.000000	1.135811e+01	2.555844e+03	1.364488e+01	51.8788	1	0
33	2	63.9449	2	0.7841	0.048091	8.420296e+00	8.051921e+02	1.076787e+01	63.3806	1	1
33	0	64.8778	2	0.4343	0.000000	5.147277e+00	8.931931e+02	1.211200e+01	56.1660	1	0
34	2	65.5943	4	0.5342	0.042303	3.768896e+00	4.389334e+02	4.825570e+00	89.0318	1	1
34	0	66.3107	4	0.6513	0.000000	4.476158e+00	8.547559e+02	1.303623e+01	93.0742	1	0
35	2	67.1105	1	0.8509	-0.099669	4.375112e+00	5.128334e+02	1.060882e+01	89.0379	1	1
35	0	68.0935	1	0.3509	0.000000	4.024345e+00	8.613055e+02	5.579549e+00	75.2959	1	0
36	2	68.8099	3	1.7508	0.000000	9.033237e+00	1.933402e+03	1.789117e+01	80.3615	1	1
36	0	70.7093	3	0.6176	0.000000	2.024737e+00	3.711000e+02	6.397533e+00	97.1998	1	0
37	2	71.4593	4	0.5512	0.018468	2.124394e+00	2.225024e+02	8.553299e+00	3.7522	1	1
37	0	72.1761	4	0.4681	0.000000	5.340005e+00	1.043671e+03	7.988414e+00	88.1596	1	0
38	2	72.8929	2	0.5511	0.034745	4.410240e+00	4.195623e+02	4.826512e+00	93.2370	1	1
38	0	73.6096	2	0.5515	0.000000	4.816185e+00	8.350716e+02	1.124462e+01	92.3973	1	0
39	2	74.3265	3	0.7344	-0.010610	2.183832e+00	2.216117e+02	1.951319e+01	7.4064	1	1
39	0	75.2098	3	0.5182	0.000000	3.261981e+00	5.804717e+02	1.046983e+01	91.2286	1	0
40	2	75.9266	1	0.5348	-0.092087	5.622362e+00	5.398044e+02	8.866383e+00	100.0000	1	1
40	0	76.6434	1	0.2845	0.000000	5.885601e+00	1.175213e+03	8.874895e+00	54.7327	1	0
41	2	77.3602	2	0.5014	0.034745	1.677204e+01	1.596652e+03	2.653555e+01	7.4848	1	1
41	0	78.0936	2	0.3177	0.000000	1.505229e+00	2.584872e+02	4.533233e+00	92.6291	1	0
42	2	78.8103	4	0.7178	-0.058135	3.650643e+00	3.504687e+02	5.587414e+00	100.0000	1	1
42	0	79.6605	4	0.6182	0.000000	8.800811e+00	1.733104e+03	2.473451e+01	99.4896	1	0
43	2	80.4273	1	0.9344	-0.095202	3.683271e+00	4.060087e+02	9.862053e+00	94.5944	1	1
43	0	81.4942	1	0.4013	0.000000	7.440485e+00	1.504105e+03	8.868286e+00	48.7578	1	0
44	2	82.4609	3	0.8846	-0.034469	7.387578e+00	7.592539e+02	1.282256e+01	45.0809	1	1
44	0	83.4777	3	0.7682	0.000000	1.058419e+01	2.088555e+03	2.718667e+01	73.4564	1	0
45	2	84.3946	4	0.4680	-0.165998	8.291258e+00	9.025707e+02	1.605799e+01	100.0000	0	1
45	0	85.1114	4	0.3347	0.000000	1.232263e+01	2.320847e+03	2.742124e+01	58.6058	1	0
46	2	85.7541	2	0.6343	-0.117109	3.262407e+00	4.120401e+02	1.111707e+01	100.0000	0	1
46	0	86.5283	2	0.3847	0.000000	1.464881e+01	2.504209e+03	1.603714e+01	57.0113	1	0
47	2	87.1617	3	0.9178	-0.126308	4.372782e+00	4.307891e+02	1.625821e+01	92.0276	1	1
47	0	88.2118	3	0.4514	0.000000	8.213646e+00	1.501039e+03	1.422150e+01	100.0000	1	0
48	2	88.9365	1	0.6844	-0.010695	3.613727e+00	3.669965e+02	6.643992e+00	3.1583	1	1
48	0	89.7696	1	0.3346	0.000000	2.826316e+00	5.635553e+02	7.531705e+00	100.0000	1	0
49	2	90.4955	2	0.6682	-0.090660	9.324888e+00	8.858447e+02	1.661510e+01	7.0007	0	1
49	0	91.3023	2	0.5509	0.000000	1.640035e+01	2.820718e+03	1.918662e+01	54.5425	1	0
50	2	92.0020	4	0.7012	-0.095454	5.536990e+00	5.810651e+02	9.359857e+00	92.9105	1	1
50	0	92.8517	4	0.3681	0.000000	7.473949e+00	1.418252e+03	9.121827e+00	53.5452	1	0
51	2	93.5683	1	0.4676	0.047458	1.866570e+00	1.806940e+02	4.787129e+00	4.2957	1	1
51	0	94.2960	1	0.3178	0.000000	2.881742e+00	5.662011e+02	4.736850e+00	100.0000	1	0
52	2	95.0128	3	0.7848	0.151243	9.530104e+00	9.200094e+02	1.691928e+01	84.7838	1	1
52	0	95.9341	3	0.6842	0.000000	1.261191e+01	2.387856e+03	2.385426e+01	96.7449	1	0
53	2	96.7671	4	0.5180	0.041214	4.831040e+00	5.618892e+02	6.495463e+00	16.2780	1	1
53	0	97.4836	4	0.3179	0.000000	4.692083e+00	9.414317e+02	8.857029e+00	64.9526	1	0
54	2	98.1999	2	0.4346	-0.029403	2.620876e+00	2.506607e+02	2.797225e+00	100.0000	1	1
54	0	98.9330	2	0.1344	0.000000	7.739711e+00	1.327833e+03	1.036874e+01	55.2783	1	0
55	2	99.6495	3	0.7509	0.121416	8.234062e+00	8.632189e+02	1.982029e+01	90.2471	1	1
55	0	100.5326	3	0.5676	0.000000	5.214013e+00	9.706227e+02	1.929448e+01	99.2070	1	0
56	2	101.2489	1	0.5843	-0.097923	3.679138e+00	4.812436e+02	9.874191e+00	100.0000	1	1
56	0	101.9821	1	0.3509	0.000000	7.410573e+00	1.608914e+03	1.463947e+01	53.8568	1	0
57	2	102.6984	2	0.6009	0.061420	9.242077e+00	8.861884e+02	1.711145e+01	6.4805	1	1
57	0	103.4482	2	0.3846	0.000000	9.112790e+00	1.603136e+03	1.556321e+01	86.4720	1	0
58	2	104.1646	4	1.5343	0.077166	7.828495e+00	2.415759e+03	1.218748e+01	86.4849	1	1
58	0	105.8312	4	0.3845	0.000000	5.058605e+00	1.006558e+03	7.605876e+00	62.4126	1	0
59	2	106.5480	1	0.6012	0.012626	5.329363e+00	5.377920e+02	8.773388e+00	50.3517	1	1
59	0	107.2981	1	0.4679	0.000000	2.713290e+00	5.712829e+02	4.600970e+00	100.0000	1	0
60	2	108.0149	3	0.6015	-0.060932	1.050589e+01	1.005750e+03	1.419704e+01	71.2880	1	1
60	0	108.7650	3	0.5178	0.000000	4.958572e+00	9.070917e+02	7.862443e+00	55.2033	1	0
61	2	109.4817	4	0.5179	0.125324	1.026276e+01	9.934164e+02	1.211558e+01	100.0000	1	1
61	0	110.1984	4	0.5016	0.000000	1.394660e+01	2.780959e+03	1.745853e+01	63.5520	1	0
62	2	110.9153	2	0.7345	0.080043	5.945386e+00	5.671980e+02	7.846852e+00	82.3065	1	1
62	0	111.7821	2	0.6682	0.000000	1.623494e+01	4.891279e+03	3.099809e+01	82.5218	1	0
63	2	112.5989	3	0.7678	-0.098610	8.251054e+00	8.143556e+02	1.028973e+01	66.8732	1	1
63	0	113.4990	3	0.7179	0.000000	1.081016e+01	1.871657e+03	1.510375e+01	82.0180	1	0
64	2	114.3491	1	0.5513	-0.111515	3.010904e+00	3.655186e+02	1.087139e+01	100.0000	1	1
64	0	115.0659	1	0.3683	0.000000	9.838456e+00	2.118243e+03	1.239346e+01	53.2413	1	0
65	1	128.3564	3	0.8176	-0.055499	1.134552e+01	1.607130e+03	1.658955e+01	71.8294	1	1
65	0	129.3062	3	0.5345	0.000000	4.259256e+00	7.497587e+02	5.587753e+00	55.5504	1	0
66	1	130.0226	2	0.4344	0.159072	6.286044e+00	5.935747e+02	1.507147e+01	100.0000	0	1
66	0	130.7390	2	0.3513	0.000000	8.701403e+00	1.543501e+03	1.359825e+01	53.3776	1	0
67	1	131.3888	4	0.6009	-0.065868	4.020889e+00	4.114838e+02	6.588767e+00	78.7896	1	1
67	0	132.1219	4	0.3344	0.000000	8.223335e+00	1.569007e+03	1.637865e+01	87.1506	1	0
68	1	132.8384	1	0.6346	-0.039557	1.723926e+00	2.281664e+02	3.813062e+00	100.0000	1	1
68	0	133.6215	1	0.3010	0.000000	4.008863e+00	7.780455e+02	6.843144e+00	67.8503	1	0
69	1	134.3379	2	0.6011	0.093311	1.689858e+01	1.600951e+03	2.210943e+01	3.7127	1	1
69	0	135.0876	2	0.6343	0.000000	1.036102e+01	1.791430e+03	1.870971e+01	55.7975	1	0
70	1	135.8706	4	0.6511	-0.225435	1.429557e+01	1.375892e+03	2.473952e+01	95.0057	0	1
70	0	136.6705	4	0.4512	0.000000	1.212796e+01	2.076956e+03	1.942978e+01	54.6917	1	0
71	1	137.3035	1	0.4342	0.052308	4.253678e+00	4.228496e+02	5.331416e+00	85.6297	1	1
71	0	138.0199	1	0.3677	0.000000	1.191999e+00	2.788300e+02	5.083281e+00	50.6003	1	0
72	1	138.9696	3	0.8513	-0.094952	1.232399e+01	1.251798e+03	1.433495e+01	44.3273	1	1
72	0	139.9531	3	0.5681	0.000000	4.997349e+00	9.306006e+02	1.352524e+01	91.8088	1	0
73	1	140.6699	1	0.4848	-0.021223	1.943606e+00	2.118580e+02	2.561449e+00	6.4048	1	1
73	0	141.3867	1	0.4344	0.000000	1.475207e+00	3.216574e+02	4.067990e+00	54.1709	1	0
74	1	142.1033	3	0.9513	-0.031989	5.032974e+00	4.801141e+02	7.921346e+00	23.6534	1	1
74	0	143.1869	3	0.3515	0.000000	2.707438e+00	4.595433e+02	9.505393e+00	81.2955	1	0
75	1	143.9036	2	0.5512	-0.353486	1.914328e+01	1.753245e+03	3.293699e+01	100.0000	0	1
75	0	144.6205	2	0.4180	0.000000	1.300912e+01	2.345469e+03	2.640776e+01	54.9464	1	0
76	1	145.2706	4	0.5014	-0.055942	5.428528e+00	5.747964e+02	6.708443e+00	5.6858	1	1
76	0	145.9874	4	0.2678	0.000000	5.384936e+00	9.998761e+02	8.607110e+00	95.3389	1	0
77	1	146.7042	3	0.6845	-0.032075	4.758241e+00	5.095772e+02	8.137223e+00	41.1337	1	1
77	0	147.5209	3	0.4348	0.000000	1.074305e+01	1.949352e+03	1.954765e+01	69.8382	1	0
78	1	148.2377	2	0.3514	0.163851	1.252335e+01	1.181184e+03	1.556174e+01	100.0000	1	1
78	0	148.9544	2	0.2182	0.000000	8.187520e+00	1.459175e+03	1.211041e+01	54.6411	1	0
79	1	149.6826	1	0.4513	0.035197	6.254328e+00	7.272461e+02	1.030907e+01	27.8100	1	1
79	0	150.3991	1	0.3343	0.000000	4.573751e+00	1.034442e+03	1.305739e+01	92.2078	1	0
80	1	151.1155	4	0.4179	-0.174522	7.775996e+00	9.389930e+02	1.678609e+01	100.0000	0	1
80	0	151.8382	4	0.3511	0.000000	1.539126e+01	2.883313e+03	2.257940e+01	53.2451	1	0
81	2	165.0274	2	0.9511	-0.119745	1.781686e+01	1.683639e+03	2.291567e+01	10.3929	1	1
81	0	166.1105	2	0.5180	0.000000	3.201082e+00	5.513599e+02	9.617802e+00	55.5228	1	0
82	2	166.8269	4	0.6009	-0.023618	2.264350e+00	2.268360e+02	2.288990e+00	100.0000	1	1
82	0	167.5600	4	0.3177	0.000000	3.417353e+00	6.262204e+02	7.355133e+00	57.8820	1	0
83	2	168.2764	1	0.5842	-0.024060	2.079853e+00	1.995313e+02	2.542951e+00	91.7694	1	1
83	0	168.9927	1	0.4680	0.000000	1.646447e+00	3.494147e+02	7.439249e+00	100.0000	1	0
84	2	169.7092	3	0.7176	-0.160833	9.828423e+00	9.496450e+02	1.700679e+01	96.7558	1	1
84	0	170.5756	3	0.6509	0.000000	2.605770e+00	4.844170e+02	9.137455e+00	95.2210	1	0
85	2	171.3754	4	0.7179	-0.023742	7.337169e+00	7.183630e+02	7.857095e+00	94.1367	0	1
85	0	172.2417	4	0.8678	0.000000	1.948322e+01	4.270540e+03	2.620345e+01	49.4615	1	0
86	2	173.2582	2	0.7013	0.042755	9.535354e+00	9.150079e+02	1.031401e+01	72.2433	1	1
86	0	174.1083	2	0.4179	0.000000	2.444951e+00	4.187081e+02	6.302789e+00	83.8793	1	0
87	2	174.8252	3	0.7512	-0.109190	3.065694e+00	3.318640e+02	1.036841e+01	100.0000	1	1
87	0	175.7086	3	0.6846	0.000000	8.897239e+00	1.624046e+03	1.246734e+01	86.1126	1	0
88	2	176.5421	1	0.8515	-0.018323	3.082875e+00	3.184801e+02	4.820902e+00	70.0485	1	1
88	0	177.5422	1	0.3345	0.000000	3.021179e+00	6.354324e+02	4.881312e+00	100.0000	1	0
89	2	178.2590	2	0.6511	-0.148628	9.458851e+00	8.905173e+02	1.988540e+01	6.6971	0	1
89	0	179.0424	2	0.5679	0.000000	2.507777e+01	4.224171e+03	3.231423e+01	54.3294	1	0
90	2	179.7592	4	1.0679	-0.018714	1.154377e+00	1.260791e+02	7.197849e+00	6.2524	1	1
90	0	180.9761	4	0.5512	0.000000	6.736647e+00	1.299382e+03	1.097718e+01	87.9690	1	0
91	2	181.6928	1	1.3013	-0.013227	2.027244e+00	2.491747e+02	4.255815e+00	40.9145	1	1
91	0	183.1264	1	0.3347	0.000000	2.224419e+00	3.963370e+02	4.928622e+00	100.0000	1	0
92	2	183.8431	3	3.1350	-0.122380	9.930510e+00	2.839312e+03	2.768589e+01	22.1586	1	1
92	0	187.1270	3	0.8011	0.000000	1.268793e+01	2.244116e+03	2.148233e+01	69.6654	1	0
93	2	188.0604	4	0.8013	0.010666	1.014946e+00	1.004288e+02	1.448088e+00	0.4878	1	1
93	0	188.9939	4	0.5182	0.000000	1.220543e+00	2.183657e+02	3.527245e+00	96.2568	1	0
94	2	189.7192	2	0.5843	-0.018714	3.940306e+00	3.748418e+02	4.315981e+00	70.7227	1	1
94	0	190.4356	2	0.4510	0.000000	5.316648e+00	9.268842e+02	8.904832e+00	95.0102	1	0
95	2	191.1609	3	0.8178	0.037217	5.714730e+00	5.925019e+02	1.768540e+01	7.2973	1	1
95	0	192.1184	3	0.6345	0.000000	1.782737e+00	3.217018e+02	6.787652e+00	86.5582	1	0
96	2	192.9014	1	0.6010	0.005277	2.404801e+00	2.318647e+02	4.815405e+00	57.3034	1	1
96	0	193.6345	1	0.4676	0.000000	3.253739e+00	6.927901e+02	7.093653e+00	71.8423	1	0
97	2	194.3509	2	0.5676	0.013368	4.300885e+00	4.107446e+02	6.112709e+00	22.6553	1	1
97	0	195.0783	2	0.4013	0.000000	2.251901e+00	3.906559e+02	4.827434e+00	56.0694	1	0
98	2	195.7949	4	1.0179	-0.204546	1.365373e+01	1.473336e+03	1.989970e+01	99.1853	1	1
98	0	196.9501	4	0.3176	0.000000	9.804612e+00	1.825857e+03	1.261257e+01	51.7441	1	0
99	2	197.6665	1	0.5512	0.102993	7.150776e+00	7.701232e+02	1.012220e+01	100.0000	1	1
99	0	198.3830	1	0.4846	0.000000	7.077976e+00	1.505014e+03	1.006705e+01	76.8752	1	0
100	2	199.0994	3	0.7179	0.168597	1.075715e+01	1.014391e+03	2.451010e+01	82.6077	1	1
100	0	199.9657	3	0.4847	0.000000	1.405184e+01	2.597499e+03	1.717249e+01	81.5842	1	0
101	2	200.6822	4	0.8507	-0.074331	1.645990e+01	1.793520e+03	2.209097e+01	7.3743	0	1
101	0	201.6652	4	0.3346	0.000000	1.627114e+01	2.998221e+03	2.041023e+01	55.7675	1	0
102	2	202.2983	2	0.5176	0.098610	5.124990e+00	4.852574e+02	9.617538e+00	99.7034	1	1
102	0	203.0147	2	0.2677	0.000000	1.014556e+01	1.781639e+03	1.284811e+01	78.0082	1	0
103	2	203.7478	3	1.7505	0.181701	8.061644e+00	1.830827e+03	2.013487e+01	43.2805	0	1
103	0	205.6473	3	0.7174	0.000000	1.657108e+01	2.995366e+03	2.207717e+01	53.6576	1	0
104	2	206.4969	1	0.6175	0.042415	3.553445e+00	3.413472e+02	6.077284e+00	65.6207	1	1
104	0	207.2467	1	0.3348	0.000000	7.247654e+00	1.494459e+03	1.077845e+01	84.4256	1	0
105	2	208.2802	2	0.5181	0.037416	4.873169e+00	5.045795e+02	1.000333e+01	11.1009	1	1
105	0	208.9970	2	1.0514	0.000000	3.218101e+00	5.631832e+02	4.492219e+00	96.5874	1	0
106	2	210.1971	4	0.7180	-0.013333	6.782188e-01	6.922556e+01	1.271903e+00	100.0000	1	1
106	0	211.0472	4	0.4015	0.000000	3.513532e+00	6.456281e+02	1.345852e+01	96.3918	1	0
107	2	211.7640	1	0.7513	-0.049697	2.415610e+00	4.419953e+02	6.090250e+00	93.6905	1	1
107	0	212.6642	1	0.3512	0.000000	1.278426e+00	2.510727e+02	3.051430e+00	57.9227	1	0
108	2	213.3810	3	1.7013	0.169038	5.574683e+00	1.084437e+03	1.604974e+01	100.0000	0	1
108	0	215.2146	3	0.7345	0.000000	1.842957e+01	3.283934e+03	2.968762e+01	71.4952	1	0
109	2	216.0980	4	0.5678	-0.041751	3.977404e+00	4.107989e+02	4.818830e+00	65.1688	1	1
109	0	216.8149	4	0.4344	0.000000	1.089898e+01	2.102031e+03	2.368986e+01	56.4499	1	0
110	2	217.5318	2	0.5010	-0.008021	1.078699e+01	1.035918e+03	1.554049e+01	7.5471	1	1
110	0	218.2596	2	0.4176	0.000000	1.085200e+01	1.923412e+03	1.783915e+01	64.5242	1	0
111	2	218.9761	3	0.8839	-0.181965	1.004144e+01	9.849981e+02	2.035641e+01	96.9753	1	1
111	0	219.9987	3	0.4681	0.000000	8.321852e+00	1.546869e+03	1.361763e+01	98.1168	1	0
112	2	220.7155	1	1.0179	-0.110368	6.665384e+00	7.474839e+02	1.379363e+01	86.7101	1	1
112	0	221.8656	1	0.3514	0.000000	7.223320e+00	1.433289e+03	1.113281e+01	53.5556	1	0
113	2	223.2658	2	0.4678	-0.061420	5.129833e+00	4.946849e+02	8.190772e+00	10.7726	1	1
113	0	223.9911	2	0.3342	0.000000	7.356914e+00	1.261428e+03	1.111787e+01	55.4102	1	0
114	2	224.7074	4	0.7511	0.047963	3.980849e+00	4.160338e+02	4.827299e+00	98.7693	1	1
114	0	225.6071	4	0.6009	0.000000	8.981748e+00	1.797190e+03	2.382776e+01	98.3545	1	0
115	2	226.3402	1	1.0175	-0.084847	4.569935e+00	5.760977e+02	8.865167e+00	96.9254	1	1
115	0	227.5064	1	0.4676	0.000000	4.842758e+00	9.987169e+02	8.028976e+00	100.0000	1	0
116	2	228.2229	3	0.8020	-0.114471	1.050072e+01	9.943024e+02	1.317853e+01	64.5107	1	1
116	0	229.1726	3	0.6175	0.000000	9.770725e+00	1.793654e+03	1.676036e+01	58.4625	1	0
117	2	229.9390	4	1.7671	-0.055645	6.046131e+00	1.221670e+03	1.180703e+01	89.1592	1	1
117	0	231.8384	4	0.4678	0.000000	1.066020e+01	2.046252e+03	1.584058e+01	54.2259	1	0
118	2	232.5548	2	0.6174	-0.021387	3.257558e+00	3.180869e+02	8.156590e+00	2.9482	1	1
118	0	233.3045	2	0.3677	0.000000	6.926730e+00	1.228773e+03	1.036907e+01	54.2715	1	0
119	2	234.0209	3	0.9507	-0.005319	8.202083e+00	9.288521e+02	3.548632e+01	7.3779	1	1
119	0	235.1040	3	0.5175	0.000000	2.977829e+00	5.190127e+02	8.863453e+00	58.0928	1	0
120	2	235.8204	1	0.6508	-0.107828	2.292697e+00	2.711332e+02	1.062288e+01	100.0000	1	1
120	0	236.6035	1	0.3343	0.000000	7.916838e+00	1.643781e+03	1.113665e+01	52.9295	1	0
121	2	237.5198	2	0.6679	-0.037416	4.140774e+00	4.066043e+02	1.115367e+01	7.7153	1	1
121	0	239.6525	2	0.4343	0.000000	1.099598e+01	1.930150e+03	1.531726e+01	54.2804	1	0
122	2	240.3687	4	0.8677	-0.018419	1.544016e+00	1.514459e+02	1.780520e+00	100.0000	1	1
122	0	241.3853	4	0.4846	0.000000	4.050014e+00	7.765785e+02	5.586212e+00	61.0681	1	0
123	2	242.1021	1	0.5344	0.008000	5.373771e+00	5.336510e+02	7.068281e+00	60.8768	1	1
123	0	242.8187	1	0.4682	0.000000	2.245126e+00	4.750999e+02	6.041602e+00	100.0000	1	0
124	2	243.5357	3	0.9680	-0.015914	3.595734e+00	3.448585e+02	5.716922e+00	15.8956	1	1
124	0	244.6524	3	0.5015	0.000000	2.955272e+00	5.273431e+02	5.534390e+00	90.3363	1	0
125	2	245.3693	4	0.7011	-0.018516	1.688698e+01	1.649073e+03	2.016744e+01	79.6166	1	1
125	0	246.2027	4	0.4182	0.000000	9.845557e+00	1.803470e+03	1.460192e+01	55.3064	1	0
126	2	246.9194	2	0.6513	0.111831	8.660252e+00	8.188479e+02	1.061819e+01	100.0000	1	1
126	0	247.7196	2	0.4012	0.000000	8.274457e+00	1.420918e+03	1.036841e+01	55.0770	1	0
127	2	248.4364	3	1.8014	-0.125650	6.758491e+00	8.960375e+02	2.107910e+01	5.2068	1	1
127	0	250.3867	3	0.8014	0.000000	1.371829e+01	2.480152e+03	2.480076e+01	70.2483	1	0
128	2	251.3202	1	0.5011	-0.004987	2.849248e+00	3.149746e+02	4.815067e+00	57.2355	1	1
128	0	252.0369	1	0.3345	0.000000	3.716631e+00	7.951144e+02	7.849588e+00	97.8144	1	0
129	1	265.2888	2	0.5182	-0.135528	2.769396e+01	2.680782e+03	3.121108e+01	32.0564	1	1
129	0	265.9435	2	0.7342	0.000000	7.663100e+00	1.350393e+03	1.260916e+01	54.4303	1	0
130	1	266.8266	3	1.7005	0.058599	5.584859e+00	7.880977e+02	1.280246e+01	87.6564	1	1
130	0	268.6759	3	0.7509	0.000000	4.830968e+00	9.038963e+02	6.597855e+00	59.0794	1	0
131	1	269.5757	1	0.5675	0.005277	3.202516e+00	3.103971e+02	5.845749e+00	0.7837	1	1
131	0	270.2921	1	0.4343	0.000000	3.908085e+00	8.673377e+02	6.955524e+00	96.5916	1	0
132	1	271.0085	4	1.3007	0.098348	1.698863e+01	1.856758e+03	2.772877e+01	12.8054	1	1
132	0	272.4414	4	0.5676	0.000000	5.585148e+00	1.070931e+03	1.020068e+01	94.4687	1	0
133	1	273.1578	3	0.7179	0.156054	6.156626e+00	5.808330e+02	1.766555e+01	87.9291	1	1
133	0	274.0242	3	0.7009	0.000000	1.358967e+01	2.660388e+03	2.297494e+01	95.5410	1	0
134	1	274.8739	4	0.6844	-0.024060	6.062166e+00	6.380625e+02	8.577236e+00	72.1849	1	1
134	0	275.6905	4	0.4347	0.000000	4.759753e+00	8.432531e+02	7.193816e+00	100.0000	1	0
135	1	276.4073	1	0.7681	-0.089470	5.090233e+00	7.042218e+02	8.615109e+00	100.0000	1	1
135	0	277.3241	1	0.3681	0.000000	6.453823e+00	1.335059e+03	8.875427e+00	53.3439	1	0
136	1	278.0409	2	0.7512	0.258771	3.100060e+01	2.888859e+03	3.819593e+01	91.2227	1	1
136	0	278.9577	2	0.3680	0.000000	1.013754e+01	1.809911e+03	1.441245e+01	83.1032	1	0
137	1	279.6745	1	0.8512	-0.007915	7.456634e-01	7.246593e+01	2.971685e+00	13.7854	1	1
137	0	280.6747	1	0.4681	0.000000	3.074675e+00	5.709581e+02	8.106003e+00	100.0000	1	0
138	1	281.3914	3	0.8012	-0.040085	5.006904e+00	4.768476e+02	7.066286e+00	58.4321	1	1
138	0	282.3415	3	0.6515	0.000000	6.565696e+00	1.261373e+03	1.966935e+01	98.0652	1	0
139	1	283.1416	4	0.7681	-0.203045	7.055432e+00	8.475294e+02	1.918662e+01	100.0000	0	1
139	0	284.0584	4	0.7345	0.000000	1.262094e+01	2.347284e+03	1.937177e+01	99.8309	1	0
140	1	284.9253	2	0.6516	0.119745	7.712349e+00	9.281521e+02	1.318488e+01	6.3909	1	1
140	0	285.7253	2	0.5179	0.000000	1.074570e+01	1.914054e+03	2.572301e+01	54.5005	1	0
141	1	286.6255	3	1.1854	0.039979	6.242245e+00	7.399781e+02	2.728034e+01	87.8488	1	1
141	0	287.9591	3	0.5015	0.000000	4.186779e+00	7.639077e+02	9.107304e+00	63.7187	1	0
142	1	288.6758	1	0.5511	-0.002577	8.421798e-01	9.408164e+01	2.251260e+00	15.4227	1	1
142	0	289.4023	1	0.4513	0.000000	3.342502e+00	7.328060e+02	6.811189e+00	82.9461	1	0
143	1	290.1187	2	0.6846	0.085354	1.870307e+01	1.810263e+03	4.356924e+01	6.2420	1	1
143	0	290.9596	2	0.4844	0.000000	3.940453e+00	6.788159e+02	4.574018e+00	55.7721	1	0
144	1	291.6762	4	0.8014	-0.146315	1.955477e+00	2.058160e+02	1.409435e+01	100.0000	0	1
144	0	292.6179	4	1.0510	0.000000	1.182132e+01	2.088827e+03	1.606690e+01	55.4090	1	0
145	2	306.3632	2	0.8675	0.050759	3.001880e+01	3.052260e+03	7.283317e+01	13.5255	1	1
145	0	307.3629	2	0.6009	0.000000	9.344364e+00	1.638861e+03	1.768977e+01	59.9216	1	0
146	2	308.1126	4	0.7512	0.036923	5.042986e+00	5.399198e+02	6.075122e+00	66.5105	1	1
146	0	309.0124	4	0.8178	0.000000	1.360355e+01	2.770443e+03	3.803409e+01	93.5032	1	0
147	2	309.9625	1	0.7845	0.002625	1.491888e+00	1.722029e+02	3.277328e+00	36.9940	1	1
147	0	310.8793	1	0.5179	0.000000	2.656186e+00	5.205823e+02	8.448188e+00	98.4792	1	0
148	2	311.5960	3	0.8512	-0.106547	7.714911e+00	7.487441e+02	1.011842e+01	100.0000	1	1
148	0	312.5795	3	0.6849	0.000000	1.184055e+01	2.174956e+03	2.052314e+01	61.8474	1	0
149	2	313.3963	4	0.7679	0.103627	7.630527e+00	7.359105e+02	9.868497e+00	100.0000	1	1
149	0	314.2964	4	0.6682	0.000000	8.561101e+00	1.719287e+03	2.141464e+01	99.8699	1	0
150	2	315.1132	2	0.8014	0.159072	1.685923e+01	1.803161e+03	1.958244e+01	12.6382	1	1
150	0	316.0468	2	0.4012	0.000000	6.771959e+00	1.161559e+03	1.086774e+01	55.1081	1	0
151	2	316.7635	3	1.1846	-0.072067	1.336906e+01	1.329057e+03	2.992502e+01	78.4544	1	1
151	0	318.0804	3	0.7345	0.000000	8.864443e+00	1.620035e+03	1.452407e+01	100.0000	1	0
152	2	318.9471	1	0.6013	-0.143340	7.062129e+00	7.557403e+02	1.410047e+01	100.0000	1	1
152	0	319.6806	1	0.3678	0.000000	1.439036e+01	3.087996e+03	1.537978e+01	53.2247	1	0
153	2	320.3974	2	0.6515	-0.177264	8.590252e+00	9.185641e+02	1.954064e+01	8.9709	0	1
153	0	321.1975	2	0.3011	0.000000	1.091558e+01	1.890538e+03	1.677791e+01	54.0750	1	0
154	2	321.8415	4	0.6508	-0.069407	4.487406e+00	4.259342e+02	6.598556e+00	100.0000	1	1
154	0	322.6310	4	0.5352	0.000000	8.162332e+00	1.615723e+03	1.625147e+01	87.3999	1	0
155	2	323.3478	1	0.5679	-0.069298	3.983140e+00	4.123181e+02	6.852398e+00	100.0000	1	1
155	0	324.0647	1	0.4015	0.000000	7.734399e+00	1.487147e+03	8.872761e+00	54.9499	1	0
156	2	324.7815	3	1.2848	-0.021387	9.523568e+00	9.211004e+02	1.804823e+01	78.1106	1	1
156	0	326.2150	3	0.4349	0.000000	3.286939e+00	5.860555e+02	1.162034e+01	97.8666	1	0
157	2	326.9397	4	0.4844	0.356437	2.444717e+01	2.760184e+03	3.337780e+01	100.0000	0	1
157	0	327.6562	4	0.4842	0.000000	1.652364e+01	3.222620e+03	3.864637e+01	56.1184	1	0
158	2	328.2893	2	0.4841	0.119429	6.236223e+00	5.938768e+02	1.136659e+01	100.0000	0	1
158	0	329.0154	2	0.3681	0.000000	1.621551e+01	2.872368e+03	2.319989e+01	52.3885	1	0
159	2	329.6488	3	1.0012	-0.111831	7.147482e+00	9.227253e+02	2.281819e+01	4.0345	1	1
159	0	330.7884	3	0.4343	0.000000	1.205231e+01	2.253042e+03	1.705711e+01	54.2358	1	0
160	2	331.5048	1	0.4844	-0.043674	2.899752e+00	2.989715e+02	9.987539e+00	12.7544	1	1
160	0	332.2213	1	0.3343	0.000000	9.689184e+00	2.116180e+03	1.538392e+01	53.1165	1	0
161	2	332.9372	2	0.5014	-0.203045	8.377547e+00	7.946295e+02	1.918662e+01	100.0000	0	1
161	0	333.6541	2	0.4512	0.000000	2.591928e+01	4.634932e+03	4.647333e+01	56.7697	1	0
162	2	334.3205	4	0.6676	-0.137788	1.745041e+01	2.538015e+03	3.503484e+01	28.9890	1	1
162	0	335.1203	4	0.4179	0.000000	1.057433e+01	2.023390e+03	1.336557e+01	90.4032	1	0
163	2	335.8367	1	0.4009	0.029189	1.877424e+00	1.991246e+02	4.386132e+00	15.2438	1	1
163	0	336.5531	1	0.3180	0.000000	3.030427e+00	6.539084e+02	8.636389e+00	95.2364	1	0
164	2	337.2695	3	0.8176	-0.183586	1.206782e+01	1.296312e+03	1.911865e+01	91.9597	1	1
164	0	338.2192	3	0.6009	0.000000	9.783232e+00	1.765493e+03	1.701744e+01	59.4085	1	0
165	2	338.9523	4	0.7508	-0.272318	7.693764e+00	7.279810e+02	2.572798e+01	100.0000	0	1
165	0	339.8354	4	0.4175	0.000000	1.968220e+01	3.572907e+03	2.782576e+01	52.1706	1	0
166	2	340.4684	2	0.4676	-0.034745	3.130828e+00	2.977083e+02	3.305245e+00	100.0000	1	1
166	0	341.1849	2	0.3176	0.000000	3.185541e+00	5.607220e+02	3.305266e+00	54.3108	1	0
167	2	341.9013	3	0.7509	0.064083	6.082055e+00	6.016042e+02	1.980194e+01	88.3376	1	1
167	0	342.8010	3	0.4010	0.000000	2.134897e+00	3.804650e+02	6.345293e+00	58.9353	1	0
168	2	343.5177	1	0.5512	-0.105549	3.520184e+00	3.446474e+02	1.037248e+01	100.0000	0	1
168	0	344.2344	1	0.3348	0.000000	1.100644e+01	2.372733e+03	1.685753e+01	52.2872	1	0
169	2	344.8678	2	0.8345	-0.042755	5.676433e+00	5.992126e+02	1.956266e+01	10.9107	1	1
169	0	345.8846	2	0.3011	0.000000	2.842503e+00	4.854569e+02	4.066730e+00	55.6605	1	0
170	2	346.6014	4	0.7846	-0.296074	2.014943e+01	1.996473e+03	2.798340e+01	100.0000	0	1
170	0	347.5181	4	0.5179	0.000000	2.626507e+01	4.650963e+03	3.373385e+01	52.6923	1	0
171	2	348.1850	1	0.7345	-0.092087	4.474917e+00	4.512742e+02	9.102497e+00	86.0303	1	1
171	0	349.0517	1	0.4180	0.000000	4.581956e+00	9.609297e+02	6.049228e+00	100.0000	1	0
172	2	349.7686	3	1.0679	-0.108043	1.155932e+01	1.342039e+03	1.532667e+01	60.7713	1	1
172	0	350.9684	3	0.6852	0.000000	3.447384e+00	6.382389e+02	8.855620e+00	63.4597	1	0
173	2	351.8022	4	1.0516	0.063575	2.936204e+01	2.957978e+03	4.127771e+01	20.1463	1	1
173	0	353.0024	4	0.5177	0.000000	1.635546e+01	3.246740e+03	3.274466e+01	91.1800	1	0
174	2	353.7191	2	0.5512	0.053425	3.298811e+00	3.666428e+02	1.070732e+01	13.8688	1	1
174	0	354.4471	2	0.4177	0.000000	1.156452e+01	2.045080e+03	1.749783e+01	55.7416	1	0
175	2	355.1636	3	0.7007	0.013227	2.116938e+00	2.182006e+02	1.373541e+01	5.9716	1	1
175	0	356.0195	3	0.5348	0.000000	4.453081e+00	8.346377e+02	6.586742e+00	71.6893	1	0
176	2	356.7363	1	0.6845	0.015503	1.217246e+00	1.199532e+02	2.995978e+00	1.9544	1	1
176	0	357.5530	1	0.4013	0.000000	3.491421e+00	6.904958e+02	9.124470e+00	89.8485	1	0
177	2	358.2699	2	0.5512	-0.018714	1.041755e+01	1.043842e+03	1.959110e+01	12.2132	1	1
177	0	358.9956	2	0.3514	0.000000	7.009437e+00	1.213130e+03	1.086774e+01	54.6158	1	0
178	2	359.7120	4	1.8171	-0.140774	4.903924e+00	1.165175e+03	1.454647e+01	96.3458	1	1
178	0	361.6613	4	0.4345	0.000000	8.718075e+00	1.541704e+03	1.087174e+01	55.0441	1	0
179	2	362.3872	1	0.9681	0.000000	2.037048e+00	2.447467e+02	4.556278e+00	57.6732	1	1
179	0	363.5107	1	0.5341	0.000000	2.429486e+00	5.115936e+02	4.293317e+00	92.4168	1	0
180	2	364.2271	3	0.8178	-0.026589	4.266196e+00	4.275775e+02	1.594128e+01	81.1380	1	1
180	0	365.1768	3	0.6179	0.000000	6.466976e+00	1.168987e+03	8.859159e+00	62.2601	1	0
181	2	365.9432	4	0.6842	0.110080	1.119755e+01	1.123171e+03	1.229386e+01	77.2427	1	1
181	0	366.7763	4	0.4176	0.000000	3.758307e+00	6.910631e+02	6.471481e+00	93.1544	1	0
182	2	367.4926	2	0.7679	-0.026732	1.709168e+01	1.665995e+03	2.158280e+01	48.8267	0	1
182	0	368.4090	2	0.2677	0.000000	1.439086e+01	2.437347e+03	1.798846e+01	55.3175	1	0
183	2	369.0422	3	0.7845	0.026449	3.896793e+00	5.195853e+02	7.090983e+00	83.5539	1	1
183	0	369.9752	3	0.5840	0.000000	4.443979e+00	8.329903e+02	7.183844e+00	93.4745	1	0
184	2	370.6917	1	0.7842	-0.010416	2.479484e+00	2.574213e+02	8.363366e+00	15.4636	1	1
184	0	371.6246	1	0.5842	0.000000	1.175230e+00	2.509867e+02	3.774646e+00	96.7385	1	0
185	2	372.3577	2	1.5673	-0.111831	2.518770e+00	2.708390e+02	1.061819e+01	100.0000	0	1
185	0	374.6569	2	0.6675	0.000000	1.116353e+01	1.957694e+03	1.653511e+01	53.4308	1	0
186	2	375.4567	4	0.9676	-0.184543	8.833566e+00	8.753727e+02	1.774236e+01	99.1712	0	1
186	0	376.5729	4	0.5513	0.000000	1.658943e+01	2.997648e+03	1.748949e+01	57.6682	1	0
187	2	377.2728	1	0.7679	0.128816	5.415498e+00	6.274561e+02	1.308929e+01	93.0725	1	1
187	0	378.1896	1	0.3515	0.000000	1.174782e+01	2.523838e+03	1.422319e+01	87.8738	1	0
188	2	378.9064	3	0.7347	0.015914	2.430772e+00	2.354882e+02	4.569956e+00	74.9150	1	1
188	0	379.7732	3	0.6345	0.000000	6.306164e+00	1.128260e+03	2.000106e+01	87.8028	1	0
189	2	380.5400	4	1.8347	-0.005305	2.452534e+01	2.529186e+03	5.019251e+01	24.4930	1	1
189	0	382.5235	4	1.0847	0.000000	2.921937e+00	5.380128e+02	1.102860e+01	96.9533	1	0
190	2	383.7404	2	0.8845	-0.010695	7.236994e+00	8.018225e+02	1.251897e+01	16.1623	1	1
190	0	384.7572	2	0.4182	0.000000	1.136038e+00	1.985760e+02	2.997214e+00	100.0000	1	0
191	2	385.4740	3	0.9180	0.144489	6.406915e+00	6.718262e+02	2.284244e+01	3.5907	0	1
191	0	386.5408	3	0.8016	0.000000	1.144570e+01	2.015447e+03	1.703707e+01	54.9700	1	0
192	2	387.4744	1	0.5511	-0.088377	2.281863e+00	2.289344e+02	8.869360e+00	100.0000	1	1
192	0	388.1911	1	0.4177	0.000000	6.313625e+00	1.355859e+03	6.856928e+00	54.0438	1	0
193	1	401.4813	2	0.8673	-0.174672	2.269750e+01	2.170491e+03	3.475478e+01	93.4946	1	1
193	0	402.4809	2	0.6178	0.000000	7.523795e+00	1.310890e+03	1.841412e+01	60.5081	1	0
194	1	403.2473	1	0.7179	0.025834	1.658450e+00	1.649070e+02	5.729368e+00	3.3242	1	1
194	0	404.1137	1	0.4510	0.000000	4.239598e+00	7.809809e+02	5.859845e+00	98.9964	1	0
195	1	404.8302	3	1.9671	-0.061420	7.834681e+00	7.780900e+02	1.161070e+01	97.1414	1	1
195	0	406.9294	3	1.0511	0.000000	1.655529e+00	2.932015e+02	3.051356e+00	55.9024	1	0
196	1	408.1290	4	0.7009	0.037416	3.699722e+00	3.616214e+02	7.360208e+00	0.5193	1	1
196	0	408.9620	4	0.4677	0.000000	3.955865e+00	7.317102e+02	4.806049e+00	83.5563	1	0
197	1	409.6785	1	0.5345	0.026379	1.740857e+00	1.686974e+02	2.797185e+00	97.1037	1	1
197	0	410.3949	1	0.4345	0.000000	1.807295e+00	3.340560e+02	3.303707e+00	72.0304	1	0
198	1	411.1113	2	0.9348	0.002674	2.029622e+01	2.357750e+03	3.154496e+01	18.3141	1	1
198	0	413.2615	2	0.3515	0.000000	5.306600e+00	9.117127e+02	7.102534e+00	56.7220	1	0
199	1	413.9784	4	0.8015	-0.015999	1.462345e+01	1.412447e+03	1.695960e+01	88.4378	1	1
199	0	414.9284	4	0.4516	0.000000	1.176981e+01	2.175401e+03	1.435082e+01	54.2741	1	0
200	1	415.6453	3	0.8512	-0.040085	6.597681e+00	8.335723e+02	1.723426e+01	77.1721	1	1
200	0	416.6288	3	0.7179	0.000000	4.973466e+00	8.768186e+02	9.841070e+00	66.7379	1	0
201	1	417.4789	4	0.8181	-0.241200	1.348029e+01	1.335131e+03	2.272756e+01	100.0000	0	1
201	0	418.4457	4	0.4679	0.000000	1.362335e+01	2.348852e+03	2.296028e+01	53.9240	1	0
202	1	419.0791	1	0.8346	-0.036537	2.406472e+00	2.409864e+02	1.067284e+01	3.2730	1	1
202	0	420.0461	1	0.4177	0.000000	3.345801e+00	6.101938e+02	5.554604e+00	85.5411	1	0
203	1	420.7628	3	1.4846	-0.088007	7.691034e+00	8.723416e+02	1.154332e+01	77.3683	1	1
203	0	422.3963	3	0.6512	0.000000	8.480965e+00	1.588088e+03	1.162516e+01	53.7454	1	0
204	1	423.1798	2	0.5348	0.034745	8.542849e+00	8.869363e+02	1.908023e+01	8.4112	1	1
204	0	423.8966	2	0.3844	0.000000	6.594223e+00	1.137534e+03	6.851243e+00	55.3293	1	0
205	1	424.6235	4	0.4342	-0.210728	1.304747e+01	1.213963e+03	1.990204e+01	100.0000	0	1
205	0	425.3399	4	0.3842	0.000000	1.186910e+01	2.242361e+03	1.778598e+01	53.1711	1	0
206	1	425.9730	1	0.5177	0.035339	3.339315e+00	3.374369e+02	6.435362e+00	13.4194	1	1
206	0	426.6970	1	0.4513	0.000000	5.656607e+00	1.234796e+03	9.050203e+00	80.4478	1	0
207	1	427.4138	3	0.6678	-0.225068	1.448063e+01	1.553555e+03	2.157485e+01	100.0000	0	1
207	0	428.2139	3	0.4845	0.000000	2.295823e+01	4.302366e+03	2.936599e+01	69.9304	1	0
208	1	428.8553	2	0.5013	-0.334529	2.675718e+01	2.503504e+03	3.123904e+01	100.0000	0	1
208	0	429.5718	2	0.5679	0.000000	2.207021e+01	3.960406e+03	3.147142e+01	50.3384	1	0
209	2	442.8506	2	0.8509	-0.179853	2.738060e+01	2.577085e+03	5.291585e+01	0.5406	0	1
209	0	443.8503	2	0.4509	0.000000	1.930341e+01	3.321830e+03	2.296028e+01	55.0863	1	0
210	2	444.4834	4	0.7510	-0.111535	5.287350e+00	6.178514e+02	1.111666e+01	99.5127	1	1
210	0	445.3665	4	0.4845	0.000000	4.067178e+00	7.689758e+02	9.306525e+00	74.8491	1	0
211	2	446.0834	1	0.8846	0.033841	1.855034e+00	1.814833e+02	3.305347e+00	100.0000	1	1
211	0	447.1002	1	0.5512	0.000000	9.019943e+00	1.930818e+03	1.209551e+01	66.9621	1	0
212	2	447.8169	3	0.7512	-0.294601	1.961818e+01	1.817365e+03	2.855654e+01	95.4929	0	1
212	0	448.7004	3	0.7345	0.000000	1.389127e+01	2.576133e+03	2.281524e+01	53.7572	1	0
213	2	449.5672	4	0.9513	0.007979	9.082624e+00	8.780065e+02	1.321919e+01	0.5260	1	1
213	0	450.6673	4	0.3512	0.000000	4.484349e+00	8.386691e+02	1.060944e+01	92.8759	1	0
214	2	451.3841	2	0.6846	-0.066746	2.986026e+01	3.090056e+03	3.850031e+01	83.1098	1	1
214	0	452.2010	2	0.3348	0.000000	7.639529e+00	1.386379e+03	1.310292e+01	52.7943	1	0
215	2	452.9176	3	0.8346	-0.010666	7.756674e+00	7.502960e+02	1.207473e+01	50.0368	1	1
215	0	453.8845	3	0.7179	0.000000	5.681038e+00	1.074832e+03	1.237638e+01	54.3349	1	0
216	2	454.7514	1	0.5845	0.013123	2.771391e+00	2.686011e+02	4.267888e+00	1.7125	1	1
216	0	455.4681	1	0.4348	0.000000	4.416956e+00	9.387476e+02	8.736815e+00	87.5171	1	0
217	2	456.1849	2	0.5181	0.159072	2.295006e+01	2.213896e+03	3.654603e+01	4.7167	1	1
217	0	456.9126	2	0.5176	0.000000	8.755596e+00	1.512493e+03	9.367430e+00	54.9595	1	0
218	2	457.6290	4	0.8008	-0.085354	1.138577e+01	1.312673e+03	2.009141e+01	18.2139	1	1
218	0	458.5686	4	0.3180	0.000000	7.330966e+00	1.364793e+03	8.343611e+00	65.7575	1	0
219	2	459.2853	1	0.5849	0.023073	1.412353e+00	1.424927e+02	2.964102e+00	4.8060	1	1
219	0	460.0187	1	0.4179	0.000000	5.288216e+00	1.148667e+03	1.179019e+01	86.2130	1	0
220	2	460.7446	3	0.8341	-0.132203	1.186873e+01	1.517704e+03	2.115387e+01	73.5966	1	1
220	0	461.7191	3	0.8848	0.000000	5.644340e+00	1.032727e+03	6.599527e+00	53.5494	1	0
221	2	462.7525	4	0.5515	-0.015999	3.713941e+00	3.560508e+02	7.821653e+00	1.5532	1	1
221	0	463.4769	4	0.4514	0.000000	4.725855e+00	8.592607e+02	1.096229e+01	79.1057	1	0
222	2	464.1934	2	1.7006	-0.268739	3.027016e+01	4.402074e+03	4.681831e+01	36.2326	0	1
222	0	466.0262	2	0.3844	0.000000	2.646144e+01	4.510371e+03	3.624111e+01	51.7742	1	0
223	2	466.6698	3	0.7180	0.324905	8.040828e+00	7.925133e+02	3.085991e+01	100.0000	0	1
223	0	467.5256	3	0.7508	0.000000	1.612675e+01	3.081872e+03	2.230703e+01	50.4523	1	0
224	2	468.4087	1	0.4842	-0.079118	3.644766e+00	3.614166e+02	7.861826e+00	100.0000	1	1
224	0	469.1252	1	0.4347	0.000000	7.046555e+00	1.564974e+03	1.013787e+01	52.5330	1	0
225	2	469.8416	2	0.5011	0.090660	1.335749e+01	1.265702e+03	1.653452e+01	6.9798	1	1
225	0	470.5703	2	0.3387	0.000000	8.240096e+00	1.411773e+03	8.362812e+00	55.3194	1	0
226	2	471.2872	4	0.8381	-0.135528	3.564709e+00	3.655018e+02	1.285559e+01	100.0000	1	1
226	0	472.8738	4	0.4513	0.000000	8.212333e+00	1.615991e+03	1.236070e+01	100.0000	1	0
227	2	473.9236	1	0.5008	0.040079	2.100651e+00	2.422370e+02	4.067181e+00	100.0000	1	1
227	0	474.6400	1	0.3346	0.000000	4.629362e+00	9.878310e+02	9.098148e+00	70.7742	1	0
228	2	475.3563	3	0.7675	-0.121416	6.404837e+00	7.289406e+02	1.161639e+01	100.0000	1	1
228	0	476.2561	3	0.4509	0.000000	9.818149e+00	1.700143e+03	1.296193e+01	85.0018	1	0
229	2	476.9725	4	0.8341	0.120781	3.665152e+01	3.600208e+03	5.123189e+01	26.7555	1	1
229	0	477.9388	4	0.5510	0.000000	9.706135e+00	1.798368e+03	1.583413e+01	54.9156	1	0
230	2	478.6552	2	0.6175	-0.040085	2.735669e+00	2.609807e+02	8.880711e+00	3.2707	1	1
230	0	479.4051	2	0.4345	0.000000	5.665021e+00	9.781221e+02	6.345992e+00	55.1314	1	0
231	2	480.1218	3	0.6846	0.134462	5.505491e+00	5.374621e+02	1.334343e+01	96.7725	1	1
231	0	480.9553	3	0.6347	0.000000	4.539099e+00	8.339400e+02	1.332060e+01	64.2522	1	0
232	2	481.7221	1	0.7011	-0.025635	1.850848e+00	2.042223e+02	2.544031e+00	10.0607	1	1
232	0	482.5555	1	0.5512	0.000000	4.376263e+00	9.358352e+02	7.333096e+00	95.5926	1	0
233	2	483.2724	2	0.5678	0.024060	8.232008e+00	7.933090e+02	1.364928e+01	8.2997	1	1
233	0	483.9892	2	0.4011	0.000000	1.110630e+00	1.927900e+02	2.031814e+00	90.3116	1	0
234	2	484.7060	4	1.0682	-0.231238	3.604967e+01	3.419581e+03	4.690879e+01	36.8301	0	1
234	0	485.9228	4	0.3344	0.000000	2.870401e+01	5.196941e+03	3.732077e+01	52.4828	1	0
235	2	486.5562	1	0.8014	0.056207	1.006355e+01	1.273455e+03	1.702789e+01	14.0425	1	1
235	0	487.5064	1	0.3178	0.000000	6.032980e+00	1.239685e+03	7.205839e+00	89.8768	1	0
236	2	488.4064	3	0.9515	-0.040085	5.384034e+00	5.561400e+02	1.372045e+01	2.6566	1	1
236	0	489.5065	3	0.5847	0.000000	7.683088e+00	1.377223e+03	9.872231e+00	54.9328	1	0
237	2	490.2401	4	0.6846	-0.114168	5.240914e+00	4.998907e+02	1.111372e+01	97.5528	1	1
237	0	491.0734	4	0.7517	0.000000	8.089470e+00	1.645042e+03	3.074500e+01	98.7559	1	0
238	2	491.9736	2	0.5511	0.187607	8.445953e+00	9.605397e+02	2.156256e+01	8.5625	0	1
238	0	492.6905	2	0.4177	0.000000	1.638950e+01	2.939673e+03	1.966841e+01	52.1911	1	0
239	2	493.3337	3	1.0678	-0.071685	2.464234e+00	3.032976e+02	6.851243e+00	100.0000	1	1
239	0	494.5574	3	0.4512	0.000000	8.434055e+00	1.498889e+03	1.533124e+01	55.2119	1	0
240	2	495.2741	1	0.7016	-0.015747	1.296878e+00	1.293141e+02	2.395821e+00	9.5320	1	1
240	0	496.1243	1	0.3677	0.000000	2.355842e+00	5.066333e+02	7.238184e+00	90.5894	1	0
241	2	496.8492	2	0.7507	0.018714	1.444852e+01	1.468963e+03	2.952352e+01	3.7229	1	1
241	0	498.6818	2	0.3679	0.000000	1.002307e+01	1.708920e+03	1.161502e+01	55.3876	1	0
242	2	499.4081	4	0.5178	-0.205395	6.426867e+00	6.179142e+02	1.992445e+01	100.0000	0	1
242	0	500.1250	4	0.3515	0.000000	1.160088e+01	2.255978e+03	1.926641e+01	53.9114	1	0
243	2	500.8978	1	1.2176	0.034561	2.811351e+00	3.082646e+02	1.901947e+01	1.3876	1	1
243	0	502.2640	1	0.3343	0.000000	5.437654e+00	9.613875e+02	8.952856e+00	84.9491	1	0
244	2	502.9805	3	0.7511	-0.077180	6.260075e+00	6.310539e+02	9.108781e+00	40.3219	1	1
244	0	503.8802	3	0.6845	0.000000	8.921607e+00	1.608293e+03	1.513885e+01	95.8737	1	0
245	2	504.6965	4	0.8176	0.156054	9.199978e+00	9.433316e+02	1.811996e+01	86.7648	1	1
245	0	505.6629	4	0.3679	0.000000	6.167190e+00	1.171674e+03	1.212600e+01	90.8060	1	0
246	2	506.3792	2	0.8845	0.103903	1.531830e+01	1.700078e+03	2.166874e+01	17.4561	1	1
246	0	507.4122	2	0.2844	0.000000	8.577434e-01	1.506852e+02	3.471391e+00	100.0000	1	0
247	2	508.1288	3	0.7009	0.292680	6.166861e+00	6.085071e+02	2.752504e+01	100.0000	0	1
247	0	508.9617	3	0.5012	0.000000	1.525210e+01	2.921122e+03	2.675899e+01	51.4005	1	0
248	2	509.6116	1	0.9509	-0.010554	3.738653e+00	5.664691e+02	1.346132e+01	1.8098	1	1
248	0	510.6945	1	0.3676	0.000000	8.735540e+00	1.882621e+03	1.346479e+01	88.7255	1	0
249	2	511.4110	2	0.6342	0.362867	3.454441e+01	3.147448e+03	4.237830e+01	80.2920	0	1
249	0	512.1774	2	0.4345	0.000000	1.951725e+01	3.392083e+03	2.662234e+01	52.5586	1	0
250	2	512.8105	4	0.9011	-0.098348	4.242715e+00	4.248639e+02	9.367430e+00	100.0000	1	1
250	0	513.8437	4	0.4515	0.000000	4.989607e+00	8.941990e+02	6.599293e+00	54.2444	1	0
251	2	514.5605	1	1.1849	-0.058906	2.207929e+00	3.193361e+02	5.841123e+00	100.0000	1	1
251	0	515.8941	1	0.3345	0.000000	6.125121e+00	1.310583e+03	1.004668e+01	94.4203	1	0
252	2	516.6108	3	0.8681	-0.232424	1.893199e+01	2.058314e+03	2.604647e+01	75.3651	0	1
252	0	517.6109	3	0.7512	0.000000	1.691916e+01	2.964819e+03	2.396300e+01	68.5856	1	0
253	2	518.4944	4	0.7346	-0.015999	3.779634e+00	3.680162e+02	5.336419e+00	2.2937	1	1
253	0	519.3779	4	0.6182	0.000000	8.654636e+00	1.603333e+03	2.202322e+01	97.9141	1	0
254	2	520.1447	2	0.4678	-0.151243	1.640456e+01	1.567990e+03	1.901135e+01	81.6688	1	1
254	0	520.8614	2	0.4012	0.000000	1.068690e+01	1.903531e+03	1.260916e+01	53.2348	1	0
255	2	521.5783	3	1.4180	-0.072067	5.609507e+00	8.088648e+02	7.976893e+00	61.3280	1	1
255	0	523.1452	3	0.6844	0.000000	6.259910e+00	1.112923e+03	1.121177e+01	78.5959	1	0
256	2	523.9619	1	0.5348	-0.017947	1.524638e+00	1.521136e+02	2.193066e+00	7.8974	1	1
256	0	524.6787	1	0.3678	0.000000	2.983981e+00	6.383259e+02	4.575677e+00	54.1159	1	0
257	1	537.9308	3	1.4885	0.042755	9.573523e+00	1.197289e+03	1.408243e+01	26.7558	1	1
257	0	539.5681	3	0.6676	0.000000	4.938434e+00	8.618902e+02	1.310506e+01	78.5834	1	0
258	1	540.3846	2	0.6342	-0.018714	2.491583e+00	2.380649e+02	3.044698e+00	43.9869	1	1
258	0	541.1509	2	0.4010	0.000000	1.015043e+01	1.805164e+03	1.109555e+01	60.4953	1	0
259	1	541.8674	1	0.5842	-0.023618	2.892553e+00	2.853251e+02	1.047067e+01	8.6121	1	1
259	0	542.5838	1	0.4009	0.000000	3.732572e+00	6.890622e+02	8.574337e+00	92.8255	1	0
260	1	543.3002	4	0.9340	-0.114471	2.047574e+01	2.141763e+03	3.740571e+01	5.0583	1	1
260	0	544.3666	4	0.3512	0.000000	7.122966e+00	1.253623e+03	2.132790e+01	56.4886	1	0
261	1	545.0829	2	0.7009	-0.159072	8.813552e+00	8.375898e+02	1.507147e+01	100.0000	0	1
261	0	545.9160	2	0.2678	0.000000	1.884300e+01	3.334724e+03	2.226728e+01	52.5657	1	0
262	1	546.5491	1	0.5177	-0.063575	7.636072e+00	7.348192e+02	1.475537e+01	14.5668	1	1
262	0	547.2655	1	0.3179	0.000000	5.272242e+00	1.180904e+03	6.603614e+00	51.3801	1	0
263	1	548.1823	4	0.6680	0.166446	3.812340e+00	4.032783e+02	1.580590e+01	100.0000	0	1
263	0	548.9992	4	0.3179	0.000000	1.649914e+01	2.898779e+03	1.782597e+01	85.2749	1	0
264	1	549.6326	3	2.2017	-0.052445	5.000302e+00	1.275668e+03	1.502786e+01	37.1893	1	1
264	0	551.9829	3	0.4511	0.000000	6.658433e+00	1.284984e+03	1.203654e+01	100.0000	1	0
265	1	552.8163	2	0.5680	-0.482713	3.536710e+01	3.177463e+03	4.416561e+01	100.0000	0	1
265	0	553.5331	2	0.4512	0.000000	2.298045e+01	4.260541e+03	3.231423e+01	48.4156	1	0
266	1	554.1666	4	0.7345	0.015999	1.259820e+01	1.241376e+03	1.670202e+01	65.9956	1	1
266	0	555.0334	4	0.2844	0.000000	7.715155e+00	1.516271e+03	9.624416e+00	51.8304	1	0
267	1	555.8168	1	0.6178	0.015150	1.727375e+00	2.127608e+02	2.795475e+00	67.5294	1	1
267	0	556.5670	1	0.3847	0.000000	1.532026e+00	3.293296e+02	2.797564e+00	56.7004	1	0
268	1	557.4837	3	0.8012	-0.142268	1.051445e+01	1.008709e+03	1.481745e+01	96.5876	1	1
268	0	558.4172	3	0.6845	0.000000	1.174810e+01	2.157259e+03	1.345508e+01	94.9407	1	0
269	1	559.2340	4	0.7012	0.069039	2.823361e+00	2.993500e+02	7.396085e+00	8.8610	1	1
269	0	560.0676	4	0.2677	0.000000	7.601204e+00	1.435603e+03	9.373557e+00	94.6475	1	0
270	1	560.7842	2	0.6179	0.156465	1.019467e+01	1.145543e+03	1.482643e+01	100.0000	1	1
270	0	561.5510	2	0.3511	0.000000	7.581511e+00	1.338466e+03	9.116821e+00	53.9358	1	0
271	1	562.2771	1	0.8511	0.102993	8.360279e+00	8.203852e+02	1.215961e+01	55.0769	1	1
271	0	563.2846	1	0.2678	0.000000	9.889722e+00	2.154829e+03	1.173938e+01	78.7853	1	0
272	1	564.0014	3	0.5178	-0.060932	6.001828e+00	5.756560e+02	1.059875e+01	21.1602	1	1
272	0	564.7181	3	0.6515	0.000000	9.512688e+00	1.727083e+03	1.523901e+01	66.5209	1	0
