Trial	Type	Onset	Target #	Time to Target	Endpoint Error	Est. Avg. Error Mag	Accum. Error x dMagProj	Max Error Mag.	Max Error Pos. (% of trajectory)	Feedback	Target (1)/Return (0)
1	1	0.5332	4	0.8179	-0.145247	1.170462e+01	1.317893e+03	2.317060e+01	10.3039	1	1
1	0	1.4835	4	0.5677	0.000000	1.258897e+01	2.417655e+03	2.136702e+01	85.2896	1	0
2	1	2.2002	1	0.4010	-0.156729	9.027219e+00	9.927309e+02	1.608224e+01	100.0000	0	1
2	0	2.9169	1	0.4013	0.000000	1.038859e+01	2.304298e+03	1.730884e+01	86.1522	1	0
3	1	3.5610	2	0.6013	-0.172300	1.288414e+01	1.264437e+03	1.714577e+01	12.8992	0	1
3	0	4.3170	2	0.3679	0.000000	1.597497e+01	3.130016e+03	1.755421e+01	52.4760	1	0
4	1	4.9506	3	0.8012	-0.148628	1.414007e+01	1.663413e+03	2.278774e+01	70.2545	1	1
4	0	5.9007	3	0.6011	0.000000	9.002431e+00	1.680864e+03	2.471239e+01	54.9173	1	0
5	1	6.6341	4	1.0180	0.037416	5.042075e+00	4.794014e+02	1.160163e+01	92.3103	1	1
5	0	7.8095	4	0.4843	0.000000	5.281580e+00	1.007595e+03	1.428028e+01	77.7816	1	0
6	1	8.5259	1	0.4181	-0.130150	8.302907e+00	8.272734e+02	1.261257e+01	100.0000	1	1
6	0	9.2424	1	0.4175	0.000000	5.984044e+00	1.288332e+03	1.368579e+01	91.2333	1	0
7	1	9.9588	3	0.9843	-0.058599	7.256528e+00	7.587142e+02	1.265776e+01	17.0677	1	1
7	0	11.0919	3	0.4675	0.000000	5.843572e+00	1.045168e+03	1.302606e+01	95.6736	1	0
8	1	11.8081	2	0.5177	-0.075771	9.808264e+00	1.054114e+03	1.484353e+01	55.1178	1	1
8	0	12.5350	2	0.3678	0.000000	9.332856e+00	1.822541e+03	1.506341e+01	88.0202	1	0
9	1	13.2519	3	0.7511	-0.068856	1.240175e+01	1.189551e+03	3.033161e+01	12.5978	1	1
9	0	14.1573	3	0.5343	0.000000	8.198124e+00	1.465175e+03	1.137307e+01	55.2926	1	0
10	1	14.8738	2	0.3675	-0.259479	1.695113e+01	1.737046e+03	2.532633e+01	100.0000	0	1
10	0	15.5902	2	0.4511	0.000000	2.207025e+01	4.174123e+03	3.879725e+01	67.6938	1	0
11	1	16.2233	4	0.6511	-0.218110	1.367813e+01	1.418993e+03	2.086357e+01	100.0000	0	1
11	0	17.0231	4	0.4675	0.000000	1.272501e+01	2.365590e+03	1.484344e+01	53.1856	1	0
12	1	17.6563	1	0.5510	0.263181	2.380362e+01	3.005661e+03	3.324539e+01	86.8365	1	1
12	0	18.3860	1	0.3043	0.000000	3.739682e+00	7.955875e+02	9.884669e+00	53.9071	1	0
13	1	19.1057	3	0.7844	-0.005333	4.223346e+00	4.099618e+02	4.999844e+00	27.9928	1	1
13	0	20.0221	3	0.4342	0.000000	4.441879e-01	7.863124e+01	2.781984e+00	95.6537	1	0
14	1	20.7385	4	0.6509	-0.284496	1.616827e+01	1.561557e+03	2.744166e+01	94.1921	1	1
14	0	21.5383	4	0.4012	0.000000	1.322379e+01	2.786936e+03	3.012121e+01	91.2000	1	0
15	1	22.2547	2	0.3015	-0.112307	5.485546e+00	5.533127e+02	1.137602e+01	100.0000	1	1
15	0	22.9710	2	0.3514	0.000000	5.723975e+00	1.089500e+03	7.822051e+00	75.9399	1	0
16	1	23.6875	1	0.6009	-0.089963	2.945767e+00	3.131117e+02	9.363318e+00	92.9818	1	1
16	0	24.4373	1	0.3675	0.000000	5.596722e+00	1.126438e+03	8.110460e+00	62.3084	1	0
17	3	37.6889	3	0.8679	0.033779	1.604151e+01	2.373211e+03	3.469473e+01	79.6073	1	1
17	0	38.6890	3	0.6346	0.000000	3.235702e+00	5.831722e+02	7.326422e+00	98.0017	1	0
18	3	39.4558	2	0.4345	0.468240	1.796686e+01	1.625513e+03	4.558206e+01	100.0000	0	1
18	0	40.1820	2	0.6513	0.000000	1.085435e+01	2.194148e+03	1.883498e+01	92.5239	1	0
19	3	40.9894	4	0.6512	0.207444	2.081495e+01	1.967079e+03	2.646817e+01	63.9181	0	1
19	0	41.7729	4	0.7678	0.000000	1.381403e+01	2.927563e+03	2.370036e+01	93.0693	1	0
20	3	42.6811	1	0.6847	0.240010	1.722054e+01	2.082621e+03	2.856000e+01	74.5409	0	1
20	0	43.5141	1	0.6012	0.000000	2.013798e+01	4.467223e+03	3.409871e+01	91.6040	1	0
21	3	44.3639	2	0.6010	0.007673	6.743512e+00	7.202261e+02	1.971793e+01	2.0864	1	1
21	0	45.0970	2	0.4345	0.000000	1.071089e+01	2.052890e+03	1.273812e+01	54.3041	1	0
22	3	45.8134	4	0.6678	0.158397	8.243573e+00	7.748874e+02	1.740294e+01	25.0649	1	1
22	0	46.6298	4	0.5177	0.000000	1.009673e+01	1.817206e+03	1.396113e+01	54.8640	1	0
23	3	47.3461	1	0.8512	0.526183	2.272435e+01	3.304217e+03	4.946624e+01	96.5252	0	1
23	0	48.3458	1	0.5343	0.000000	2.492276e+01	5.637799e+03	4.238126e+01	93.8074	1	0
24	3	49.0123	3	1.5340	0.034613	9.427740e+00	1.308533e+03	2.294481e+01	35.5885	1	1
24	0	50.6784	3	0.6177	0.000000	3.157402e+00	5.877367e+02	6.032416e+00	100.0000	1	0
25	3	51.4282	1	0.5680	0.453035	1.986552e+01	1.953820e+03	4.253625e+01	100.0000	0	1
25	0	52.1445	1	0.6842	0.000000	2.601110e+01	5.725327e+03	3.724108e+01	85.4350	1	0
26	3	52.9610	3	0.7178	0.121615	2.316190e+01	2.896448e+03	3.708028e+01	26.1997	1	1
26	0	53.8273	3	0.6012	0.000000	2.046596e+00	3.820617e+02	4.385792e+00	87.2152	1	0
27	3	54.5604	2	0.3511	0.171695	1.019018e+01	9.810003e+02	1.669073e+01	100.0000	0	1
27	0	55.2769	2	0.4344	0.000000	1.353864e+01	2.629002e+03	1.720998e+01	92.5539	1	0
28	3	55.9100	4	0.6177	0.113277	7.324987e+00	7.055698e+02	1.579622e+01	88.2811	1	1
28	0	56.6597	4	0.5512	0.000000	3.943339e+00	7.684234e+02	6.000526e+00	50.4300	1	0
29	3	57.3763	3	0.6344	0.121615	1.996886e+01	1.953775e+03	2.725239e+01	71.3004	1	1
29	0	58.1593	3	0.6180	0.000000	1.106041e+01	2.111560e+03	1.940953e+01	87.7945	1	0
30	3	58.9257	2	0.6344	0.221169	1.040766e+01	9.740146e+02	2.092823e+01	100.0000	1	1
30	0	59.6923	2	0.3513	0.000000	4.672153e+00	8.885656e+02	7.424740e+00	100.0000	1	0
31	3	60.4092	1	0.8845	0.171222	1.469368e+01	1.525543e+03	2.651939e+01	77.0150	0	1
31	0	61.4426	1	0.4010	0.000000	1.670878e+01	3.863566e+03	2.299553e+01	47.9391	1	0
32	3	62.0760	4	0.7178	0.099545	8.927965e+00	1.105893e+03	1.828652e+01	30.6603	1	1
32	0	62.9261	4	0.5345	0.000000	5.756886e+00	1.103282e+03	9.010323e+00	54.0894	1	0
33	3	63.6429	2	0.5345	0.131947	1.934206e+01	1.883971e+03	2.693486e+01	71.9541	1	1
33	0	64.3598	2	0.3344	0.000000	6.204725e+00	1.173141e+03	8.441345e+00	54.4894	1	0
34	3	65.0765	1	0.7679	0.255785	1.089283e+01	1.120632e+03	2.518573e+01	97.2310	0	1
34	0	65.9766	1	0.5845	0.000000	1.766995e+01	3.626304e+03	4.145266e+01	91.3428	1	0
35	3	66.6934	4	0.6179	0.011833	3.271271e+00	3.200390e+02	8.212613e+00	8.7072	1	1
35	0	67.4601	4	0.4512	0.000000	1.390210e+00	2.632470e+02	3.476872e+00	97.1427	1	0
36	3	68.1768	3	0.7180	0.092372	1.993773e+01	1.988259e+03	3.601307e+01	82.7882	1	1
36	0	69.0438	3	0.5511	0.000000	9.017656e+00	1.638976e+03	1.688547e+01	64.5724	1	0
37	3	69.7604	2	0.5512	-0.129248	9.233724e+00	9.179553e+02	1.388027e+01	85.8780	0	1
37	0	70.4884	2	0.3676	0.000000	2.153304e+01	4.213742e+03	3.427977e+01	57.9095	1	0
38	3	71.1216	1	0.7675	0.222847	1.300324e+01	1.528556e+03	3.162335e+01	13.3085	0	1
38	0	72.0275	1	0.5345	0.000000	1.508908e+01	3.310314e+03	3.437781e+01	94.2250	1	0
39	3	72.7110	3	0.7178	0.175041	1.029111e+01	9.766407e+02	1.917036e+01	97.5890	1	1
39	0	73.5611	3	0.6178	0.000000	5.049724e+00	9.300347e+02	2.465815e+01	55.2607	1	0
40	3	74.6279	4	0.6845	0.022059	7.233899e+00	8.094402e+02	1.129723e+01	73.0327	1	1
40	0	75.4614	4	0.5178	0.000000	2.007269e+00	3.859568e+02	3.383449e+00	78.4936	1	0
41	3	76.1865	2	0.5342	-0.002660	2.418663e+00	2.346577e+02	3.972503e+00	80.7441	1	1
41	0	76.9029	2	0.3343	0.000000	9.730101e+00	1.844197e+03	1.614849e+01	54.6403	1	0
42	3	77.6194	3	0.6841	0.196288	2.145544e+01	2.161581e+03	3.224489e+01	4.8848	1	1
42	0	78.4358	3	0.6342	0.000000	2.856739e+00	5.451483e+02	1.346218e+01	97.2645	1	0
43	3	79.2022	4	0.7841	0.037181	1.683484e+01	1.697652e+03	2.158652e+01	56.2676	1	1
43	0	80.1184	4	0.5011	0.000000	3.333794e+00	5.977788e+02	8.994829e+00	100.0000	1	0
44	3	80.8348	1	0.8842	0.055727	1.373880e+01	1.568942e+03	2.987529e+01	66.6828	1	1
44	0	81.8514	1	0.7507	0.000000	1.558812e+01	3.703870e+03	3.913477e+01	84.4742	1	0
45	3	82.7344	2	0.4009	0.675061	4.527242e+01	4.024525e+03	6.041545e+01	100.0000	0	1
45	0	83.4508	2	0.5508	0.000000	1.914336e+01	3.927299e+03	3.572754e+01	53.6684	1	0
46	3	84.1337	1	0.5178	0.364646	1.921906e+01	1.963049e+03	3.574829e+01	94.3409	0	1
46	0	84.8503	1	0.5342	0.000000	1.454836e+01	3.252133e+03	2.936894e+01	93.3195	1	0
47	3	85.5167	3	0.6508	0.081338	1.372601e+01	1.412208e+03	1.908465e+01	70.2028	1	1
47	0	86.3165	3	0.5009	0.000000	9.047453e+00	1.728423e+03	2.092885e+01	91.7618	1	0
48	3	87.0329	4	0.4845	0.067289	1.334279e+01	1.508601e+03	2.434556e+01	11.7893	1	1
48	0	87.7493	4	0.4845	0.000000	1.452501e+00	2.716354e+02	5.393567e+00	67.4361	1	0
49	3	88.4824	3	0.5345	0.058885	1.485383e+01	1.677656e+03	1.952572e+01	63.7986	1	1
49	0	89.1990	3	0.4509	0.000000	2.648371e+00	5.007639e+02	6.605223e+00	83.2707	1	0
50	3	89.9153	2	0.4845	-0.169576	8.751809e+00	1.035951e+03	2.153441e+01	16.0182	1	1
50	0	90.6317	2	0.3343	0.000000	1.681093e+01	3.232868e+03	3.639024e+01	58.7404	1	0
51	3	91.3481	4	0.6842	-0.058845	5.540871e+00	7.909504e+02	1.446286e+01	20.0398	1	1
51	0	92.1645	4	0.4345	0.000000	4.378429e+00	8.492232e+02	1.155464e+01	99.0757	1	0
52	3	92.8810	1	0.5181	0.360908	1.616366e+01	1.736818e+03	3.557499e+01	100.0000	0	1
52	0	93.5975	1	1.1347	0.000000	1.761153e+01	4.817484e+03	3.564055e+01	77.2708	1	0
53	3	94.9643	4	0.6683	0.070646	8.068925e+00	8.941962e+02	1.232176e+01	76.7419	1	1
53	0	95.7811	4	0.5179	0.000000	4.952900e+00	8.865179e+02	6.968103e+00	61.6547	1	0
54	3	96.4980	3	0.6344	0.250590	1.511793e+01	1.453013e+03	2.577318e+01	98.0341	1	1
54	0	97.2647	3	0.6348	0.000000	6.847089e+00	1.275968e+03	2.079858e+01	72.6074	1	0
55	3	98.0482	2	0.5011	-0.103026	2.411694e+00	2.343510e+02	1.004693e+01	100.0000	1	1
55	0	98.7650	2	0.3512	0.000000	6.762085e+00	1.306866e+03	9.220313e+00	53.0984	1	0
56	3	99.4818	1	0.6511	0.205739	1.006592e+01	1.122196e+03	2.006128e+01	100.0000	0	1
56	0	100.2652	1	0.4511	0.000000	1.486272e+01	3.021828e+03	2.679120e+01	97.5287	1	0
57	3	100.8987	3	0.6512	0.080422	6.514196e+00	6.757027e+02	1.384437e+01	11.9338	1	1
57	0	101.6820	3	0.4346	0.000000	5.562251e+00	1.015412e+03	1.541006e+01	68.2082	1	0
58	3	102.3989	4	0.5511	0.082123	2.426560e+01	3.053278e+03	4.288318e+01	25.2775	1	1
58	0	103.1156	4	0.3846	0.000000	2.366690e+00	4.778402e+02	1.512355e+01	100.0000	1	0
59	3	103.8491	1	0.5177	0.186806	1.303251e+01	1.269765e+03	2.618324e+01	4.3314	1	1
59	0	104.5603	1	0.6177	0.000000	1.419093e+01	3.470031e+03	3.349262e+01	89.6502	1	0
60	3	105.3159	2	0.3512	0.776755	5.163272e+01	4.082700e+03	7.168811e+01	100.0000	0	1
60	0	106.0327	2	0.3012	0.000000	2.040696e+01	4.144174e+03	3.546093e+01	54.2593	1	0
61	3	106.6661	3	0.6850	0.204250	8.157109e+00	8.116527e+02	2.370762e+01	97.6650	1	1
61	0	107.4830	3	0.3511	0.000000	6.978256e+00	1.300784e+03	1.980059e+01	85.9593	1	0
62	3	108.2091	4	0.4678	0.161055	1.769842e+01	2.799799e+03	2.260596e+01	24.9684	1	1
62	0	108.9255	4	0.3010	0.000000	1.638088e+00	2.942943e+02	5.055989e+00	100.0000	1	0
63	3	109.6420	2	0.2508	0.188476	8.126071e+00	8.711561e+02	1.916154e+01	100.0000	1	1
63	0	110.3584	2	0.1179	0.000000	3.652636e+00	3.699428e+02	6.426039e+00	100.0000	1	0
64	3	111.0747	1	0.5845	0.483012	2.906253e+01	5.582376e+03	5.020538e+01	90.6184	0	1
64	0	111.8003	1	0.3182	0.000000	2.522480e+01	5.740019e+03	4.000278e+01	47.8534	1	0
65	1	125.4533	2	0.6009	-0.491304	3.343334e+01	2.903908e+03	4.620824e+01	100.0000	0	1
65	0	126.1863	2	0.4507	0.000000	8.639093e+00	1.709909e+03	2.045976e+01	53.5490	1	0
66	1	126.8189	3	0.6343	-0.055793	6.070999e+00	5.945924e+02	1.009992e+01	86.2723	1	1
66	0	127.5855	3	0.5181	0.000000	3.890209e+00	7.005376e+02	5.334777e+00	55.1588	1	0
67	1	128.3023	1	0.4678	-0.168597	9.359093e+00	8.865460e+02	1.605094e+01	100.0000	1	1
67	0	129.0191	1	0.3181	0.000000	5.538695e+00	1.225956e+03	1.364034e+01	53.3412	1	0
68	1	129.7363	4	1.1349	-0.058444	9.475515e+00	1.292602e+03	1.309743e+01	72.3432	1	1
68	0	131.0199	4	0.4177	0.000000	8.287582e+00	1.509061e+03	1.392960e+01	84.8813	1	0
69	1	131.7367	3	0.6846	0.045423	1.393857e+01	1.482739e+03	2.697807e+01	79.5498	1	1
69	0	132.5534	3	0.4179	0.000000	5.084699e+00	9.086367e+02	1.593995e+01	93.4912	1	0
70	1	133.2703	4	0.5517	-0.345833	1.443201e+01	1.677488e+03	3.302903e+01	100.0000	0	1
70	0	133.9871	4	0.5846	0.000000	1.929839e+01	3.742550e+03	2.392182e+01	48.7051	1	0
71	1	134.7205	1	0.5012	0.065282	3.840913e+00	4.078517e+02	6.854253e+00	100.0000	1	1
71	0	135.4373	1	0.2678	0.000000	3.598273e+00	8.021748e+02	1.040136e+01	89.0665	1	0
72	1	136.1542	2	0.5011	0.002653	1.307170e+01	1.322226e+03	2.585375e+01	9.3681	1	1
72	0	136.8876	2	0.9678	0.000000	1.216295e+01	2.577429e+03	2.086106e+01	98.2053	1	0
73	1	137.9876	1	0.5680	-0.094703	1.454513e+00	1.401859e+02	9.117474e+00	100.0000	1	1
73	0	138.7045	1	0.3511	0.000000	3.323356e+00	7.006381e+02	9.362765e+00	63.8298	1	0
74	1	139.4213	3	0.9678	-0.103903	9.223403e+00	9.329342e+02	1.513708e+01	72.6292	1	1
74	0	140.5214	3	0.5179	0.000000	8.710688e+00	1.685055e+03	1.554415e+01	60.1037	1	0
75	1	141.2382	4	0.7180	-0.034653	1.581206e+01	1.520280e+03	3.066083e+01	83.5556	1	1
75	0	142.1049	4	0.4179	0.000000	4.906193e+00	9.118674e+02	1.337712e+01	77.2867	1	0
76	1	142.8307	2	0.4513	-0.235151	1.557300e+01	1.610306e+03	2.537362e+01	91.1779	1	1
76	0	143.5473	2	0.4842	0.000000	1.372359e+01	2.914041e+03	2.111393e+01	98.8162	1	0
77	1	144.2637	3	0.8505	-0.034653	1.187316e+01	1.236836e+03	2.771860e+01	76.4737	1	1
77	0	145.2628	3	0.4011	0.000000	6.570049e+00	1.291549e+03	1.896871e+01	100.0000	1	0
78	1	145.9791	1	0.5675	-0.048091	6.060425e+00	7.546431e+02	1.691837e+01	17.4200	1	1
78	0	146.7051	1	0.2677	0.000000	1.299481e+00	2.761647e+02	4.413167e+00	100.0000	1	0
79	1	147.4218	2	0.5019	0.010638	7.855254e+00	7.628401e+02	2.377332e+01	8.1924	1	1
79	0	148.1391	2	0.2846	0.000000	4.205686e+00	8.115114e+02	8.777338e+00	100.0000	1	0
80	1	148.8621	4	0.6675	-0.172078	8.579192e+00	9.839922e+02	2.251694e+01	15.4325	1	1
80	0	150.0782	4	0.5672	0.000000	1.228619e+01	2.376611e+03	3.001173e+01	88.0021	1	0
81	3	163.3415	2	0.8013	0.708045	4.966432e+01	4.867693e+03	6.651136e+01	100.0000	0	1
81	0	164.2916	2	0.6345	0.000000	3.646413e+01	7.590301e+03	5.695981e+01	42.2689	1	0
82	3	165.0585	1	0.4178	0.494506	2.598238e+01	2.358343e+03	4.563936e+01	100.0000	0	1
82	0	165.7752	1	0.5678	0.000000	2.195609e+01	4.913631e+03	4.389215e+01	94.5781	1	0
83	3	166.4753	3	0.7011	-0.006959	1.748171e+01	1.841427e+03	3.353303e+01	76.1294	1	1
83	0	167.3088	3	0.5512	0.000000	7.471665e+00	1.325062e+03	2.177527e+01	65.2697	1	0
84	3	168.0256	4	0.5180	0.265761	2.336928e+01	2.293298e+03	3.167846e+01	62.1819	0	1
84	0	168.7423	4	0.6346	0.000000	1.029864e+01	2.138008e+03	2.032272e+01	99.2996	1	0
85	3	169.5925	1	0.7345	0.206656	1.628192e+01	1.816578e+03	2.562111e+01	71.4631	1	1
85	0	170.4593	1	0.4679	0.000000	1.272529e+01	2.559616e+03	3.528744e+01	92.7744	1	0
86	3	171.1761	2	0.4012	0.932996	6.250166e+01	4.892772e+03	8.196016e+01	100.0000	0	1
86	0	171.8929	2	0.6344	0.000000	1.234712e+01	2.681175e+03	3.546093e+01	52.9360	1	0
87	3	172.6596	4	0.6346	0.157125	8.806771e+00	9.033204e+02	1.861398e+01	87.7672	1	1
87	0	173.4264	4	0.4678	0.000000	9.222545e+00	1.758945e+03	1.278893e+01	51.9914	1	0
88	3	174.1432	3	0.6679	-0.041225	1.767058e+01	1.699582e+03	2.697237e+01	69.1342	1	1
88	0	174.9600	3	0.5345	0.000000	5.416722e+00	9.495855e+02	1.468729e+01	95.1363	1	0
89	3	175.6863	4	0.5345	0.136806	8.383064e+00	9.320415e+02	1.463258e+01	7.8627	1	1
89	0	176.4028	4	0.4009	0.000000	7.467849e+00	1.409499e+03	1.065586e+01	67.4657	1	0
90	3	177.1193	1	0.6344	0.510025	3.307677e+01	3.596910e+03	5.489612e+01	100.0000	0	1
90	0	177.9024	1	0.6178	0.000000	2.366879e+01	5.559101e+03	3.410885e+01	47.3224	1	0
91	3	178.6687	3	0.7009	0.150912	4.185487e+00	4.564039e+02	1.660305e+01	96.3469	1	1
91	0	179.5184	3	0.4675	0.000000	5.113167e+00	9.929711e+02	2.021468e+01	96.4319	1	0
92	3	180.2442	2	0.5012	-0.049726	6.409244e+00	6.601428e+02	1.421875e+01	4.7237	1	1
92	0	180.9609	2	0.2683	0.000000	5.638946e+00	1.073377e+03	1.196086e+01	100.0000	1	0
93	3	181.6777	4	0.6680	0.234299	7.899302e+00	7.540386e+02	2.262097e+01	100.0000	0	1
93	0	182.4841	4	0.5342	0.000000	3.752750e+01	7.319915e+03	6.735116e+01	57.6558	1	0
94	3	183.1505	1	0.5179	0.482559	2.325460e+01	2.775933e+03	4.887483e+01	100.0000	0	1
94	0	183.8669	1	0.4676	0.000000	1.426407e+01	3.139409e+03	2.330124e+01	96.5385	1	0
95	3	184.5115	3	0.7510	-0.058889	1.314271e+01	1.261757e+03	2.418494e+01	63.5573	1	1
95	0	185.3998	3	0.4513	0.000000	1.268762e+01	2.374140e+03	1.543569e+01	63.5024	1	0
96	3	186.1163	2	0.3343	0.072023	5.912281e+00	6.042111e+02	1.327457e+01	12.6695	1	1
96	0	186.8327	2	0.3343	0.000000	7.072081e+00	1.352590e+03	9.173158e+00	54.1917	1	0
97	3	187.5492	1	0.5174	0.394549	1.803074e+01	1.779758e+03	3.843166e+01	100.0000	0	1
97	0	188.2654	1	0.4015	0.000000	2.274775e+01	4.866309e+03	3.500920e+01	51.5753	1	0
98	3	188.9121	4	0.3714	0.350660	2.372253e+01	2.462260e+03	3.453291e+01	85.2140	0	1
98	0	189.6318	4	0.5508	0.000000	7.095380e+01	1.403704e+04	1.154988e+02	69.9893	1	0
99	3	190.3314	3	0.6176	0.073839	1.350209e+01	1.546910e+03	2.406595e+01	81.1339	1	1
99	0	191.0812	3	0.3680	0.000000	1.076731e+01	2.003145e+03	1.680903e+01	54.6332	1	0
100	3	191.7977	2	0.4675	0.060991	4.679421e+00	4.574747e+02	1.022581e+01	13.2927	1	1
100	0	192.5140	2	0.2512	0.000000	1.008037e+01	1.908995e+03	1.206110e+01	55.4512	1	0
101	3	193.2305	4	0.6347	1.497218	5.081275e+01	7.505776e+03	1.078288e+02	100.0000	0	1
101	0	194.0136	4	0.5176	0.000000	5.225957e+01	5.593412e+03	1.157741e+02	9.9432	1	0
102	3	194.6801	1	0.4345	0.318110	1.601132e+01	1.849217e+03	3.397645e+01	100.0000	0	1
102	0	195.3966	1	0.5177	0.000000	1.662864e+01	3.822339e+03	3.441801e+01	95.2427	1	0
103	3	196.0633	2	0.4849	0.045474	4.780776e+00	5.132311e+02	7.892650e+00	71.4619	1	1
103	0	196.7800	2	0.2178	0.000000	9.969874e+00	1.897846e+03	1.547983e+01	92.5599	1	0
104	3	197.4968	3	0.6679	0.292216	2.418551e+01	3.375630e+03	4.119440e+01	19.1422	1	1
104	0	198.3136	3	0.6844	0.000000	1.131485e+01	2.277500e+03	1.748461e+01	98.5273	1	0
105	3	199.1303	4	0.6681	-0.085728	1.178530e+01	1.265181e+03	1.732443e+01	66.8910	1	1
105	0	199.9472	4	0.4511	0.000000	7.873578e+00	1.638585e+03	2.468728e+01	98.1540	1	0
106	3	200.6639	2	0.5850	0.018053	2.966679e+00	2.895741e+02	7.305339e+00	95.0300	1	1
106	0	201.3974	2	0.2678	0.000000	2.812582e+00	5.522982e+02	5.116556e+00	69.0000	1	0
107	3	202.1141	3	0.8346	-0.006617	7.397534e+00	9.895768e+02	1.841270e+01	19.3490	1	1
107	0	203.0810	3	0.4678	0.000000	5.361305e+00	9.827069e+02	1.530165e+01	89.1246	1	0
108	3	203.7977	1	0.5178	0.374584	2.028461e+01	1.938927e+03	3.658142e+01	100.0000	0	1
108	0	204.5145	1	0.3512	0.000000	2.439532e+01	5.420892e+03	3.387787e+01	50.0503	1	0
109	3	205.3481	2	0.5511	-0.120327	5.042999e+00	5.044381e+02	1.299750e+01	93.6440	1	1
109	0	206.0647	2	0.3518	0.000000	5.348992e+00	1.034522e+03	6.735723e+00	91.3626	1	0
110	3	206.7926	1	0.5679	0.321277	1.494139e+01	1.498849e+03	3.133068e+01	100.0000	0	1
110	0	207.5149	1	0.3512	0.000000	1.672910e+01	3.549398e+03	2.388676e+01	64.3711	1	0
111	3	208.2485	3	1.2345	0.001865	5.020102e+00	5.876977e+02	1.622825e+01	95.0480	1	1
111	0	209.6320	3	0.5011	0.000000	1.272250e+00	2.265316e+02	3.445640e+00	86.3946	1	0
112	3	210.3581	4	0.6346	0.000245	4.786452e+00	4.955182e+02	7.957601e+00	68.0720	1	1
112	0	211.1489	4	0.5010	0.000000	3.336038e+00	6.310878e+02	8.339741e+00	93.7862	1	0
113	3	211.8657	1	0.7679	0.183217	8.026742e+00	8.789767e+02	2.147057e+01	90.4767	1	1
113	0	212.7659	1	0.4344	0.000000	1.251357e+01	2.915853e+03	3.114402e+01	94.0800	1	0
114	3	213.4904	4	1.0173	0.024805	5.072422e+00	6.706448e+02	1.550770e+01	17.4407	1	1
114	0	214.6400	4	0.4675	0.000000	2.242261e+00	4.586993e+02	3.086116e+00	48.8502	1	0
115	3	215.3662	2	0.5011	0.023158	2.109833e+00	2.080488e+02	5.507989e+00	3.9245	1	1
115	0	216.0830	2	0.2677	0.000000	9.059507e+00	1.742423e+03	1.158124e+01	53.8969	1	0
116	3	216.7997	3	0.8179	0.049313	1.718817e+01	1.881786e+03	2.888059e+01	7.6605	1	1
116	0	217.7723	3	0.5841	0.000000	7.452665e+00	1.384321e+03	1.937781e+01	83.6157	1	0
117	3	218.5054	1	0.4008	0.294869	2.053842e+01	1.952998e+03	2.953258e+01	85.0219	0	1
117	0	219.2217	1	0.6514	0.000000	1.759430e+01	4.277293e+03	2.578610e+01	92.9759	1	0
118	3	220.0215	2	0.3513	0.313584	2.214660e+01	2.183452e+03	2.982076e+01	100.0000	0	1
118	0	220.7380	2	0.3844	0.000000	3.972828e+00	7.646841e+02	2.193391e+01	55.1132	1	0
119	3	221.3838	4	0.6717	0.161617	1.338004e+01	1.301182e+03	1.710973e+01	88.7630	1	1
119	0	222.1875	4	0.2844	0.000000	8.245250e+00	1.607586e+03	1.141007e+01	53.8331	1	0
120	3	222.9039	3	0.6342	0.333907	7.820147e+00	7.494371e+02	3.126649e+01	100.0000	0	1
120	0	223.6869	3	0.6509	0.000000	1.228238e+01	2.221582e+03	1.923522e+01	52.8092	1	0
121	3	224.4700	1	0.6676	0.175457	8.222092e+00	9.106723e+02	1.700830e+01	100.0000	0	1
121	0	225.2864	1	0.4013	0.000000	1.827624e+01	4.193906e+03	2.665389e+01	95.6730	1	0
122	3	226.0361	4	0.6179	0.026083	5.206330e+00	5.344984e+02	9.704120e+00	82.6072	1	1
122	0	226.8026	4	0.4843	0.000000	2.279574e+00	4.268252e+02	4.837529e+00	74.6708	1	0
123	3	227.5189	2	0.4843	0.006604	1.233027e+00	1.259271e+02	3.052417e+00	68.0515	1	1
123	0	228.2354	2	0.3342	0.000000	1.002761e+01	1.925159e+03	1.123307e+01	80.8925	1	0
124	3	228.9520	3	0.6508	0.191457	1.946207e+01	2.216356e+03	3.305303e+01	81.5911	1	1
124	0	229.7350	3	0.5680	0.000000	5.382251e+00	9.878854e+02	1.223686e+01	80.9126	1	0
125	3	230.4519	1	0.6678	0.182243	1.109869e+01	1.153369e+03	1.862036e+01	78.0526	0	1
125	0	231.2520	1	0.5512	0.000000	2.022025e+01	4.842286e+03	3.674353e+01	88.5830	1	0
126	3	231.9520	2	0.3679	0.378786	2.635054e+01	2.562018e+03	3.612538e+01	100.0000	0	1
126	0	232.6688	2	0.3345	0.000000	1.541204e+01	3.030970e+03	3.159912e+01	55.5661	1	0
127	3	233.3023	4	1.2680	0.068408	7.430169e+00	1.106157e+03	1.150112e+01	49.7870	1	1
127	0	234.7191	4	0.4511	0.000000	4.560797e+00	8.387013e+02	5.605596e+00	55.3916	1	0
128	3	235.4359	3	0.7346	0.194666	1.282233e+01	1.338170e+03	1.845425e+01	100.0000	1	1
128	0	236.3193	3	0.5347	0.000000	4.156006e+00	7.503569e+02	1.473187e+01	54.3573	1	0
129	1	249.5714	3	1.0013	-0.332142	1.815177e+01	3.833868e+03	3.410892e+01	89.2069	0	1
129	0	250.7111	3	0.8177	0.000000	1.770170e+01	3.395271e+03	2.828383e+01	81.2991	1	0
130	1	251.6608	2	0.4513	-0.287281	1.394193e+01	1.600321e+03	2.854532e+01	100.0000	0	1
130	0	252.3774	2	0.4678	0.000000	2.038252e+01	3.991491e+03	3.668725e+01	55.0551	1	0
131	1	253.0220	1	0.5679	-0.085864	6.750898e+00	8.523299e+02	9.502646e+00	10.4718	1	1
131	0	253.7435	1	0.3176	0.000000	6.402703e+00	1.388493e+03	7.668190e+00	89.6781	1	0
132	1	254.4599	4	1.1504	-0.088541	1.896729e+01	2.150588e+03	2.540754e+01	90.6834	1	1
132	0	255.7588	4	0.4847	0.000000	1.255299e+01	2.333550e+03	1.621608e+01	84.2296	1	0
133	1	256.4754	2	0.6012	-0.083773	5.326071e+00	5.414822e+02	8.365862e+00	100.0000	1	1
133	0	257.2251	2	0.3180	0.000000	7.316098e+00	1.416821e+03	8.787696e+00	100.0000	1	0
134	1	257.9416	1	0.8176	-0.091118	4.629004e+00	7.058418e+02	1.108940e+01	87.4288	1	1
134	0	258.8912	1	0.3344	0.000000	6.297310e+00	1.335432e+03	9.633034e+00	54.6726	1	0
135	1	259.6082	4	1.1170	-0.049568	2.371183e+01	2.589818e+03	3.081393e+01	87.5276	1	1
135	0	260.8572	4	0.6012	0.000000	1.177194e+01	2.388409e+03	2.772527e+01	97.9395	1	0
136	1	261.5903	3	0.8353	0.050623	8.568732e+00	8.800391e+02	1.600293e+01	7.1920	1	1
136	0	262.5731	3	0.4846	0.000000	5.296401e+00	1.021595e+03	1.618883e+01	95.2906	1	0
137	1	263.2898	2	0.4347	-0.039043	1.527906e+01	1.586585e+03	2.422782e+01	62.6244	1	1
137	0	264.0065	2	0.2177	0.000000	6.135358e+00	1.207336e+03	1.442582e+01	93.1755	1	0
138	1	264.7238	4	0.5348	-0.296816	2.027622e+01	1.885640e+03	2.797705e+01	100.0000	0	1
138	0	265.4406	4	0.5344	0.000000	2.044515e+01	3.468364e+03	3.384793e+01	56.6591	1	0
139	1	266.1073	1	0.5012	-0.081827	4.027635e+00	5.203043e+02	7.860109e+00	100.0000	1	1
139	0	266.8241	1	0.3511	0.000000	8.156880e+00	1.608543e+03	1.106793e+01	70.6956	1	0
140	1	267.5407	3	0.9181	-0.002674	4.952702e+00	4.722576e+02	1.052396e+01	10.8465	1	1
140	0	268.6077	3	0.4511	0.000000	3.708306e+00	6.565202e+02	5.334495e+00	55.5351	1	0
141	1	269.3245	4	0.6344	-0.243135	1.221260e+01	1.192071e+03	2.345746e+01	100.0000	0	1
141	0	270.0913	4	0.5011	0.000000	2.090213e+01	4.040339e+03	2.741765e+01	50.4891	1	0
142	1	270.7413	2	0.5514	-0.014924	6.539934e+00	6.696809e+02	1.407871e+01	55.8560	1	1
142	0	271.4582	2	0.3677	0.000000	9.820442e+00	1.934948e+03	1.562985e+01	87.9671	1	0
143	1	272.1749	1	0.7345	-0.051501	9.030835e+00	1.620076e+03	2.188044e+01	26.5295	1	1
143	0	273.0417	1	0.3178	0.000000	3.967340e+00	7.993094e+02	7.813941e+00	95.3971	1	0
144	1	273.7585	3	0.6345	0.050355	1.390899e+01	1.347739e+03	2.277075e+01	74.3939	1	1
144	0	274.5252	3	0.4345	0.000000	6.833155e+00	1.213724e+03	2.584281e+01	76.1079	1	0
145	3	287.9273	1	0.6512	0.292508	1.365824e+01	1.293654e+03	2.894073e+01	94.1354	0	1
145	0	288.7150	1	0.4679	0.000000	1.503959e+01	2.907679e+03	2.207885e+01	51.6504	1	0
146	3	289.3481	2	0.5674	0.272776	1.816296e+01	1.942383e+03	2.949271e+01	91.9922	1	1
146	0	290.0640	2	0.5675	0.000000	1.295997e+01	2.761760e+03	2.744742e+01	97.8866	1	0
147	3	290.7804	4	0.6509	0.248751	2.897733e+01	2.923347e+03	4.008375e+01	64.1478	0	1
147	0	291.5637	4	0.5508	0.000000	1.455991e+01	2.715223e+03	2.063725e+01	51.6214	1	0
148	3	292.2466	3	0.6512	0.064193	1.445701e+01	1.531509e+03	2.723868e+01	76.7107	1	1
148	0	293.0463	3	0.5178	0.000000	6.734647e+00	1.230444e+03	1.034078e+01	54.7093	1	0
149	3	293.7627	4	0.5345	0.221926	2.182634e+01	2.173453e+03	2.833117e+01	70.8134	1	1
149	0	294.4793	4	0.4841	0.000000	7.547947e+00	1.376503e+03	1.050598e+01	100.0000	1	0
150	3	295.1956	1	0.5342	0.442835	3.018282e+01	3.591986e+03	5.895584e+01	15.7140	0	1
150	0	295.9287	1	0.5845	0.000000	2.492788e+01	5.587605e+03	4.442316e+01	93.3949	1	0
151	3	296.6451	3	0.6508	0.062070	1.555516e+01	1.648622e+03	2.659365e+01	68.1538	1	1
151	0	297.4282	3	0.4511	0.000000	4.575987e+00	8.368680e+02	1.018658e+01	84.8607	1	0
152	3	298.1450	2	0.3681	0.203428	8.279237e+00	7.838762e+02	1.964711e+01	97.7781	1	1
152	0	298.8618	2	0.2681	0.000000	1.233647e+01	2.350756e+03	1.456912e+01	54.6443	1	0
153	3	299.5791	3	0.7679	0.043075	1.835547e+01	1.873170e+03	4.015523e+01	5.9842	1	1
153	0	300.4959	3	0.5846	0.000000	7.184848e+00	1.348740e+03	1.586301e+01	100.0000	1	0
154	3	301.2128	2	0.5344	0.009060	9.692430e+00	9.895381e+02	1.552532e+01	79.7519	1	1
154	0	301.9294	2	0.5178	0.000000	9.044975e+00	1.703162e+03	1.539746e+01	54.7865	1	0
155	3	302.6464	1	0.9510	0.335140	1.508794e+01	2.733775e+03	3.246537e+01	100.0000	0	1
155	0	303.7298	1	0.5677	0.000000	2.314667e+01	5.334550e+03	3.527164e+01	47.0251	1	0
156	3	304.4299	4	0.4179	0.173152	1.029466e+01	1.032407e+03	1.811712e+01	89.1503	1	1
156	0	305.1467	4	0.5178	0.000000	2.775427e+00	5.374554e+02	8.746106e+00	100.0000	1	0
157	3	305.8636	2	0.5344	-0.002982	2.471219e+00	2.380733e+02	4.915452e+00	15.5572	1	1
157	0	306.5802	2	0.2678	0.000000	5.723893e+00	1.086998e+03	6.377042e+00	54.9785	1	0
158	3	307.3136	1	0.9012	0.464699	2.175696e+01	5.307928e+03	4.640276e+01	100.0000	0	1
158	0	308.3471	1	0.3514	0.000000	2.886603e+01	6.059374e+03	5.070125e+01	49.5722	1	0
159	3	308.9973	4	0.5177	0.139870	1.208472e+01	1.478207e+03	1.896756e+01	72.1680	1	1
159	0	309.7079	4	0.3510	0.000000	5.338454e+00	1.052812e+03	7.684377e+00	53.6514	1	0
160	3	310.4244	3	0.6178	0.246690	2.244925e+01	2.165051e+03	3.050742e+01	84.1774	1	1
160	0	311.1976	3	0.5346	0.000000	6.490580e+00	1.295550e+03	2.426393e+01	52.7414	1	0
161	3	311.9144	4	0.4345	0.154116	1.225462e+01	1.406124e+03	1.540767e+01	91.5816	1	1
161	0	312.6311	4	0.3177	0.000000	2.686672e+00	5.002901e+02	3.656697e+00	54.3394	1	0
162	3	313.3478	3	0.6012	0.101412	1.087270e+01	1.120665e+03	2.146350e+01	10.2017	1	1
162	0	314.0980	3	0.4511	0.000000	6.818940e+00	1.264653e+03	1.044805e+01	82.3770	1	0
163	3	314.8231	1	0.6340	0.196332	7.622966e+00	7.347911e+02	1.885835e+01	100.0000	0	1
163	0	315.5893	1	0.4512	0.000000	1.209689e+01	2.604107e+03	2.021906e+01	51.8639	1	0
164	3	316.2317	2	0.5511	0.134118	9.805997e+00	1.172699e+03	1.473155e+01	92.9907	1	1
164	0	316.9484	2	0.2346	0.000000	5.289565e+00	1.045365e+03	7.005374e+00	52.9359	1	0
165	3	317.6653	3	0.8011	0.192355	9.250063e+00	8.844304e+02	3.555453e+01	83.1641	1	1
165	0	318.6050	3	0.4515	0.000000	6.357595e+00	1.252895e+03	1.274744e+01	97.7446	1	0
166	3	319.3215	2	0.6334	0.002461	1.034426e+01	1.015094e+03	2.615040e+01	16.4923	1	1
166	0	320.0872	2	0.2681	0.000000	1.142460e+01	2.174415e+03	1.303977e+01	54.3942	1	0
167	3	320.8037	4	0.4344	0.095006	4.894569e+00	4.773774e+02	9.243111e+00	100.0000	1	1
167	0	321.5202	4	0.4351	0.000000	1.899851e+00	3.684177e+02	7.088584e+00	100.0000	1	0
168	3	322.2492	1	0.7512	0.238988	2.243373e+01	5.059467e+03	4.560231e+01	29.2403	0	1
168	0	323.1368	1	0.4676	0.000000	2.669013e+01	6.349738e+03	3.535479e+01	90.9502	1	0
169	3	323.7699	2	0.3845	0.143092	9.221922e+00	8.824011e+02	1.378604e+01	100.0000	1	1
169	0	324.4862	2	0.2843	0.000000	8.971539e+00	1.772547e+03	1.470814e+01	52.8342	1	0
170	3	325.2028	3	0.7345	-0.045187	1.566979e+01	1.598098e+03	3.346143e+01	4.6650	1	1
170	0	326.0858	3	0.4179	0.000000	8.708389e+00	1.558993e+03	1.962968e+01	79.5233	1	0
171	3	326.8017	4	0.5175	0.114618	1.039982e+01	1.263942e+03	1.411371e+01	82.7078	1	1
171	0	327.5181	4	0.3176	0.000000	3.110999e+00	5.701590e+02	4.368943e+00	55.3346	1	0
172	3	328.2346	1	0.6016	0.411253	2.020491e+01	2.668918e+03	4.003687e+01	6.7567	0	1
172	0	328.9848	1	0.7675	0.000000	2.175405e+01	5.678323e+03	3.647945e+01	86.2099	1	0
173	3	329.9006	3	0.7508	0.015143	2.676351e+00	3.280831e+02	1.078252e+01	14.3671	1	1
173	0	330.7837	3	0.3508	0.000000	2.217384e+00	3.983482e+02	7.222675e+00	86.3153	1	0
174	3	331.5002	4	0.4184	0.340301	4.580729e+01	6.107032e+03	5.642645e+01	21.3364	0	1
174	0	332.2174	4	0.5512	0.000000	7.443336e+00	1.480232e+03	1.029019e+01	100.0000	1	0
175	3	333.2843	1	0.7179	0.089164	8.370149e+00	9.007476e+02	1.615774e+01	91.7457	1	1
175	0	334.1511	1	0.4511	0.000000	9.444651e+00	1.921659e+03	1.516642e+01	53.2459	1	0
176	3	334.8678	2	0.6012	0.118098	1.631584e+01	2.039120e+03	2.997068e+01	12.8738	0	1
176	0	335.6180	2	0.3178	0.000000	1.288756e+01	2.433448e+03	2.103818e+01	54.5332	1	0
177	3	336.2514	4	0.7183	-0.005611	4.252158e+00	4.329272e+02	1.001054e+01	82.1419	1	1
177	0	337.1183	4	0.4178	0.000000	1.391406e+00	2.539322e+02	5.522756e+00	97.9869	1	0
178	3	337.8350	1	0.6012	0.523599	2.241031e+01	2.389847e+03	4.795499e+01	100.0000	0	1
178	0	338.5850	1	0.6347	0.000000	2.767187e+01	5.774710e+03	4.087078e+01	92.2421	1	0
179	3	339.3519	2	0.6011	0.101727	6.715955e+00	6.578637e+02	9.843203e+00	100.0000	1	1
179	0	340.0854	2	0.2344	0.000000	6.904431e+00	1.379275e+03	1.357885e+01	94.0866	1	0
180	3	340.8021	3	0.5845	-0.075975	5.872595e+00	5.853815e+02	1.021842e+01	68.3244	1	1
180	0	341.5189	3	0.4010	0.000000	5.490623e+00	9.825839e+02	1.237799e+01	64.3621	1	0
181	3	342.2470	4	0.4676	0.079077	1.427264e+01	1.563690e+03	1.708439e+01	81.5982	1	1
181	0	342.9634	4	0.3344	0.000000	1.847285e+00	3.564695e+02	5.833516e+00	100.0000	1	0
182	3	343.6799	3	0.6511	0.002754	3.465226e+00	3.460311e+02	1.090839e+01	84.7100	1	1
182	0	344.4861	3	0.4011	0.000000	3.787099e+00	7.303285e+02	1.310991e+01	75.7391	1	0
183	3	345.2027	1	0.6013	0.184570	2.028782e+01	2.676225e+03	9.323574e+01	14.6811	1	1
183	0	345.9529	1	0.3512	0.000000	5.268020e+00	1.159889e+03	1.415555e+01	71.3194	1	0
184	3	346.6696	2	0.3678	0.489491	3.403210e+01	3.151762e+03	4.557312e+01	100.0000	0	1
184	0	347.3953	2	0.3842	0.000000	2.480228e+01	5.125034e+03	3.812270e+01	54.3256	1	0
185	3	348.0284	3	0.7342	0.001865	2.055877e+01	2.227826e+03	4.193008e+01	8.7529	1	1
185	0	348.9114	3	0.3848	0.000000	8.059899e+00	1.425303e+03	2.074405e+01	71.6612	1	0
186	3	349.6368	1	0.7845	0.116852	1.055603e+01	1.207662e+03	5.547019e+01	14.3915	1	1
186	0	350.5608	1	0.4845	0.000000	1.257545e+01	2.540714e+03	2.905254e+01	94.1095	1	0
187	3	351.2774	2	0.5675	-0.190789	1.162288e+01	1.194513e+03	1.852549e+01	100.0000	0	1
187	0	351.9937	2	0.3676	0.000000	2.073868e+01	4.318611e+03	3.559412e+01	52.8934	1	0
188	3	352.6268	4	0.5009	0.075739	6.323865e+00	6.144082e+02	9.550050e+00	82.9489	1	1
188	0	353.3540	4	0.4346	0.000000	1.386078e+00	2.869386e+02	3.988524e+00	77.3567	1	0
189	3	354.0708	2	0.5179	-0.081000	3.101057e+00	3.193633e+02	7.967390e+00	92.0630	0	1
189	0	354.7876	2	0.3513	0.000000	1.131507e+01	2.162021e+03	1.773305e+01	53.9292	1	0
190	3	355.4258	3	0.6510	0.050397	2.816848e+00	2.938859e+02	2.275370e+01	4.0916	1	1
190	0	356.2090	3	0.4009	0.000000	5.370795e+00	9.779219e+02	7.494430e+00	54.4750	1	0
191	3	356.9254	1	0.4343	0.173372	1.889824e+01	1.827979e+03	2.802630e+01	42.3182	0	1
191	0	357.6419	1	0.4346	0.000000	1.536842e+01	3.400263e+03	2.156699e+01	51.4018	1	0
192	3	358.2915	4	0.6342	0.130106	7.063275e+00	7.480325e+02	1.264134e+01	100.0000	1	1
192	0	359.0580	4	0.3511	0.000000	8.547804e+00	1.689288e+03	1.254189e+01	100.0000	1	0
193	1	372.3236	3	0.7345	-0.314533	7.270396e+00	8.706182e+02	2.951452e+01	100.0000	0	1
193	0	373.2071	3	0.5511	0.000000	2.463064e+01	4.862882e+03	3.271417e+01	92.3728	1	0
194	1	373.8905	2	0.3512	-0.383985	2.637216e+01	2.605468e+03	3.774037e+01	100.0000	0	1
194	0	374.6073	2	0.6012	0.000000	2.530936e+01	5.326995e+03	4.235301e+01	50.0681	1	0
195	1	375.3574	1	0.4177	-0.109508	4.626062e+00	5.053882e+02	1.062093e+01	100.0000	1	1
195	0	376.0742	1	0.3178	0.000000	5.861313e+00	1.226430e+03	7.109477e+00	54.4852	1	0
196	1	376.7910	4	0.6846	-0.111831	1.849896e+01	2.064030e+03	2.278265e+01	17.2989	1	1
196	0	378.3745	4	0.5345	0.000000	1.781608e+01	3.573210e+03	3.183696e+01	77.5549	1	0
197	1	379.0913	3	0.5679	-0.419208	1.521812e+01	1.544711e+03	4.130699e+01	91.9694	1	1
197	0	379.8177	3	0.6510	0.000000	8.784876e+00	1.769508e+03	2.528742e+01	94.5597	1	0
198	1	380.6175	2	0.5178	0.052036	1.571205e+01	1.786389e+03	3.085623e+01	80.6949	0	1
198	0	381.3417	2	0.4012	0.000000	1.424032e+01	2.852037e+03	2.069959e+01	51.3033	1	0
199	1	382.0918	1	0.4678	-0.222801	1.139837e+01	1.252143e+03	2.158599e+01	100.0000	0	1
199	0	382.8166	1	0.3511	0.000000	7.846213e+00	1.687516e+03	1.108611e+01	70.2068	1	0
200	1	383.4499	4	0.7508	-0.153049	1.601469e+01	1.722892e+03	1.773206e+01	97.0907	1	1
200	0	384.3496	4	0.3509	0.000000	7.444068e+00	1.288615e+03	1.913488e+01	69.9562	1	0
201	1	385.0755	2	0.3846	-0.261411	1.777123e+01	1.688043e+03	2.531329e+01	100.0000	0	1
201	0	385.7924	2	0.4346	0.000000	1.345283e+01	2.554186e+03	2.188896e+01	55.2894	1	0
202	1	386.4258	3	0.7181	-0.111535	2.046852e+01	2.114088e+03	4.261171e+01	70.3995	1	1
202	0	387.2986	3	0.5842	0.000000	7.553011e+00	1.437465e+03	1.535146e+01	81.8164	1	0
203	1	388.0150	1	0.5342	-0.093719	5.834728e+00	6.153540e+02	9.409480e+00	8.2583	1	1
203	0	388.7315	1	0.3679	0.000000	5.907458e+00	1.286980e+03	8.625658e+00	53.0021	1	0
204	1	389.4596	4	0.8179	0.002645	2.409293e+01	2.788584e+03	2.988001e+01	64.6736	1	1
204	0	390.4309	4	0.5175	0.000000	9.532367e+00	1.693684e+03	1.162198e+01	55.4569	1	0
205	1	391.1472	1	0.6014	-0.240582	1.667539e+01	1.674762e+03	5.235677e+01	14.8598	0	1
205	0	391.8970	1	0.4009	0.000000	1.424950e+01	2.742800e+03	1.982029e+01	63.9208	1	0
206	1	392.5301	3	0.7508	-0.079830	8.472639e+00	8.057255e+02	1.074786e+01	20.9557	1	1
206	0	393.4298	3	0.5009	0.000000	9.964850e+00	1.761636e+03	1.262282e+01	94.3174	1	0
207	1	394.1462	2	0.3843	-0.199925	1.592644e+01	1.549102e+03	1.919886e+01	100.0000	0	1
207	0	394.8627	2	0.3512	0.000000	1.437754e+01	2.840158e+03	1.584147e+01	52.1892	1	0
208	1	395.5126	4	0.6842	-0.213410	1.026296e+01	9.810214e+02	2.183314e+01	83.5299	0	1
208	0	396.3455	4	0.4510	0.000000	1.947274e+01	3.858199e+03	3.495038e+01	97.4810	1	0
209	3	409.5293	4	1.3680	0.292799	2.022567e+01	4.068508e+03	3.670898e+01	90.0291	1	1
209	0	411.0295	4	0.6180	0.000000	1.146381e+01	2.431618e+03	2.613489e+01	95.1530	1	0
210	3	411.7963	2	0.4345	0.158661	4.704116e+00	4.845481e+02	1.567590e+01	100.0000	1	1
210	0	412.5130	2	0.3182	0.000000	4.061484e+00	8.008747e+02	1.549123e+01	100.0000	1	0
211	3	413.2399	3	0.6513	0.020140	1.693404e+01	1.824273e+03	2.528014e+01	71.4903	1	1
211	0	414.0467	3	0.5010	0.000000	4.431944e+00	7.632658e+02	1.649280e+01	62.0448	1	0
212	3	414.7635	1	0.4678	0.242476	2.604601e+01	2.405697e+03	3.875915e+01	80.9380	0	1
212	0	415.4802	1	0.5845	0.000000	1.648574e+01	3.977846e+03	4.353170e+01	87.0314	1	0
213	3	416.2137	4	0.4511	0.159287	1.273497e+01	1.276200e+03	1.810190e+01	86.2501	1	1
213	0	416.9386	4	0.5011	0.000000	7.966903e+00	1.536263e+03	1.083699e+01	53.1356	1	0
214	3	417.6549	3	0.9844	0.104632	2.559501e+01	3.057018e+03	3.512336e+01	57.4739	1	1
214	0	418.7879	3	0.4346	0.000000	9.301869e+00	1.698190e+03	2.371308e+01	87.5343	1	0
215	3	419.5142	2	0.3349	0.185233	8.602238e+00	8.891112e+02	1.850770e+01	100.0000	1	1
215	0	420.2309	2	0.0184	0.000000	1.186407e+01	6.459027e+02	1.529361e+01	100.0000	1	0
216	3	420.9477	1	1.3346	0.129935	1.537093e+01	2.200691e+03	3.762879e+01	15.4911	0	1
216	0	422.4200	1	0.5013	0.000000	2.245020e+01	4.632684e+03	4.969274e+01	90.9117	1	0
217	3	423.0532	3	0.7342	-0.031166	1.510718e+01	1.718522e+03	2.831026e+01	44.9887	1	1
217	0	423.9196	3	0.4845	0.000000	1.439594e+01	2.600261e+03	3.577750e+01	75.5234	1	0
218	3	424.6360	2	0.4679	0.118401	5.903088e+00	5.933807e+02	1.257459e+01	88.4189	1	1
218	0	425.3652	2	0.3011	0.000000	8.183715e+00	1.559323e+03	1.035161e+01	54.6158	1	0
219	3	426.0819	4	0.4010	0.159403	1.390643e+01	1.338952e+03	1.597857e+01	92.9418	0	1
219	0	426.8019	4	0.4012	0.000000	1.933076e+01	3.716400e+03	2.816121e+01	80.9545	1	0
220	3	427.4351	1	0.7346	0.169402	9.718552e+00	1.184302e+03	1.656070e+01	75.0398	1	1
220	0	428.3181	1	0.6836	0.000000	1.797127e+01	4.625235e+03	3.632754e+01	82.2414	1	0
221	3	429.1338	4	0.5012	0.067289	2.025295e+00	2.379833e+02	6.551409e+00	100.0000	1	1
221	0	429.8504	4	0.3511	0.000000	3.642543e+00	7.212323e+02	5.899432e+00	100.0000	1	0
222	3	430.5668	1	1.1839	0.320185	1.971446e+01	4.245325e+03	4.195277e+01	1.8444	0	1
222	0	431.8830	1	0.5180	0.000000	1.978727e+01	4.571374e+03	2.715864e+01	95.4913	1	0
223	3	432.5495	3	0.7845	-0.031895	8.985471e+00	8.675957e+02	1.966927e+01	52.0185	1	1
223	0	433.4824	3	0.2677	0.000000	4.501853e+00	8.151393e+02	1.271068e+01	89.8992	1	0
224	3	434.1992	2	0.4016	-0.135046	1.679205e+01	1.600437e+03	1.985152e+01	59.4354	1	1
224	0	434.9159	2	0.3179	0.000000	1.012424e+01	2.082553e+03	1.239563e+01	50.9749	1	0
225	3	435.6332	4	0.4346	0.445429	2.881311e+01	3.104816e+03	4.198003e+01	100.0000	0	1
225	0	436.4001	4	0.8346	0.000000	7.244673e+01	1.211445e+04	1.160397e+02	4.2992	1	0
226	3	437.3837	2	0.4010	0.230541	1.450468e+01	1.481158e+03	2.331104e+01	100.0000	0	1
226	0	438.1005	2	0.4677	0.000000	2.093709e+01	4.047941e+03	2.736598e+01	79.2872	1	0
227	3	438.7338	3	0.6845	0.111049	1.846207e+01	1.971498e+03	3.013694e+01	78.9865	1	1
227	0	439.5674	3	0.4511	0.000000	5.360212e+00	9.863011e+02	8.146313e+00	54.7336	1	0
228	3	440.2841	1	0.3011	0.252652	1.935819e+01	1.888301e+03	2.518315e+01	100.0000	1	1
228	0	441.0009	1	0.4177	0.000000	8.690921e+00	1.113135e+03	2.123874e+01	73.8905	1	0
229	3	441.7343	4	1.2512	0.035720	7.320783e+00	8.416496e+02	1.393687e+01	6.8384	1	1
229	0	443.1178	4	0.4847	0.000000	2.858199e+00	5.348490e+02	7.143436e+00	100.0000	1	0
230	3	443.8346	2	0.3847	0.097367	5.459300e+00	5.508768e+02	9.422630e+00	100.0000	1	1
230	0	444.5514	2	0.2678	0.000000	1.116120e+01	2.139693e+03	1.415135e+01	54.1856	1	0
231	3	445.2791	3	0.6841	0.383195	2.207498e+01	1.995137e+03	3.566916e+01	100.0000	1	1
231	0	446.1182	3	0.6012	0.000000	4.300769e+00	8.516027e+02	1.823217e+01	54.1570	1	0
232	3	446.8517	1	0.3678	0.288448	2.273826e+01	2.137276e+03	2.830141e+01	90.1790	0	1
232	0	447.5686	1	0.4011	0.000000	9.197346e+00	1.647147e+03	2.421176e+01	94.0964	1	0
233	3	448.7521	2	0.5677	-0.064404	2.658452e+00	2.636368e+02	6.287313e+00	100.0000	1	1
233	0	449.4776	2	0.3676	0.000000	6.275059e+00	1.214399e+03	1.592702e+01	54.1207	1	0
234	3	450.1940	3	0.7845	0.090180	2.144477e+01	2.302623e+03	4.709341e+01	7.3194	1	1
234	0	451.1272	3	0.5506	0.000000	1.098289e+01	1.990042e+03	1.428011e+01	95.0144	1	0
235	3	451.8520	1	1.1345	0.154639	1.663149e+01	2.144627e+03	3.082958e+01	65.7666	0	1
235	0	453.1188	1	0.5851	0.000000	1.570401e+01	3.354204e+03	3.666551e+01	91.5606	1	0
236	3	453.8594	4	0.7344	0.099334	6.524970e+00	6.422260e+02	1.155805e+01	80.4931	1	1
236	0	454.7258	4	0.4345	0.000000	6.048298e+00	1.168577e+03	8.478875e+00	54.4680	1	0
237	3	455.4424	3	0.6838	0.273041	4.005800e+00	4.222004e+02	2.600034e+01	100.0000	0	1
237	0	456.2748	3	0.6508	0.000000	2.222172e+01	4.240759e+03	3.691833e+01	82.1938	1	0
238	3	457.0579	2	0.5845	0.045980	4.094409e+00	4.174738e+02	9.789361e+00	1.5842	1	1
238	0	457.7909	2	0.1343	0.000000	3.097086e+00	6.065872e+02	4.874694e+00	53.1975	1	0
239	3	458.5074	4	0.7179	0.010094	3.195433e+00	3.113356e+02	1.103112e+01	11.2029	1	1
239	0	459.3738	4	0.5345	0.000000	3.732880e+00	7.345598e+02	1.667068e+01	96.7909	1	0
240	3	460.0902	1	0.9010	0.203416	7.405542e+00	9.992916e+02	1.968368e+01	100.0000	0	1
240	0	461.1232	1	0.5178	0.000000	1.606244e+01	3.647048e+03	2.559070e+01	96.0720	1	0
241	3	461.7896	3	1.0010	-0.119476	1.663610e+01	1.598166e+03	2.687061e+01	58.8079	1	1
241	0	462.9392	3	0.5012	0.000000	1.648925e+01	3.078298e+03	3.107586e+01	74.0012	1	0
242	3	463.6557	2	0.6674	0.080049	7.119743e+00	9.722592e+02	1.082546e+01	79.9196	1	1
242	0	464.4554	2	0.2510	0.000000	2.220083e+00	4.236281e+02	3.003881e+00	60.2513	1	0
243	3	465.1719	4	0.6846	0.065187	4.663973e+00	4.896200e+02	1.406870e+01	22.0547	1	1
243	0	465.9888	4	0.5342	0.000000	4.179744e+00	8.531713e+02	1.651502e+01	100.0000	1	0
244	3	466.7046	1	0.9512	0.332097	1.661639e+01	3.367496e+03	4.157795e+01	29.6110	1	1
244	0	468.3545	1	0.5844	0.000000	8.491838e+00	1.579218e+03	2.581182e+01	95.7223	1	0
245	3	469.0713	2	0.6350	-0.142139	1.163062e+01	1.280048e+03	1.806175e+01	24.2135	0	1
245	0	469.8547	2	0.4011	0.000000	1.465575e+01	2.847246e+03	2.166771e+01	52.2505	1	0
246	3	470.4881	1	1.0851	0.086972	9.069009e+00	9.565107e+02	1.722340e+01	76.1686	1	1
246	0	471.7055	1	0.5845	0.000000	1.074883e+01	2.256531e+03	2.232306e+01	93.2276	1	0
247	3	472.4390	4	0.7845	0.086400	2.853608e+00	2.776036e+02	8.408037e+00	100.0000	1	1
247	0	473.3558	4	0.5012	0.000000	7.861909e+00	1.495077e+03	1.169879e+01	71.2479	1	0
248	3	474.0725	3	0.9013	0.119353	1.430312e+01	1.611096e+03	2.603175e+01	65.1627	1	1
248	0	475.1061	3	0.5844	0.000000	8.442228e+00	1.476682e+03	1.148047e+01	54.4377	1	0
249	3	475.8395	2	0.6678	0.056839	3.053573e+00	3.033991e+02	5.772585e+00	91.5223	1	1
249	0	476.6564	2	0.3844	0.000000	2.423354e+00	4.594531e+02	4.662897e+00	97.2365	1	0
250	3	477.3730	4	1.4846	0.125790	5.693830e+00	6.638851e+02	1.507384e+01	89.8849	1	1
250	0	479.0066	4	0.3845	0.000000	5.264243e+00	9.601506e+02	1.045207e+01	100.0000	1	0
251	3	479.7234	1	0.6680	0.159305	9.352840e+00	1.275724e+03	5.192267e+01	15.1021	0	1
251	0	480.5402	1	0.5012	0.000000	1.892656e+01	4.417202e+03	3.783063e+01	93.5855	1	0
252	3	481.1836	3	0.6845	0.269832	2.591882e+01	2.438960e+03	4.450267e+01	78.5156	1	1
252	0	482.0239	3	0.5011	0.000000	1.703131e+01	2.990071e+03	3.725656e+01	66.8489	1	0
253	3	482.7406	1	0.5011	0.223088	1.163621e+01	1.342705e+03	2.182174e+01	26.6850	0	1
253	0	483.4574	1	0.6011	0.000000	1.027528e+01	2.224401e+03	3.114402e+01	96.6012	1	0
254	3	484.2074	4	0.6012	0.005027	9.297399e+00	8.869715e+02	1.424710e+01	70.9802	1	1
254	0	484.9491	4	0.3009	0.000000	1.188913e+00	2.104548e+02	4.101707e+00	100.0000	1	0
255	3	485.6655	3	1.0502	0.126153	1.237571e+01	1.345111e+03	6.054595e+01	4.8042	1	1
255	0	486.8645	3	0.7845	0.000000	9.907204e+00	1.861839e+03	2.830578e+01	97.5213	1	0
256	3	487.7975	2	0.6343	0.223088	1.095051e+01	1.142467e+03	2.161334e+01	100.0000	0	1
256	0	488.5805	2	0.2842	0.000000	1.394070e+01	2.835492e+03	1.692954e+01	61.1202	1	0
257	1	501.8768	4	0.8013	-0.143367	1.273159e+01	1.227498e+03	1.829245e+01	5.0969	1	1
257	0	502.8270	4	0.5681	0.000000	1.178359e+01	2.203316e+03	3.315005e+01	97.2424	1	0
258	1	503.5437	3	0.6178	-0.157417	1.334112e+01	1.368585e+03	2.714405e+01	83.2855	1	1
258	0	504.2938	3	0.7346	0.000000	4.785945e+00	9.087659e+02	2.414532e+01	86.5435	1	0
259	1	505.1773	2	0.3345	-0.273739	1.754586e+01	1.886141e+03	2.792212e+01	100.0000	1	1
259	0	505.8942	2	0.5849	0.000000	2.252128e+01	4.929157e+03	3.413587e+01	48.4305	1	0
260	1	506.6277	1	0.4683	-0.047963	2.980042e+00	3.068982e+02	4.609294e+00	6.5500	1	1
260	0	507.3443	1	0.3345	0.000000	2.475031e+00	5.096617e+02	4.321672e+00	54.6897	1	0
261	1	508.0612	4	0.6512	-0.190860	2.050326e+01	2.486669e+03	2.365812e+01	21.3296	1	1
261	0	508.8445	4	0.3846	0.000000	7.803278e+00	1.430650e+03	1.012108e+01	52.8578	1	0
262	1	509.5613	3	0.8012	0.000000	1.401748e+01	1.409788e+03	2.291801e+01	6.6684	1	1
262	0	510.4948	3	0.5179	0.000000	1.132949e+01	2.074561e+03	1.529993e+01	89.0398	1	0
263	1	511.2116	1	0.7346	-0.124355	1.128642e+01	1.120206e+03	2.949069e+01	6.3969	1	1
263	0	512.0951	1	0.4180	0.000000	9.566325e+00	1.935965e+03	1.113532e+01	53.6482	1	0
264	1	512.8118	2	0.5179	-0.053425	9.412167e+00	9.081347e+02	2.183076e+01	6.1130	1	1
264	0	513.5395	2	0.7673	0.000000	9.623759e+00	2.133928e+03	2.447575e+01	92.0658	1	0
265	1	514.4455	1	0.7344	-0.094703	9.315978e+00	9.265763e+02	1.326219e+01	76.2015	1	1
265	0	515.3122	1	0.3511	0.000000	5.548676e+00	1.183305e+03	1.054604e+01	88.6561	1	0
266	1	516.0386	2	0.5672	-0.146984	1.117875e+01	1.152671e+03	2.957626e+01	12.3028	0	1
266	0	516.7550	2	0.4681	0.000000	1.829263e+01	3.539742e+03	1.996081e+01	74.3650	1	0
267	1	517.3882	4	1.0676	0.002674	8.415366e+00	8.007162e+02	1.674932e+01	93.2707	1	1
267	0	518.6127	4	0.6012	0.000000	9.230099e+00	1.713357e+03	2.099788e+01	83.5065	1	0
268	1	519.3462	3	0.8179	-0.192764	9.108097e+00	8.740892e+02	1.822746e+01	100.0000	0	1
268	0	520.3038	3	0.8011	0.000000	2.189817e+01	4.458095e+03	3.661993e+01	95.4689	1	0
269	1	521.2368	4	0.5343	-0.254318	1.018066e+01	1.146523e+03	2.412959e+01	100.0000	0	1
269	0	521.9632	4	0.5844	0.000000	1.785712e+01	3.277407e+03	3.472910e+01	87.8477	1	0
270	1	522.6865	2	0.5175	-0.077733	7.603524e+00	1.037082e+03	8.057622e+00	66.9732	1	1
270	0	523.4028	2	0.6841	0.000000	1.034540e+01	2.210200e+03	2.620229e+01	97.5235	1	0
271	1	524.2191	1	0.7009	-0.089706	5.484821e+00	5.832063e+02	1.228173e+01	76.3990	1	1
271	0	525.0522	1	1.4342	0.000000	1.715589e+01	5.164333e+03	4.603035e+01	90.5250	1	0
272	1	526.6351	3	0.9011	-0.074134	1.547380e+01	1.591352e+03	2.687992e+01	75.9245	1	1
272	0	527.6848	3	0.5346	0.000000	8.178798e+00	1.472487e+03	1.087208e+01	54.2088	1	0
