Trial	Type	Onset	Target #	Time to Target	Endpoint Error	Est. Avg. Error Mag	Accum. Error x dMagProj	Max Error Mag.	Max Error Pos. (% of trajectory)	Feedback	Target (1)/Return (0)
1	1	0.5497	4	1.2840	0.090660	1.428118e+01	1.664089e+03	3.212336e+01	9.1203	1	1
1	0	1.9825	4	0.6346	0.000000	5.846159e+00	1.068570e+03	8.617840e+00	54.7752	1	0
2	1	2.7655	1	0.4176	-0.096809	8.041107e+00	7.974689e+02	1.055124e+01	69.3439	1	1
2	0	3.4821	1	0.3011	0.000000	5.045811e+00	9.061942e+02	6.599756e+00	54.9811	1	0
3	1	4.3151	2	0.6678	-0.107760	2.695317e+00	2.764828e+02	1.037003e+01	100.0000	1	1
3	0	5.1315	2	0.3177	0.000000	1.483855e+01	3.218039e+03	2.170555e+01	80.8165	1	0
4	1	5.8483	3	0.6179	-0.037416	1.539525e+01	1.668008e+03	2.509792e+01	61.5483	1	1
4	0	6.6151	3	0.3177	0.000000	6.256871e+00	1.106041e+03	1.619290e+01	63.5667	1	0
5	1	7.3319	4	1.5679	0.000000	1.226687e+01	1.675432e+03	1.886096e+01	81.6588	1	1
5	0	9.0488	4	0.5514	0.000000	4.127096e+00	7.935194e+02	1.101172e+01	75.8036	1	0
6	1	9.7656	1	0.4511	-0.018419	6.189615e+00	6.871781e+02	8.266211e+00	54.9046	1	1
6	0	10.4824	1	0.2511	0.000000	2.654153e+00	4.919095e+02	4.561360e+00	78.7450	1	0
7	1	11.1991	3	0.7011	0.098610	7.387336e+00	7.070421e+02	1.401384e+01	81.0794	1	1
7	0	12.0326	3	0.3677	0.000000	1.134659e+01	2.063392e+03	1.970662e+01	65.0040	1	0
8	1	12.7493	2	0.6679	-0.126640	6.056470e+00	5.902657e+02	1.457353e+01	96.7392	1	1
8	0	13.5494	2	0.2513	0.000000	7.240525e+00	1.516341e+03	1.458919e+01	83.2919	1	0
9	1	14.2662	3	0.8183	0.231091	2.167392e+01	2.314648e+03	3.015329e+01	78.8876	1	1
9	0	15.2330	3	0.4012	0.000000	9.417315e+00	1.679137e+03	1.868046e+01	83.3388	1	0
10	1	15.9498	2	0.6347	0.018566	3.208393e+00	3.192404e+02	5.580383e+00	76.5346	1	1
10	0	16.7333	2	0.2178	0.000000	1.640365e+00	3.338072e+02	1.780584e+00	54.2501	1	0
11	1	17.4500	4	0.6012	-0.015956	6.571015e-01	7.033987e+01	2.179791e+00	6.9526	1	1
11	0	18.1835	4	0.2344	0.000000	6.480669e+00	1.176982e+03	9.849739e+00	62.6263	1	0
12	1	18.9100	1	0.7676	0.031486	4.015134e+00	4.213599e+02	2.821774e+01	5.2350	1	1
12	0	19.8171	1	0.3345	0.000000	5.670284e+00	1.018075e+03	1.112021e+01	56.2390	1	0
13	1	20.5340	3	0.8012	0.072067	1.679751e+00	1.595079e+02	6.851055e+00	100.0000	1	1
13	0	21.4840	3	0.4346	0.000000	1.078026e+01	2.045101e+03	2.238437e+01	80.5274	1	0
14	1	22.2090	4	0.5342	0.244354	1.213926e+01	1.141370e+03	2.430765e+01	96.3395	1	1
14	0	22.9255	4	0.5842	0.000000	8.744670e+00	1.722675e+03	2.816761e+01	83.1665	1	0
15	1	23.6586	2	0.4842	-0.012820	9.710453e-01	1.008496e+02	2.544031e+00	3.9876	1	1
15	0	24.3844	2	0.2346	0.000000	5.384690e+00	1.120530e+03	5.843294e+00	53.7180	1	0
16	1	25.1012	1	0.5348	0.147078	1.101327e+01	1.080994e+03	1.409276e+01	100.0000	1	1
16	0	25.8180	1	0.3678	0.000000	1.043275e+01	1.860083e+03	1.211849e+01	54.8348	1	0
17	3	39.1034	3	1.0179	0.128428	8.403797e+00	9.869457e+02	1.270275e+01	12.1946	1	1
17	0	40.2535	3	0.8179	0.000000	1.436371e+01	2.729236e+03	2.663254e+01	63.6641	1	0
18	3	41.2037	2	0.5345	0.479009	2.236819e+01	2.047401e+03	4.474860e+01	96.8128	0	1
18	0	41.9204	2	0.4513	0.000000	2.000640e+01	3.925398e+03	3.260167e+01	50.3608	1	0
19	3	42.5539	4	0.4512	0.313217	1.636853e+01	1.725992e+03	3.010055e+01	100.0000	0	1
19	0	43.2874	4	0.6679	0.000000	7.102253e+00	1.435450e+03	2.356927e+01	97.9335	1	0
20	3	44.0874	1	0.4011	0.581734	2.164575e+01	2.104457e+03	5.283980e+01	100.0000	0	1
20	0	44.8043	1	0.4344	0.000000	1.789932e+01	3.401109e+03	2.314803e+01	46.9111	1	0
21	3	45.4376	2	0.5181	0.546613	3.224444e+01	3.596041e+03	5.170499e+01	100.0000	0	1
21	0	46.1711	2	0.3512	0.000000	1.086061e+01	1.871042e+03	2.486122e+01	71.1698	1	0
22	3	46.8046	4	0.6679	0.113569	2.303643e+01	2.475982e+03	4.119709e+01	55.0121	1	1
22	0	47.6213	4	0.3345	0.000000	8.807450e+00	1.626220e+03	1.547643e+01	100.0000	1	0
23	3	48.3381	1	0.4845	0.423669	1.963978e+01	1.752666e+03	3.963851e+01	100.0000	0	1
23	0	49.0550	1	0.4181	0.000000	9.629759e+00	1.512026e+03	2.263968e+01	92.6341	1	0
24	3	49.8383	3	0.9846	-0.073578	1.194731e+01	1.218597e+03	2.260883e+01	60.3419	1	1
24	0	50.9552	3	0.4014	0.000000	7.059284e+00	1.265830e+03	9.569426e+00	53.9331	1	0
25	3	51.6719	1	1.0180	0.194722	2.807132e+01	3.444233e+03	5.308175e+01	74.2408	1	1
25	0	52.8222	1	0.5511	0.000000	1.147113e+01	2.436285e+03	2.960442e+01	84.2274	1	0
26	3	53.5485	3	1.2841	-0.027758	8.179251e+00	8.347121e+02	1.605252e+01	62.4150	1	1
26	0	54.9726	3	0.6678	0.000000	5.070146e+00	9.132354e+02	2.416830e+01	86.6450	1	0
27	3	55.7893	2	0.4012	0.538486	2.850554e+01	2.508938e+03	5.257832e+01	100.0000	0	1
27	0	56.5141	2	0.3846	0.000000	7.684269e+00	1.314944e+03	2.464014e+01	61.3928	1	0
28	3	57.1472	4	0.6844	0.102180	2.504776e+01	2.636075e+03	3.889472e+01	78.6697	1	1
28	0	57.9803	4	0.6008	0.000000	1.012775e+01	2.048777e+03	2.359806e+01	97.2816	1	0
29	3	58.7134	3	0.6842	-0.099931	9.608668e+00	9.267677e+02	1.577714e+01	79.8035	1	1
29	0	59.5297	3	0.4513	0.000000	7.314459e+00	1.311138e+03	1.106476e+01	54.8623	1	0
30	3	60.2566	2	0.7512	0.099189	1.516777e+01	1.448317e+03	2.290426e+01	80.9109	1	1
30	0	61.1459	2	0.2510	0.000000	5.236157e+00	1.006429e+03	8.153645e+00	54.6320	1	0
31	3	61.8623	1	1.4509	0.077209	1.577312e+01	1.579411e+03	3.277245e+01	75.3922	1	1
31	0	63.4617	1	0.5513	0.000000	1.275711e+01	2.506930e+03	3.237277e+01	93.2083	1	0
32	3	64.1782	4	1.3339	0.056756	1.390023e+01	1.545820e+03	3.353740e+01	67.3530	1	1
32	0	65.6611	4	0.6843	0.000000	9.175577e+00	1.684750e+03	2.018101e+01	90.9843	1	0
33	3	66.4775	2	0.9678	0.022585	2.651869e+01	3.128309e+03	3.834859e+01	56.4569	1	1
33	0	67.5938	2	0.3175	0.000000	8.327799e+00	1.719825e+03	1.404652e+01	100.0000	1	0
34	3	68.3102	1	0.6013	0.434827	1.856675e+01	2.425562e+03	4.093830e+01	100.0000	0	1
34	0	69.0599	1	0.4013	0.000000	1.811904e+01	3.247453e+03	2.884068e+01	52.2253	1	0
35	3	69.6931	4	0.6343	0.050644	1.574170e+01	1.739258e+03	3.297167e+01	69.1335	1	1
35	0	70.4595	4	0.5009	0.000000	5.668564e+00	1.061700e+03	1.667055e+01	94.9968	1	0
36	3	71.1759	3	1.2672	-0.061932	1.367804e+01	1.325539e+03	2.493684e+01	70.2596	1	1
36	0	72.5755	3	0.6012	0.000000	1.835622e+00	3.270447e+02	8.015004e+00	91.8212	1	0
37	3	73.3254	2	0.6677	0.071753	6.129866e+00	5.971651e+02	8.665155e+00	53.0498	1	1
37	0	74.1254	2	0.2512	0.000000	6.226300e+00	1.192107e+03	7.532137e+00	53.9361	1	0
38	3	74.8422	1	0.4682	0.457904	2.008487e+01	1.763134e+03	4.273622e+01	100.0000	0	1
38	0	75.5590	1	0.4511	0.000000	1.137587e+01	1.899047e+03	1.329116e+01	92.8176	1	0
39	3	76.1923	3	1.0013	-0.040018	1.093251e+01	1.275197e+03	2.322061e+01	59.2833	1	1
39	0	77.3259	3	0.5515	0.000000	5.380814e+00	9.480640e+02	7.605382e+00	55.1321	1	0
40	3	78.0427	4	0.7012	0.108107	1.473039e+01	1.562300e+03	2.458517e+01	71.8004	1	1
40	0	78.8761	4	0.6346	0.000000	8.706956e+00	1.615068e+03	1.283795e+01	96.8784	1	0
41	3	79.6429	2	0.4345	0.177245	1.668759e+01	1.778425e+03	2.080827e+01	82.8092	1	1
41	0	80.3598	2	0.1677	0.000000	4.764874e+00	6.261072e+02	5.685570e+00	55.3970	1	0
42	3	81.0765	3	0.8512	0.026315	1.211611e+01	1.379514e+03	2.025787e+01	75.9761	0	1
42	0	82.0767	3	0.5345	0.000000	9.473760e+00	1.694209e+03	1.520926e+01	54.5371	1	0
43	3	82.7601	4	0.7178	0.071690	1.022662e+01	1.105304e+03	1.714698e+01	68.1555	1	1
43	0	83.6102	4	0.4012	0.000000	6.433451e+00	1.147577e+03	8.023135e+00	54.7435	1	0
44	3	84.3270	1	1.2012	0.106354	1.405407e+01	1.723467e+03	2.790166e+01	74.7311	1	1
44	0	85.6773	1	0.4344	0.000000	1.014177e+01	1.961559e+03	2.065192e+01	92.8735	1	0
45	3	86.3940	2	0.7011	0.064238	1.041051e+01	1.125052e+03	1.569829e+01	72.0808	1	1
45	0	87.2273	2	0.2346	0.000000	7.183700e+00	1.479758e+03	1.140046e+01	100.0000	1	0
46	3	87.9441	1	0.5679	0.295043	1.586190e+01	1.677741e+03	2.919646e+01	95.2404	0	1
46	0	88.6700	1	0.3680	0.000000	1.362373e+01	2.488568e+03	1.940486e+01	51.7047	1	0
47	3	89.5112	3	0.7678	-0.157307	1.009337e+01	9.596556e+02	1.608906e+01	46.8269	0	1
47	0	90.4280	3	0.5345	0.000000	1.333090e+01	2.316204e+03	2.123180e+01	54.4318	1	0
48	3	91.1114	4	0.7847	0.114327	8.855068e+00	9.673716e+02	1.269569e+01	71.5363	1	1
48	0	92.0447	4	0.5680	0.000000	1.060568e+01	1.960719e+03	1.244879e+01	54.4913	1	0
49	3	92.7686	3	0.8009	0.051432	1.310906e+01	1.245635e+03	2.465296e+01	61.4100	1	1
49	0	93.7016	3	0.7340	0.000000	6.276968e+00	1.076717e+03	1.990633e+01	86.5116	1	0
50	3	94.5842	2	0.8344	0.137716	1.655772e+01	1.641396e+03	2.871413e+01	67.2536	0	1
50	0	95.5504	2	0.3181	0.000000	1.192527e+01	2.451414e+03	1.689909e+01	53.4539	1	0
51	3	96.1837	4	0.7343	0.106606	8.912189e+00	8.832874e+02	1.191121e+01	43.5870	1	1
51	0	97.0667	4	0.4844	0.000000	6.904534e+00	1.284326e+03	9.006513e+00	53.8056	1	0
52	3	97.7830	1	1.0507	0.069597	1.353102e+01	1.329339e+03	3.033799e+01	76.3898	1	1
52	0	98.9660	1	0.6345	0.000000	1.350531e+01	2.915136e+03	3.132562e+01	87.2068	1	0
53	3	99.7491	4	0.5508	0.225100	1.315061e+01	1.239546e+03	2.663943e+01	87.2687	1	1
53	0	100.4656	4	0.4177	0.000000	6.543756e+00	1.275149e+03	9.875639e+00	53.4176	1	0
54	3	101.1818	3	0.8176	-0.067483	1.315323e+01	1.265014e+03	2.170504e+01	35.5217	1	1
54	0	102.1315	3	0.7176	0.000000	5.709681e+00	1.005863e+03	1.704010e+01	80.5976	1	0
55	3	102.9812	2	0.7678	0.049535	1.553177e+01	1.599801e+03	2.618122e+01	65.4165	1	1
55	0	103.8977	2	0.2849	0.000000	7.465479e+00	1.521886e+03	1.071699e+01	53.6546	1	0
56	3	104.6140	1	0.4180	0.408021	2.000921e+01	1.798049e+03	3.825837e+01	100.0000	0	1
56	0	105.3305	1	0.4679	0.000000	1.582353e+01	2.257694e+03	2.615040e+01	92.0867	1	0
57	3	106.1469	3	1.2679	0.038790	6.837259e+00	6.894996e+02	1.283817e+01	86.4598	1	1
57	0	107.5633	3	0.6346	0.000000	1.025469e+01	1.996137e+03	1.296281e+01	53.4324	1	0
58	3	108.3300	4	0.6514	0.104390	1.228166e+01	1.403067e+03	1.953850e+01	85.9102	1	1
58	0	109.1136	4	0.5179	0.000000	5.393195e+00	1.053239e+03	2.014249e+01	97.0406	1	0
59	3	109.8303	1	1.2019	0.072798	1.748851e+01	2.158972e+03	3.762170e+01	75.5446	1	1
59	0	111.1644	1	0.3516	0.000000	6.666546e+00	1.204731e+03	1.676228e+01	92.7397	1	0
60	3	111.8813	2	0.6011	0.410164	3.134340e+01	3.908250e+03	4.039663e+01	93.6003	1	1
60	0	112.6314	2	0.3679	0.000000	7.328253e+00	1.291771e+03	1.161979e+01	78.5869	1	0
61	3	113.3481	3	0.5345	0.201848	1.738183e+01	1.681341e+03	2.517271e+01	88.9267	1	1
61	0	114.8650	3	0.7011	0.000000	4.445588e+00	8.376206e+02	1.276513e+01	72.6142	1	0
62	3	115.6984	4	0.7346	0.067446	4.392373e+00	4.858884e+02	1.503816e+01	93.9903	1	1
62	0	116.5819	4	0.4844	0.000000	5.755751e+00	1.039582e+03	1.419995e+01	94.7589	1	0
63	3	117.2988	2	0.7844	0.027007	5.206389e+00	5.479023e+02	1.542237e+01	15.6493	1	1
63	0	118.2154	2	0.5179	0.000000	5.374332e+00	1.118403e+03	1.540968e+01	99.1214	1	0
64	3	118.9323	1	1.3346	0.097568	6.212911e+00	8.385319e+02	1.233284e+01	11.9044	1	1
64	0	120.3992	1	0.3848	0.000000	6.655972e+00	1.205675e+03	9.273327e+00	53.8281	1	0
65	1	133.6549	2	0.5345	-0.268668	1.352412e+01	1.293568e+03	2.599931e+01	100.0000	0	1
65	0	134.3379	2	0.3511	0.000000	1.948515e+01	3.983805e+03	3.054731e+01	51.6360	1	0
66	1	134.9705	3	0.5176	-0.037416	2.795425e+00	2.672427e+02	4.306512e+00	49.3007	1	1
66	0	135.7009	3	0.7036	0.000000	7.508801e+00	1.445140e+03	3.112558e+01	72.3039	1	0
67	1	136.5367	1	0.4515	-0.018664	2.165967e+00	2.451308e+02	3.794020e+00	46.7840	1	1
67	0	137.2537	1	0.1180	0.000000	1.441894e+00	2.552022e+02	5.749983e+00	93.4454	1	0
68	1	137.9701	4	1.2672	-0.057982	9.338829e+00	2.021085e+03	2.712760e+01	26.4507	1	1
68	0	139.3696	4	0.5670	0.000000	8.554284e+00	1.657869e+03	2.240511e+01	98.4264	1	0
69	1	140.0854	3	0.5346	-0.253767	6.406396e+00	6.327025e+02	2.388679e+01	100.0000	1	1
69	0	140.8019	3	0.6014	0.000000	8.615345e+00	1.621031e+03	2.517609e+01	85.6433	1	0
70	1	141.5352	4	0.7012	0.048091	9.886986e+00	9.513910e+02	2.143521e+01	75.1515	1	1
70	0	142.3686	4	0.6345	0.000000	9.816888e+00	1.910324e+03	2.217409e+01	96.4973	1	0
71	1	143.1355	1	0.4845	-0.066392	3.968932e+00	4.321177e+02	6.346066e+00	100.0000	1	1
71	0	143.8527	1	0.3013	0.000000	3.202803e+00	5.692175e+02	5.081176e+00	54.8931	1	0
72	1	144.5696	2	0.3011	-0.139191	7.005293e+00	7.306820e+02	1.461268e+01	100.0000	0	1
72	0	145.2863	2	0.3346	0.000000	1.360488e+01	2.776982e+03	1.904216e+01	68.4480	1	0
73	1	145.9364	1	0.4511	-0.092329	6.045099e+00	6.130080e+02	8.866184e+00	100.0000	1	1
73	0	146.6532	1	0.2345	0.000000	3.349752e+00	6.132109e+02	5.587847e+00	53.6952	1	0
74	1	147.4200	3	0.6678	-0.008021	3.783823e+00	3.663870e+02	7.850424e+00	86.2157	1	1
74	0	148.2200	3	0.5015	0.000000	4.456009e+00	7.861218e+02	1.416596e+01	83.2002	1	0
75	1	148.9369	4	0.5511	-0.111535	6.871090e+00	6.518731e+02	1.382537e+01	93.5970	1	1
75	0	149.6536	4	0.6345	0.000000	9.330203e+00	1.749537e+03	2.220623e+01	82.5076	1	0
76	1	150.4205	2	0.6011	-0.177151	1.527550e+01	1.593482e+03	1.752951e+01	100.0000	1	1
76	0	151.1539	2	0.3345	0.000000	9.085353e+00	1.848750e+03	1.869993e+01	62.6478	1	0
77	1	151.8707	3	0.5680	-0.079199	4.777878e+00	4.645529e+02	7.608170e+00	100.0000	1	1
77	0	152.5875	3	0.4676	0.000000	1.111286e+01	2.011011e+03	2.379256e+01	67.3106	1	0
78	1	153.3149	1	0.4343	-0.068494	5.923267e+00	5.708733e+02	6.598972e+00	100.0000	1	1
78	0	154.0313	1	0.2011	0.000000	2.084157e+00	3.711687e+02	2.289009e+00	55.2682	1	0
79	1	154.7477	2	0.4676	-0.023618	7.651601e+00	7.414634e+02	1.178741e+01	2.0705	1	1
79	0	155.4713	2	0.3010	0.000000	1.164704e+01	2.268390e+03	1.411861e+01	53.7217	1	0
80	1	156.1879	4	0.6847	-0.026660	1.388260e+01	1.347164e+03	3.003415e+01	16.6080	1	1
80	0	157.0214	4	0.2512	0.000000	4.383818e+00	7.935209e+02	1.149811e+01	93.2973	1	0
81	3	170.3091	2	0.5177	0.194036	9.816583e+00	9.385430e+02	1.878774e+01	100.0000	0	1
81	0	170.9589	2	0.3345	0.000000	1.576758e+01	3.240230e+03	2.129072e+01	52.8459	1	0
82	3	171.5921	1	0.5509	0.286143	1.117144e+01	1.380821e+03	2.699923e+01	100.0000	1	1
82	0	172.3085	1	0.6175	0.000000	1.748027e+01	4.054628e+03	4.347983e+01	89.5731	1	0
83	3	173.0583	3	0.7678	0.119353	2.128379e+01	2.010677e+03	3.231317e+01	75.8573	1	1
83	0	173.9747	3	0.5341	0.000000	3.076300e+00	5.262930e+02	5.032168e+00	56.2140	1	0
84	3	174.6911	4	0.8176	0.084784	1.729207e+01	1.999907e+03	3.187617e+01	82.5777	1	1
84	0	175.6410	4	0.5848	0.000000	8.275950e+00	1.554584e+03	1.267094e+01	96.1582	1	0
85	3	176.3744	1	0.3846	0.359317	1.632286e+01	1.689243e+03	3.345696e+01	100.0000	0	1
85	0	177.0911	1	0.3845	0.000000	9.950692e+00	1.863502e+03	2.442785e+01	88.8453	1	0
86	3	177.7246	2	0.8512	0.132992	2.424394e+01	2.848125e+03	4.518912e+01	66.7950	1	1
86	0	178.7082	2	0.5345	0.000000	1.204217e+01	2.655405e+03	2.649276e+01	96.8649	1	0
87	3	179.7250	4	1.3179	0.021268	1.677644e+01	1.808431e+03	3.103566e+01	68.3872	1	1
87	0	181.1919	4	0.6012	0.000000	5.925236e+00	1.129879e+03	1.351692e+01	96.2616	1	0
88	3	181.9253	3	0.9845	-0.025815	1.235814e+01	1.252625e+03	1.971581e+01	76.2716	1	1
88	0	183.3088	3	0.5511	0.000000	4.380008e+00	7.737070e+02	2.009785e+01	90.9073	1	0
89	3	184.0255	4	0.7179	0.100745	2.139531e+01	2.444863e+03	3.171426e+01	38.1583	1	1
89	0	184.8757	4	0.6011	0.000000	8.861876e+00	1.627977e+03	2.121529e+01	95.4522	1	0
90	3	185.6091	1	0.3845	0.434827	1.965438e+01	1.968765e+03	4.093830e+01	100.0000	0	1
90	0	186.3260	1	0.4178	0.000000	7.912875e+00	1.362916e+03	1.355055e+01	69.1995	1	0
91	3	186.9703	3	0.8342	0.092548	1.542771e+01	1.461615e+03	2.086106e+01	38.1387	1	1
91	0	187.9596	3	0.5345	0.000000	9.148862e+00	1.565604e+03	1.286122e+01	64.7686	1	0
92	3	188.6763	2	0.4017	0.382376	2.434118e+01	2.432194e+03	3.939368e+01	100.0000	0	1
92	0	189.3931	2	0.3177	0.000000	5.931249e+00	8.739485e+02	9.215645e+00	54.5473	1	0
93	3	190.0358	4	0.7342	0.047334	1.580942e+01	1.531960e+03	2.126827e+01	58.7986	1	1
93	0	190.9268	4	0.3510	0.000000	5.292320e+00	9.613630e+02	1.206060e+01	97.1144	1	0
94	3	191.6435	1	0.7179	0.127105	1.367814e+01	1.441720e+03	2.259480e+01	74.2149	1	1
94	0	192.5102	1	0.4346	0.000000	4.910324e+00	8.697961e+02	7.520812e+00	89.8878	1	0
95	3	193.2348	3	1.4176	0.001865	1.065311e+01	1.059583e+03	2.137001e+01	76.8777	1	1
95	0	194.8010	3	0.7342	0.000000	2.473047e+00	4.660132e+02	6.348834e+00	85.8977	1	0
96	3	195.6839	2	0.5343	0.029033	1.319897e+01	1.296881e+03	1.905377e+01	71.7962	1	1
96	0	196.4004	2	0.2345	0.000000	2.188007e+00	3.914533e+02	4.634090e+00	91.3242	1	0
97	3	197.1170	1	1.0841	0.109092	1.211058e+01	1.391738e+03	2.968397e+01	75.2573	1	1
97	0	198.3498	1	0.4012	0.000000	8.442870e+00	1.563725e+03	1.898412e+01	96.1168	1	0
98	3	199.0663	4	0.7844	0.048287	1.396098e+01	1.581565e+03	2.653514e+01	81.2037	1	1
98	0	199.9992	4	0.5843	0.000000	5.757582e+00	1.072442e+03	7.677649e+00	59.5841	1	0
99	3	200.7323	3	0.7675	-0.012890	9.839790e+00	9.430992e+02	1.551979e+01	82.7700	1	1
99	0	201.6321	3	0.8007	0.000000	3.841619e+00	6.741744e+02	1.915791e+01	83.2127	1	0
100	3	202.5818	2	0.8008	0.018737	9.828605e+00	9.499958e+02	1.433210e+01	47.7599	1	1
100	0	203.5314	2	0.2844	0.000000	4.482574e+00	9.250457e+02	8.594857e+00	81.1806	1	0
101	3	204.2478	4	0.7011	-0.034281	2.458635e+01	2.496834e+03	3.763893e+01	68.3048	1	1
101	0	205.0975	4	0.3677	0.000000	9.317639e+00	1.944250e+03	1.598387e+01	96.9467	1	0
102	3	205.8139	1	0.4844	0.421057	1.956365e+01	2.181723e+03	3.940883e+01	100.0000	0	1
102	0	206.5305	1	0.6012	0.000000	9.956863e+00	1.712000e+03	1.562826e+01	55.3349	1	0
103	3	207.2801	2	0.8175	0.061007	1.964141e+01	2.109562e+03	3.660400e+01	35.2172	1	1
103	0	208.2299	2	0.2679	0.000000	6.377509e+00	1.293926e+03	1.072199e+01	100.0000	1	0
104	3	208.9462	3	0.7347	0.050397	1.287802e+01	1.236223e+03	1.566939e+01	62.7668	1	1
104	0	209.8296	3	0.5846	0.000000	3.347892e+00	6.158424e+02	1.610431e+01	66.1339	1	0
105	3	210.5630	4	0.6845	0.221015	1.029751e+01	1.029482e+03	2.108118e+01	100.0000	0	1
105	0	211.3797	4	0.6018	0.000000	1.260997e+01	2.344187e+03	1.672576e+01	54.2729	1	0
106	3	212.1299	2	0.4679	-0.045855	2.447949e+00	2.752645e+02	6.848079e+00	5.3935	1	1
106	0	212.8467	2	0.1012	0.000000	1.046301e+01	1.742015e+03	1.175940e+01	95.2764	1	0
107	3	213.5635	3	0.6512	0.435591	1.968789e+01	2.257058e+03	4.014686e+01	100.0000	0	1
107	0	214.3470	3	0.6011	0.000000	1.421815e+01	2.565120e+03	1.763245e+01	53.8329	1	0
108	3	215.0970	1	0.7346	0.175684	1.605490e+01	1.692225e+03	2.074650e+01	58.3751	1	1
108	0	215.9805	1	0.3511	0.000000	6.679476e+00	1.203657e+03	9.693027e+00	54.0861	1	0
109	3	216.6973	2	0.8178	-0.049489	2.106272e+01	2.566392e+03	2.856600e+01	52.4605	1	1
109	0	217.6474	2	0.3511	0.000000	6.180974e+00	1.093611e+03	8.919939e+00	85.4164	1	0
110	3	218.3642	1	1.1016	0.153740	1.276483e+01	1.496296e+03	2.593222e+01	69.2885	1	1
110	0	219.6144	1	0.3511	0.000000	5.704349e+00	9.945259e+02	8.286738e+00	54.5129	1	0
111	3	220.3311	3	0.6515	0.119353	8.063535e+00	7.785250e+02	1.142101e+01	99.7231	1	1
111	0	221.1312	3	0.6346	0.000000	6.131896e+00	1.089826e+03	7.755301e+00	54.3614	1	0
112	3	221.8981	4	0.7678	0.073839	1.147202e+01	1.417831e+03	2.013121e+01	48.3378	1	1
112	0	222.7982	4	0.5013	0.000000	5.169498e+00	9.237522e+02	8.260915e+00	54.9025	1	0
113	3	223.5246	1	0.5679	0.228998	6.403435e+00	6.048273e+02	2.188725e+01	100.0000	1	1
113	0	224.2484	1	0.3512	0.000000	8.507047e+00	1.497273e+03	1.282666e+01	55.3632	1	0
114	3	224.9652	4	0.7178	-0.045714	9.191538e+00	9.659534e+02	1.663231e+01	47.4569	1	1
114	0	225.8153	4	0.4678	0.000000	7.636607e+00	1.423824e+03	1.871668e+01	93.1449	1	0
115	3	226.5402	2	0.7012	-0.090856	7.804083e+00	8.036914e+02	1.040631e+01	33.5391	1	1
115	0	227.3822	2	0.2846	0.000000	1.017056e+01	2.144075e+03	1.539343e+01	62.0197	1	0
116	3	228.0990	3	0.7513	0.165414	3.842690e+00	4.033789e+02	1.566696e+01	100.0000	1	1
116	0	229.0060	3	0.4847	0.000000	9.620554e+00	1.909055e+03	2.462490e+01	85.2232	1	0
117	3	229.7226	1	0.9340	0.113569	1.741688e+01	2.123492e+03	3.241186e+01	71.1004	1	1
117	0	230.7889	1	0.3343	0.000000	6.566537e+00	1.195891e+03	9.266894e+00	100.0000	1	0
118	3	231.5719	2	0.4010	0.237128	1.347195e+01	1.297029e+03	2.312800e+01	100.0000	1	1
118	0	232.2884	2	0.3342	0.000000	1.375189e+01	2.027754e+03	1.877216e+01	99.4227	1	0
119	3	233.0165	4	0.7845	0.148120	1.360672e+01	1.320618e+03	3.370812e+01	24.9176	0	1
119	0	233.9546	4	0.4009	0.000000	1.512494e+01	2.955013e+03	2.183863e+01	92.3588	1	0
120	3	234.5876	3	0.5508	0.197056	9.552476e+00	8.994637e+02	2.101236e+01	89.1956	1	1
120	0	235.3040	3	0.7841	0.000000	3.817127e+00	7.252770e+02	1.670457e+01	100.0000	1	0
121	3	236.2203	1	0.8339	0.150912	1.705265e+01	1.659306e+03	2.444943e+01	79.5934	0	1
121	0	237.2027	1	0.4180	0.000000	1.013763e+01	1.831371e+03	1.508554e+01	53.8561	1	0
122	3	237.8360	4	0.5678	0.061018	8.932246e+00	8.690878e+02	2.118007e+01	14.0960	1	1
122	0	238.5524	4	0.3012	0.000000	3.111108e+00	5.622243e+02	4.958246e+00	54.1292	1	0
123	3	239.2854	2	0.3177	0.138201	7.710343e+00	7.518763e+02	1.372123e+01	91.0112	1	1
123	0	240.0025	2	0.0843	0.000000	4.149576e+00	6.050637e+02	7.345526e+00	100.0000	1	0
124	3	240.7189	3	0.7841	0.095766	3.738923e+00	3.688240e+02	1.032821e+01	97.0205	1	1
124	0	241.6519	3	0.6006	0.000000	7.498102e+00	1.287913e+03	1.873223e+01	90.2577	1	0
125	3	242.4010	1	0.7843	0.136723	2.102761e+01	2.458696e+03	3.591191e+01	79.6178	1	1
125	0	243.3342	1	0.5349	0.000000	1.203276e+01	2.173318e+03	1.530592e+01	82.6767	1	0
126	3	244.0509	2	0.9512	-0.027177	2.780614e+01	3.586711e+03	4.053543e+01	41.9835	1	1
126	0	245.1344	2	0.3344	0.000000	4.129116e+00	8.440239e+02	8.257354e+00	80.6858	1	0
127	3	245.8518	4	0.6345	0.101187	1.142486e+01	1.334057e+03	1.860497e+01	48.2745	1	1
127	0	246.6185	4	0.3012	0.000000	8.603763e+00	1.600170e+03	1.265005e+01	100.0000	1	0
128	3	247.3353	3	0.5515	-0.061932	4.829221e+00	4.586039e+02	8.615015e+00	84.7057	1	1
128	0	248.0521	3	0.5178	0.000000	3.023251e+00	5.515732e+02	8.903344e+00	89.2962	1	0
129	1	261.3041	3	1.2515	-0.064083	2.736514e+01	3.966529e+03	3.866928e+01	34.4928	1	1
129	0	262.7114	3	0.4679	0.000000	9.721535e+00	1.743733e+03	1.914973e+01	73.4163	1	0
130	1	263.4278	2	0.6671	-0.447017	3.024163e+01	3.597808e+03	4.266944e+01	100.0000	0	1
130	0	264.2270	2	0.3680	0.000000	1.950394e+01	4.009570e+03	3.504285e+01	51.8435	1	0
131	1	265.0268	1	0.5842	-0.095707	5.381295e+00	5.736267e+02	1.107288e+01	81.0288	1	1
131	0	265.7431	1	0.1348	0.000000	5.154819e+00	9.022652e+02	8.112337e+00	55.2061	1	0
132	1	266.4596	4	0.4176	-0.254966	1.740945e+01	1.649693e+03	2.430765e+01	96.8931	0	1
132	0	267.1877	4	0.3513	0.000000	3.861359e+00	7.309785e+02	8.619237e+00	54.7521	1	0
133	1	267.8264	2	0.5845	0.150682	2.849494e+01	2.937547e+03	4.541189e+01	30.1330	1	1
133	0	268.5597	2	0.2168	0.000000	3.893524e+00	7.885569e+02	1.702025e+01	100.0000	1	0
134	1	269.2753	1	0.4513	-0.086173	4.220354e+00	4.195266e+02	8.364151e+00	100.0000	1	1
134	0	269.9918	1	0.2343	0.000000	1.578668e+00	2.812606e+02	1.780470e+00	60.2668	1	0
135	1	270.7216	4	0.8380	0.047836	1.642462e+01	1.701945e+03	4.599619e+01	12.8760	1	1
135	0	271.7084	4	0.5840	0.000000	7.270642e+00	1.425988e+03	1.966734e+01	97.7809	1	0
136	1	272.4410	3	0.7344	-0.005333	5.295629e+00	5.437151e+02	1.206845e+01	83.2416	1	1
136	0	273.3073	3	0.4345	0.000000	8.137699e+00	1.503917e+03	2.072921e+01	83.9902	1	0
137	1	274.0237	2	0.7678	-0.265384	3.028107e+01	3.429378e+03	4.658357e+01	39.4443	1	1
137	0	274.9234	2	0.3180	0.000000	7.691018e+00	1.673074e+03	2.527583e+01	52.8611	1	0
138	1	275.6397	4	0.6016	-0.092573	8.057988e+00	8.309233e+02	1.428895e+01	34.6622	1	1
138	0	276.3735	4	0.4837	0.000000	8.843874e+00	1.655779e+03	1.069671e+01	93.7572	1	0
139	1	277.0894	1	0.5016	-0.102541	6.312207e+00	6.054185e+02	1.060572e+01	90.3047	1	1
139	0	277.8061	1	0.2682	0.000000	4.890620e+00	8.707226e+02	8.364947e+00	55.1228	1	0
140	1	278.5228	3	0.9520	0.000000	1.294230e+01	1.249208e+03	2.001452e+01	71.9766	1	1
140	0	279.6237	3	0.4178	0.000000	3.680881e+00	6.760764e+02	4.827992e+00	54.2319	1	0
141	1	280.3404	4	0.5845	-0.037217	6.230328e+00	6.192805e+02	8.298126e+00	58.2226	1	1
141	0	281.0738	4	0.2679	0.000000	6.642783e+00	1.239085e+03	1.181427e+01	97.1301	1	0
142	1	281.7906	2	0.7013	0.119631	1.610275e+01	1.630438e+03	3.204340e+01	83.4494	0	1
142	0	282.6240	2	0.2846	0.000000	1.705125e+01	3.429305e+03	2.968092e+01	53.7276	1	0
143	1	283.2574	1	0.5846	-0.093311	6.820573e+00	6.768082e+02	1.059120e+01	84.5825	1	1
143	0	283.9911	1	0.3010	0.000000	4.208465e+00	7.464443e+02	6.346781e+00	55.2493	1	0
144	1	284.7077	3	1.2347	-0.034745	1.698147e+01	1.714424e+03	3.393696e+01	74.2279	1	1
144	0	286.0913	3	0.3846	0.000000	7.833375e+00	1.445094e+03	1.293609e+01	76.0622	1	0
145	3	299.3433	1	0.7680	0.315571	2.065368e+01	1.906154e+03	2.992444e+01	100.0000	0	1
145	0	300.2654	1	0.5179	0.000000	1.409434e+01	2.784310e+03	2.618777e+01	95.1888	1	0
146	3	300.9320	2	0.6511	0.056773	1.805333e+01	2.082360e+03	2.702420e+01	47.9340	1	1
146	0	301.7150	2	0.2172	0.000000	4.896307e+00	9.119536e+02	5.838472e+00	54.9564	1	0
147	3	302.4309	4	0.7009	0.034878	1.527883e+01	1.538029e+03	2.487255e+01	75.1363	1	1
147	0	303.2638	4	0.4678	0.000000	7.872776e+00	1.506358e+03	2.867278e+01	85.5383	1	0
148	3	303.9809	3	1.0002	0.035720	2.241632e+01	2.156938e+03	4.230175e+01	79.3180	1	1
148	0	305.1299	3	0.6510	0.000000	3.640154e+00	6.759300e+02	1.701138e+01	98.6186	1	0
149	3	305.9130	4	0.6341	0.073839	1.346562e+01	1.592931e+03	1.762477e+01	42.0596	1	1
149	0	306.6795	4	0.5181	0.000000	9.427348e+00	1.826359e+03	4.101099e+01	89.6259	1	0
150	3	307.3965	1	0.4670	0.380205	1.843542e+01	1.937774e+03	3.677988e+01	93.8874	1	1
150	0	309.0454	1	0.6340	0.000000	1.082241e+01	2.262095e+03	2.657645e+01	85.4464	1	0
151	3	309.8124	3	0.7843	0.038790	4.862685e+00	4.829015e+02	1.024187e+01	14.2339	1	1
151	0	310.7454	3	0.5339	0.000000	2.359265e+00	4.463057e+02	6.005740e+00	95.7080	1	0
152	3	311.4613	2	0.5014	0.080097	1.016979e+01	9.892908e+02	1.428466e+01	66.5348	1	1
152	0	312.1781	2	0.1680	0.000000	3.065032e+00	5.305639e+02	4.015359e+00	70.8374	1	0
153	3	312.8954	3	0.7678	0.141269	5.593214e+00	6.007462e+02	1.353993e+01	100.0000	1	1
153	0	313.8121	3	0.5347	0.000000	1.027269e+01	2.210084e+03	1.749318e+01	54.4780	1	0
154	3	314.5289	2	0.4178	0.167641	9.677832e+00	9.613316e+02	1.655508e+01	100.0000	1	1
154	0	315.2458	2	0.1843	0.000000	3.346650e+00	5.874059e+02	6.467180e+00	69.7041	1	0
155	3	315.9626	1	0.7344	0.243187	1.263149e+01	1.227573e+03	2.506951e+01	90.1796	1	1
155	0	316.8293	1	0.3681	0.000000	6.769228e+00	1.200395e+03	1.237156e+01	55.4283	1	0
156	3	317.5460	4	0.4345	0.067250	2.106538e+01	2.191586e+03	3.272824e+01	63.0005	1	1
156	0	318.2630	4	0.2510	0.000000	2.403835e+00	4.060566e+02	3.470426e+00	55.2505	1	0
157	3	318.9796	2	0.5682	-0.084982	3.612820e+00	3.645393e+02	8.119225e+00	100.0000	1	1
157	0	319.7090	2	0.6554	0.000000	1.088883e+01	2.312671e+03	2.364579e+01	97.2786	1	0
158	3	320.5131	1	0.6514	0.265488	9.297433e+00	8.901819e+02	2.503135e+01	100.0000	1	1
158	0	321.3134	1	0.3345	0.000000	7.129954e+00	1.239685e+03	9.722805e+00	54.2894	1	0
159	3	322.0301	4	0.6346	0.006449	1.459653e+01	1.413313e+03	3.127484e+01	65.0239	1	1
159	0	322.8136	4	0.3849	0.000000	4.082501e+00	7.274448e+02	1.051096e+01	97.8141	1	0
160	3	323.5303	3	0.8512	0.020140	1.298842e+01	1.320142e+03	2.221902e+01	62.0914	1	1
160	0	324.5138	3	0.5346	0.000000	1.056476e+01	1.987222e+03	1.465549e+01	54.4719	1	0
161	3	325.2307	4	1.1512	0.038902	1.375091e+01	1.913279e+03	2.394307e+01	31.5647	1	1
161	0	326.5309	4	0.4013	0.000000	3.167500e+00	5.680910e+02	7.736306e+00	97.1397	1	0
162	3	327.2564	3	1.0344	-0.029696	6.418243e+00	6.727303e+02	2.358056e+01	8.8586	1	1
162	0	328.4393	3	0.3676	0.000000	2.566684e+00	4.661678e+02	6.394752e+00	56.9699	1	0
163	3	329.1646	1	0.9012	0.172076	1.395746e+01	1.349216e+03	2.353052e+01	75.1069	1	1
163	0	330.2054	1	0.4176	0.000000	7.963981e+00	1.406098e+03	1.175366e+01	54.4936	1	0
164	3	330.9218	2	0.5344	0.287856	3.059259e+01	3.950988e+03	3.771014e+01	64.5898	0	1
164	0	331.6383	2	0.3343	0.000000	7.191243e+00	1.414457e+03	1.107843e+01	52.3396	1	0
165	3	332.2713	3	0.7676	-0.035238	3.192546e+00	3.290083e+02	5.780471e+00	57.7859	1	1
165	0	333.1710	3	0.4842	0.000000	7.601939e+00	1.475341e+03	1.120954e+01	53.9611	1	0
166	3	333.8986	2	0.4179	0.147521	1.134419e+01	1.157319e+03	1.678711e+01	85.7044	1	1
166	0	334.6155	2	0.2509	0.000000	4.637923e+00	6.911216e+02	5.631710e+00	54.3293	1	0
167	3	335.3321	4	0.7845	0.030914	1.908140e+01	1.873503e+03	2.553986e+01	48.1653	1	1
167	0	336.2533	4	0.3343	0.000000	2.826068e+00	5.288494e+02	6.149979e+00	60.7264	1	0
168	3	336.9698	1	0.7175	0.142183	5.963686e+00	6.417274e+02	1.567279e+01	85.2991	1	1
168	0	337.8362	1	0.4012	0.000000	6.621643e+00	1.211276e+03	1.833652e+01	97.7259	1	0
169	3	338.5526	2	0.4512	0.220409	2.026857e+01	2.080156e+03	2.633546e+01	79.8598	1	1
169	0	339.5523	2	0.3176	0.000000	3.367970e+00	7.107223e+02	8.410413e+00	100.0000	1	0
170	3	340.2687	3	0.7841	0.125431	2.969969e+00	3.435382e+02	1.203041e+01	100.0000	1	1
170	0	341.2017	3	0.4842	0.000000	3.926789e+00	7.989425e+02	1.806452e+01	96.1540	1	0
171	3	341.9182	4	0.7841	0.064238	1.754124e+01	1.899231e+03	2.483378e+01	65.1040	1	1
171	0	342.8345	4	0.4512	0.000000	5.963708e+00	1.104097e+03	8.477143e+00	98.3855	1	0
172	3	343.5509	1	0.4676	0.258024	8.441516e+00	8.011157e+02	2.434354e+01	100.0000	1	1
172	0	344.2674	1	0.3841	0.000000	4.493683e+00	7.380721e+02	5.912400e+00	78.9589	1	0
173	3	344.9838	3	1.0178	0.013110	1.955120e+01	1.871460e+03	3.131226e+01	68.6610	1	1
173	0	346.1338	3	0.4678	0.000000	3.863841e+00	7.022380e+02	6.600258e+00	88.5426	1	0
174	3	346.8506	4	0.7012	0.106860	1.111967e+01	1.156759e+03	2.044817e+01	28.2399	1	1
174	0	347.6841	4	0.3678	0.000000	6.283215e+00	1.160459e+03	7.376236e+00	53.5717	1	0
175	3	348.4008	1	0.6846	0.208279	5.831870e+00	6.473752e+02	1.996399e+01	97.1295	1	1
175	0	349.2343	1	0.3344	0.000000	2.831387e+00	5.070248e+02	1.110366e+01	100.0000	1	0
176	3	349.9511	2	0.5345	0.121896	1.896303e+01	2.296205e+03	2.499067e+01	60.9082	1	1
176	0	350.6678	2	0.1845	0.000000	4.365457e+00	8.270042e+02	8.471462e+00	63.5821	1	0
177	3	351.3846	4	0.8345	0.001316	1.311714e+01	1.765761e+03	3.326882e+01	73.5285	1	1
177	0	352.3680	4	0.3345	0.000000	2.710402e+00	4.836740e+02	8.882402e+00	98.6926	1	0
178	3	353.0848	1	0.4345	0.374709	2.276867e+01	2.048394e+03	3.538254e+01	100.0000	0	1
178	0	353.8016	1	0.4845	0.000000	7.401556e+00	1.103255e+03	1.266996e+01	64.3117	1	0
179	3	354.4519	2	0.7677	0.035137	5.244161e+00	6.238736e+02	1.402845e+01	5.5776	1	1
179	0	355.3518	2	0.6846	0.000000	4.859023e+00	1.035815e+03	1.767278e+01	99.5409	1	0
180	3	356.1687	3	0.8346	-0.021917	1.270265e+01	1.424704e+03	1.941359e+01	59.0775	1	1
180	0	357.1523	3	0.4010	0.000000	9.794776e+00	1.817004e+03	2.298206e+01	82.5850	1	0
181	3	357.8690	4	0.8345	0.042986	1.229304e+01	1.168563e+03	1.852363e+01	39.6263	1	1
181	0	358.8357	4	0.4011	0.000000	4.399453e+00	8.006190e+02	6.324695e+00	62.6095	1	0
182	3	359.5525	3	0.8513	0.070646	8.639985e+00	8.851601e+02	1.486509e+01	82.2110	1	1
182	0	360.5527	3	0.4684	0.000000	8.552623e+00	1.564118e+03	2.184421e+01	89.4686	1	0
183	3	361.2784	1	0.4842	0.182088	1.156288e+01	1.095448e+03	1.736770e+01	100.0000	1	1
183	0	361.9948	1	0.3675	0.000000	6.486863e+00	9.776451e+02	8.708223e+00	57.8465	1	0
184	3	362.7112	2	0.8676	0.080422	1.987944e+01	2.283621e+03	2.564509e+01	32.9024	1	1
184	0	363.7275	2	0.2342	0.000000	3.477212e+00	6.441114e+02	5.594607e+00	53.0642	1	0
185	3	364.4532	3	0.6850	0.054660	3.053127e+00	2.983042e+02	6.096676e+00	40.5386	1	1
185	0	365.2936	3	0.3509	0.000000	6.123822e+00	1.147296e+03	1.425926e+01	86.1836	1	0
186	3	366.0100	1	1.2509	0.074875	7.279591e+00	1.005291e+03	1.079252e+01	43.2756	1	1
186	0	367.4097	1	0.4342	0.000000	8.664441e+00	1.545206e+03	1.327511e+01	75.0663	1	0
187	3	368.1260	2	0.7680	0.118098	2.456780e+01	3.770217e+03	4.199357e+01	18.0708	1	1
187	0	369.0423	2	0.2343	0.000000	3.350917e+00	6.855732e+02	7.346873e+00	84.4501	1	0
188	3	369.7588	4	0.6842	-0.083737	7.710452e+00	8.220757e+02	1.677837e+01	72.8323	1	1
188	0	370.5751	4	0.3514	0.000000	1.857852e+00	3.649978e+02	4.623109e+00	81.8139	1	0
189	3	371.2916	2	0.4509	-0.201225	9.882027e+00	9.965620e+02	1.911864e+01	100.0000	0	1
189	0	372.0080	2	0.3510	0.000000	1.352220e+01	2.812575e+03	1.764450e+01	52.7636	1	0
190	3	372.6577	3	0.8175	-0.039315	6.909916e+00	6.769522e+02	1.455111e+01	62.1445	1	1
190	0	373.6242	3	0.6008	0.000000	1.204835e+01	2.126562e+03	2.640618e+01	79.4071	1	0
191	3	374.3571	1	0.8509	0.141718	1.732412e+01	1.883621e+03	2.846910e+01	79.4603	1	1
191	0	375.3569	1	0.4009	0.000000	7.756530e+00	1.468270e+03	1.677116e+01	94.7718	1	0
192	3	376.0734	4	0.6010	0.242149	1.780924e+01	2.069482e+03	3.169859e+01	92.1793	1	1
192	0	376.8230	4	0.4013	0.000000	1.631330e+00	2.979761e+02	6.292026e+00	55.8077	1	0
193	1	390.0905	3	1.1513	0.066746	2.306022e+01	3.085496e+03	3.298506e+01	44.1313	1	1
193	0	392.1909	3	0.6178	0.000000	9.121248e+00	1.759486e+03	2.716459e+01	83.0686	1	0
194	1	392.9577	2	0.6514	-0.217076	1.083522e+01	1.111682e+03	2.186207e+01	100.0000	1	1
194	0	393.7578	2	0.3178	0.000000	7.590681e+00	1.590853e+03	1.038554e+01	53.1800	1	0
195	1	394.4838	1	0.6675	-0.100722	1.093329e+01	1.141815e+03	1.979242e+01	87.9950	1	1
195	0	395.3080	1	0.1680	0.000000	5.067604e+00	8.862093e+02	6.599134e+00	55.3168	1	0
196	1	396.0248	4	0.4345	-0.375961	1.557406e+01	1.498975e+03	3.549516e+01	100.0000	0	1
196	0	396.7415	4	0.7513	0.000000	1.298783e+01	2.663548e+03	2.541321e+01	93.4279	1	0
197	1	397.6494	3	0.6678	-0.015872	1.625733e+00	1.923047e+02	4.823994e+00	83.1057	1	1
197	0	398.4658	3	0.3845	0.000000	1.063312e+01	2.113594e+03	1.461536e+01	53.0246	1	0
198	1	399.1920	2	0.6346	-0.116101	9.997171e+00	1.136565e+03	1.356023e+01	5.6605	1	1
198	0	399.9819	2	0.2843	0.000000	4.590598e+00	9.726578e+02	6.854462e+00	56.2876	1	0
199	1	400.6984	1	0.7175	-0.101257	6.616463e+00	6.901218e+02	1.036427e+01	96.9795	1	1
199	0	401.5481	1	0.2841	0.000000	2.125450e+00	3.682815e+02	3.305287e+00	55.4662	1	0
200	1	402.2640	4	0.6346	0.010610	8.883783e+00	8.958644e+02	1.324959e+01	3.4262	1	1
200	0	403.0470	4	0.3343	0.000000	4.096972e+00	7.739801e+02	1.415508e+01	100.0000	1	0
201	1	403.7634	2	0.5351	-0.031989	2.529161e+00	2.431086e+02	3.051276e+00	100.0000	1	1
201	0	404.4805	2	0.2342	0.000000	6.615849e+00	1.356575e+03	8.365561e+00	58.7179	1	0
202	1	405.2096	3	0.6550	0.010638	9.178016e-01	1.008732e+02	4.318608e+00	86.0111	1	1
202	0	406.0132	3	0.4343	0.000000	4.913964e+00	8.911522e+02	1.007313e+01	71.5135	1	0
203	1	406.7297	1	0.6342	-0.145628	1.050826e+01	1.019278e+03	1.473659e+01	81.2257	1	1
203	0	407.4961	1	0.3337	0.000000	8.341635e+00	1.464185e+03	1.037096e+01	55.0496	1	0
204	1	408.2118	4	1.0852	0.073359	8.102770e+00	8.562431e+02	2.218653e+01	90.7603	1	1
204	0	409.4455	4	0.5838	0.000000	7.977588e+00	1.530377e+03	2.207297e+01	88.3249	1	0
205	1	410.1779	1	0.5846	-0.187118	1.383252e+01	1.299985e+03	1.971057e+01	81.7930	0	1
205	0	410.8943	1	0.3513	0.000000	1.200119e+01	2.153794e+03	1.458819e+01	53.5374	1	0
206	1	411.5275	3	0.8177	-0.050759	5.717673e+00	5.902541e+02	9.556672e+00	68.6120	1	1
206	0	412.4939	3	0.6175	0.000000	8.862388e+00	1.604763e+03	2.794608e+01	83.5083	1	0
207	1	413.2435	2	0.6015	-0.174522	6.599219e+00	6.595348e+02	1.678609e+01	100.0000	0	1
207	0	413.9937	2	0.3013	0.000000	1.007077e+01	2.153656e+03	1.560468e+01	49.5487	1	0
208	1	414.6270	4	0.6681	-0.095961	1.020049e+01	1.022685e+03	1.618645e+01	82.7814	1	1
208	0	415.4439	4	0.6017	0.000000	9.030255e+00	1.651711e+03	1.367895e+01	86.7992	1	0
209	3	428.7297	4	1.2513	0.391898	2.819490e+01	5.404508e+03	4.780967e+01	81.3897	0	1
209	0	430.1218	4	0.5509	0.000000	1.213324e+01	2.292845e+03	1.727481e+01	98.5401	1	0
210	3	430.8134	2	0.4847	0.366590	2.040943e+01	2.096063e+03	3.495714e+01	95.8510	0	1
210	0	431.5302	2	0.3179	0.000000	5.665340e+00	9.910133e+02	1.116605e+01	72.0708	1	0
211	3	432.1636	3	0.6515	0.186686	1.367239e+01	1.562444e+03	2.380370e+01	84.6807	1	1
211	0	432.9709	3	0.4175	0.000000	1.002309e+01	1.803353e+03	1.349904e+01	54.6325	1	0
212	3	433.6873	1	0.4175	0.455284	2.609547e+01	2.330820e+03	4.250890e+01	100.0000	0	1
212	0	434.4039	1	0.2845	0.000000	8.940614e+00	1.596343e+03	1.604134e+01	96.6069	1	0
213	3	435.0364	4	0.5840	0.329776	2.394567e+01	2.648431e+03	4.447255e+01	85.3014	1	1
213	0	435.7527	4	0.6181	0.000000	6.795037e+00	1.342218e+03	2.648707e+01	95.3968	1	0
214	3	436.5030	3	0.6337	0.121615	9.187107e+00	9.196821e+02	1.910607e+01	73.6782	1	1
214	0	437.2688	3	0.4178	0.000000	8.185328e+00	1.516224e+03	1.132907e+01	58.4711	1	0
215	3	437.9853	2	0.4344	0.202593	1.184924e+01	1.193646e+03	2.062893e+01	100.0000	1	1
215	0	438.7017	2	0.2177	0.000000	6.908736e+00	1.375862e+03	1.113762e+01	54.0031	1	0
216	3	439.4309	1	0.7723	0.158194	6.618898e+00	6.392520e+02	1.532288e+01	98.3767	1	1
216	0	440.3517	1	0.3347	0.000000	1.067554e+01	2.020226e+03	1.777657e+01	95.7384	1	0
217	3	441.0675	3	0.5509	0.157851	1.662040e+01	1.575732e+03	2.783801e+01	81.3366	1	1
217	0	441.7839	3	0.4680	0.000000	5.927858e+00	1.107925e+03	1.165590e+01	79.5451	1	0
218	3	442.5172	2	0.4507	0.108524	1.028451e+01	1.076244e+03	1.532262e+01	63.6737	1	1
218	0	443.2335	2	0.2343	0.000000	5.875559e+00	1.220421e+03	8.305746e+00	100.0000	1	0
219	3	443.9505	4	0.4680	0.189171	1.878026e+01	1.886511e+03	2.651121e+01	79.3588	1	1
219	0	444.8336	4	0.4007	0.000000	3.011592e+00	5.160853e+02	9.598579e+00	100.0000	1	0
220	3	445.5499	1	0.6677	0.290450	1.218363e+01	1.283306e+03	2.906099e+01	96.0241	1	1
220	0	446.3662	1	0.3180	0.000000	5.326087e+00	9.395575e+02	1.290945e+01	63.4792	1	0
221	3	447.0821	4	0.7182	0.036822	1.249243e+01	1.221880e+03	1.956558e+01	53.3743	1	1
221	0	447.9489	4	0.5012	0.000000	5.227841e+00	9.687718e+02	1.725391e+01	98.3457	1	0
222	3	448.6655	1	0.6347	0.231416	1.011882e+01	1.086943e+03	2.347957e+01	93.0817	1	1
222	0	449.4324	1	0.3344	0.000000	6.989877e+00	1.361515e+03	1.637744e+01	93.9873	1	0
223	3	450.1492	3	0.7351	0.234821	1.213651e+01	1.178535e+03	2.401412e+01	94.4139	0	1
223	0	451.0165	3	0.5178	0.000000	1.268950e+01	2.395452e+03	1.678279e+01	53.9878	1	0
224	3	451.6667	2	0.4678	0.262841	1.565304e+01	1.572801e+03	2.650624e+01	100.0000	0	1
224	0	452.3835	2	0.2843	0.000000	9.144516e+00	1.902377e+03	1.277093e+01	52.8402	1	0
225	3	453.0168	4	0.7183	0.052742	1.200857e+01	1.256824e+03	2.466497e+01	67.0534	1	1
225	0	453.8836	4	0.3845	0.000000	4.782785e+00	9.337879e+02	7.515652e+00	77.9569	1	0
226	3	454.6004	2	0.6846	-0.022942	4.441962e+00	4.789616e+02	7.171887e+00	24.0002	1	1
226	0	455.4339	2	0.1344	0.000000	6.474158e+00	1.269959e+03	1.345993e+01	92.8123	1	0
227	3	456.1507	3	0.4680	0.196244	1.461106e+01	1.401365e+03	2.139331e+01	85.4219	1	1
227	0	456.8674	3	0.5845	0.000000	6.337464e+00	1.199620e+03	1.653912e+01	89.3840	1	0
228	3	457.6009	1	1.0679	0.108825	1.817611e+01	2.034744e+03	2.876106e+01	75.9990	1	1
228	0	458.8010	1	0.3847	0.000000	7.821671e+00	1.425025e+03	1.367708e+01	100.0000	1	0
229	3	459.5179	4	0.7016	0.049589	9.455365e+00	9.381661e+02	1.822426e+01	10.2028	1	1
229	0	460.3680	4	0.3678	0.000000	5.006270e+00	9.240262e+02	6.851780e+00	54.4554	1	0
230	3	461.0848	2	0.6011	-0.125865	5.317189e+00	5.417012e+02	1.194403e+01	100.0000	1	1
230	0	461.8182	2	0.6345	0.000000	1.460310e+01	3.125475e+03	2.184117e+01	97.4608	1	0
231	3	462.5850	3	0.8345	-0.009045	1.288185e+01	1.269586e+03	2.178744e+01	65.5564	1	1
231	0	463.5518	3	0.5178	0.000000	1.104500e+01	2.137191e+03	1.522692e+01	54.0527	1	0
232	3	464.2769	1	0.4012	0.374322	2.203944e+01	2.058443e+03	3.538924e+01	97.5968	0	1
232	0	464.9935	1	0.3345	0.000000	4.469155e+00	6.396038e+02	8.301261e+00	100.0000	1	0
233	3	465.6264	2	0.4347	0.523599	3.814136e+01	3.572494e+03	5.189824e+01	100.0000	0	1
233	0	466.3430	2	0.3012	0.000000	3.351244e+00	3.443502e+02	4.134499e+00	53.5755	1	0
234	3	466.9850	3	0.7178	-0.010109	2.907929e+00	2.807982e+02	7.176804e+00	60.0147	1	1
234	0	467.8418	3	0.4510	0.000000	7.524047e+00	1.362584e+03	2.614354e+01	82.8002	1	0
235	3	468.5583	1	1.0016	0.084784	1.465420e+01	1.897943e+03	3.169875e+01	62.9486	1	1
235	0	469.7084	1	0.3838	0.000000	5.643407e+00	9.958588e+02	8.347384e+00	54.4342	1	0
236	3	470.4243	4	0.6510	0.031716	1.216447e+01	1.166281e+03	2.474462e+01	65.7090	1	1
236	0	471.2241	4	0.4676	0.000000	4.552062e+00	8.351884e+02	5.458830e+00	55.1058	1	0
237	3	471.9412	3	0.8343	0.013110	3.207626e+00	3.457239e+02	1.516178e+01	9.3138	1	1
237	0	472.9234	3	0.3182	0.000000	3.850896e+00	6.616891e+02	9.317374e+00	82.7568	1	0
238	3	473.6400	2	0.4180	0.141293	8.007832e+00	7.724788e+02	1.399747e+01	93.0248	1	1
238	0	474.3569	2	0.2843	0.000000	5.296177e+00	9.819922e+02	7.965143e+00	53.0628	1	0
239	3	475.0733	4	1.2675	0.057814	2.270978e+01	2.439051e+03	2.962056e+01	43.3059	1	1
239	0	476.4894	4	0.5338	0.000000	4.183374e+00	7.497172e+02	6.729902e+00	54.9505	1	0
240	3	477.2054	1	0.8674	0.146306	6.798927e+00	6.776899e+02	1.441781e+01	98.6378	1	1
240	0	478.2053	1	0.6679	0.000000	1.043157e+01	2.229379e+03	2.790450e+01	88.1592	1	0
241	3	479.0220	3	1.0337	-0.016034	7.084447e+00	6.857329e+02	1.477813e+01	72.6082	1	1
241	0	480.2043	3	0.5681	0.000000	6.563932e+00	1.188993e+03	2.311982e+01	85.1981	1	0
242	3	480.9207	2	0.5346	0.083156	1.289630e+01	1.353144e+03	1.696736e+01	43.1229	1	1
242	0	481.6375	2	0.2519	0.000000	4.537918e+00	8.797872e+02	9.061599e+00	89.6231	1	0
243	3	482.3547	4	0.5345	0.106825	9.983754e+00	1.026130e+03	1.508703e+01	65.6076	1	1
243	0	483.0715	4	0.4178	0.000000	4.245664e+00	7.669913e+02	8.598790e+00	87.5580	1	0
244	3	483.8049	1	0.8011	0.165117	5.498465e+00	5.790722e+02	1.584817e+01	100.0000	1	1
244	0	484.7551	1	0.3510	0.000000	6.036181e+00	1.064879e+03	1.179380e+01	58.7922	1	0
245	3	485.4718	2	0.4678	0.239903	2.355106e+01	3.096971e+03	2.658856e+01	68.1049	0	1
245	0	486.1885	2	0.3018	0.000000	6.071141e+00	1.118571e+03	8.944388e+00	52.7998	1	0
246	3	486.8386	1	0.8013	0.094569	5.924739e+00	1.207878e+03	1.316152e+01	96.7378	1	1
246	0	487.7722	1	0.3011	0.000000	2.798902e+00	4.912611e+02	7.871276e+00	56.5216	1	0
247	3	488.4890	4	0.6845	0.050644	6.509879e+00	6.389442e+02	1.488555e+01	63.5329	1	1
247	0	489.3058	4	0.4846	0.000000	4.742290e+00	1.001120e+03	6.798213e+00	53.6510	1	0
248	3	490.0225	3	0.9685	0.042077	1.348256e+01	1.442149e+03	2.209770e+01	60.8090	1	1
248	0	491.1394	3	0.4511	0.000000	9.306456e-01	1.701480e+02	4.380379e+00	78.2901	1	0
249	3	491.8561	2	0.3845	0.114327	9.171129e+00	8.924041e+02	1.233833e+01	73.9562	1	1
249	0	492.5841	2	0.2011	0.000000	1.954542e+00	2.825731e+02	4.629856e+00	100.0000	1	0
250	3	493.3006	4	0.7342	0.094821	9.399559e+00	9.906065e+02	1.909861e+01	26.2225	1	1
250	0	494.1732	4	0.3344	0.000000	8.783032e+00	1.686826e+03	1.389113e+01	53.0375	1	0
251	3	494.8899	1	0.7346	0.092372	4.441543e+00	4.653488e+02	8.970268e+00	92.1792	1	1
251	0	495.7568	1	0.3677	0.000000	6.111866e+00	1.070711e+03	1.072003e+01	56.4296	1	0
252	3	496.4735	3	0.7678	0.158738	1.529751e+01	1.448738e+03	2.107531e+01	55.0383	0	1
252	0	497.3736	3	0.7011	0.000000	1.195492e+01	2.246577e+03	1.678279e+01	54.2330	1	0
253	3	498.2071	1	0.7512	0.246690	7.684752e+00	7.884405e+02	2.360715e+01	100.0000	0	1
253	0	499.0985	1	0.3347	0.000000	9.181242e+00	1.619027e+03	1.440221e+01	54.9394	1	0
254	3	499.7317	4	0.5011	-0.146585	9.197246e+00	8.839355e+02	1.536958e+01	46.4216	1	1
254	0	500.4482	4	0.4342	0.000000	9.064185e+00	1.723928e+03	2.086062e+01	90.7389	1	0
255	3	501.1646	3	1.6006	0.013593	2.906972e+00	3.222263e+02	1.223392e+01	90.4287	1	1
255	0	502.9139	3	0.4679	0.000000	9.520212e-01	1.816896e+02	3.784383e+00	72.0366	1	0
256	3	503.6304	2	0.6009	0.144476	7.325285e+00	6.897157e+02	1.419947e+01	99.1013	1	1
256	0	504.3635	2	0.3009	0.000000	7.476417e+00	1.348971e+03	9.993787e+00	55.1444	1	0
257	1	517.6434	4	1.1347	0.056091	1.813906e+01	1.900584e+03	2.979079e+01	73.7519	1	1
257	0	518.9270	4	0.3180	0.000000	3.820529e+00	6.839818e+02	1.341689e+01	100.0000	1	0
258	1	519.6438	3	0.6678	-0.371277	1.451014e+01	1.667425e+03	3.904391e+01	91.7824	0	1
258	0	520.4439	3	0.5847	0.000000	1.709791e+01	3.441204e+03	3.473685e+01	89.4681	1	0
259	1	521.1773	2	0.6845	-0.167190	1.483007e+01	1.751692e+03	1.723246e+01	16.9732	1	1
259	0	521.9941	2	0.2847	0.000000	8.806016e+00	1.868550e+03	1.313754e+01	52.3888	1	0
260	1	522.7110	1	0.4343	-0.197396	1.286004e+01	1.491029e+03	1.913153e+01	93.2429	0	1
260	0	523.4276	1	0.2845	0.000000	5.983785e+00	1.065007e+03	8.616517e+00	55.1045	1	0
261	1	524.0778	4	0.4845	-0.290265	1.299181e+01	1.294740e+03	2.803251e+01	100.0000	0	1
261	0	524.7899	4	0.4224	0.000000	1.178972e+01	2.303660e+03	1.682081e+01	52.5510	1	0
262	1	525.4280	3	0.7012	-0.042641	4.417686e+00	5.344267e+02	9.804427e+00	7.9545	1	1
262	0	526.2614	3	0.3845	0.000000	6.211385e+00	1.156733e+03	1.920226e+01	86.5328	1	0
263	1	526.9782	1	0.5679	-0.210015	1.561079e+01	1.479882e+03	2.015388e+01	100.0000	0	1
263	0	527.7056	1	0.3676	0.000000	1.447532e+01	2.587027e+03	1.993086e+01	53.9479	1	0
264	1	528.3388	2	0.7009	-0.143017	1.164376e+01	1.122237e+03	3.233218e+01	89.2023	1	1
264	0	529.1952	2	0.2682	0.000000	4.282786e+00	8.845169e+02	7.089393e+00	70.3573	1	0
265	1	529.9119	1	0.5512	-0.167287	1.003791e+01	9.635066e+02	1.605451e+01	100.0000	0	1
265	0	530.6287	1	0.3179	0.000000	9.695084e+00	1.722828e+03	1.606362e+01	54.6618	1	0
266	1	531.2623	2	0.6177	-0.077180	6.899119e+00	6.908208e+02	1.092216e+01	10.0517	1	1
266	0	532.0123	2	0.2511	0.000000	7.007260e+00	1.250619e+03	7.608296e+00	53.8553	1	0
267	1	532.7372	4	0.7843	-0.076975	8.895478e+00	9.377198e+02	1.448537e+01	80.3655	0	1
267	0	533.6703	4	0.4012	0.000000	1.876920e+01	3.500491e+03	2.519568e+01	54.8331	1	0
268	1	534.3126	3	0.7848	0.021330	5.195814e+00	5.683164e+02	6.760504e+00	5.2978	1	1
268	0	535.2532	3	0.3176	0.000000	6.637023e+00	1.205798e+03	9.097763e+00	66.5985	1	0
269	1	535.9695	4	0.6181	0.143394	9.356530e+00	8.811068e+02	1.405827e+01	90.9043	1	1
269	0	536.7359	4	0.3680	0.000000	6.758317e+00	1.264567e+03	1.338182e+01	98.0487	1	0
270	1	537.4525	2	0.6676	-0.084414	8.217855e+00	8.124996e+02	1.186069e+01	1.5314	1	1
270	0	538.2688	2	0.2677	0.000000	7.704691e+00	1.598679e+03	1.038513e+01	53.4683	1	0
271	1	538.9852	1	0.6342	-0.123381	9.681299e+00	9.447865e+02	1.430747e+01	60.0884	1	1
271	0	539.7683	1	0.3510	0.000000	8.762595e+00	1.532972e+03	1.236445e+01	55.0986	1	0
272	1	540.4846	3	0.9010	0.050759	8.394420e+00	8.114129e+02	1.513708e+01	70.9759	1	1
272	0	541.5344	3	0.5010	0.000000	6.163525e+00	1.208834e+03	1.128169e+01	75.5741	1	0
