Trial	Type	Onset	Target #	Time to Target	Endpoint Error	Est. Avg. Error Mag	Accum. Error x dMagProj	Max Error Mag.	Max Error Pos. (% of trajectory)	Feedback	Target (1)/Return (0)
1	1	0.7570	3	-0.0176	-2.760054	4.745806e+01	5.613860e+03	4.745806e+01	100.0000	0	1
1	0	1.0824	3	1.7346	0.000000	3.231187e+01	1.204757e+04	7.816690e+01	37.1003	1	0
2	1	2.9740	1	0.8012	0.010610	2.168417e+00	2.118681e+02	9.610814e+00	2.5222	1	1
2	0	3.9074	1	0.5515	0.000000	6.596574e+00	1.382852e+03	1.290453e+01	88.3105	1	0
3	1	4.6312	2	1.2174	-0.000000	2.495730e+01	2.615085e+03	3.907919e+01	18.6387	1	1
3	0	5.9974	2	0.4680	0.000000	1.093943e+00	2.345564e+02	5.211260e+00	97.6831	1	0
4	1	6.7139	4	1.3673	0.132902	1.011677e+01	1.067454e+03	2.681215e+01	94.0173	1	1
4	0	8.2134	4	1.0174	0.000000	7.618532e+00	1.475192e+03	2.257193e+01	81.4532	1	0
5	1	9.3629	4	1.2177	-0.079408	1.161614e+01	1.151553e+03	1.874880e+01	57.0845	1	1
5	0	10.7292	4	0.7842	0.000000	9.126189e+00	1.639135e+03	1.112097e+01	54.0376	1	0
6	1	11.6622	2	0.7011	-0.032247	5.186392e+00	7.167721e+02	1.126147e+01	27.7995	1	1
6	0	12.5120	2	0.1843	0.000000	7.920132e+00	1.743658e+03	9.382744e+00	53.1007	1	0
7	1	13.2284	3	2.3003	-0.024060	7.022881e+00	7.617115e+02	1.935568e+01	6.7243	1	1
7	0	15.6609	3	0.8011	0.000000	4.930681e+00	8.819485e+02	1.375515e+01	67.3976	1	0
8	1	16.5939	1	0.5182	-0.140483	1.519228e+01	1.668911e+03	2.012533e+01	21.7906	0	1
8	0	17.3104	1	0.4179	0.000000	2.630206e+01	6.362407e+03	3.339044e+01	50.8498	1	0
9	1	18.2101	2	0.7176	0.059209	5.829911e+00	6.417326e+02	1.018796e+01	2.0317	1	1
9	0	19.0598	2	0.2348	0.000000	3.935636e+00	7.566263e+02	9.669555e+00	100.0000	1	0
10	1	19.7766	3	2.1848	-0.024060	6.397999e+00	6.605313e+02	1.143545e+01	5.3111	1	1
10	0	22.1436	3	0.7846	0.000000	2.838341e+00	5.223631e+02	8.543417e+00	97.2174	1	0
11	1	23.0604	4	2.0681	-0.032075	2.366825e+01	2.732503e+03	3.554071e+01	79.0094	1	1
11	0	25.2774	4	0.7178	0.000000	6.451023e+00	1.197920e+03	1.855923e+01	75.0229	1	0
12	1	26.1275	1	1.0681	-0.090180	2.028279e+01	2.398973e+03	2.950282e+01	58.6665	1	1
12	0	27.3444	1	0.4678	0.000000	7.052309e+00	1.330828e+03	1.232035e+01	67.2601	1	0
13	1	28.0612	2	1.3346	0.025901	3.010100e+00	3.035292e+02	3.801618e+00	45.8134	1	1
13	0	29.5281	2	0.2512	0.000000	2.293045e+00	4.469288e+02	4.681801e+00	100.0000	1	0
14	1	30.2449	1	0.8512	0.047836	3.676554e+00	3.927560e+02	2.628545e+01	5.7754	1	1
14	0	31.2450	1	0.3512	0.000000	5.087364e+00	9.553907e+02	6.313305e+00	80.7740	1	0
15	1	31.9618	3	2.2014	0.024060	3.817743e+00	3.966618e+02	9.864325e+00	95.8289	1	1
15	0	34.3046	3	0.8511	0.000000	3.776678e+00	6.747536e+02	1.303556e+01	92.3090	1	0
16	1	35.2877	4	1.1176	0.085354	3.860275e+00	3.936558e+02	1.009506e+01	84.4523	1	1
16	0	36.5372	4	0.9004	0.000000	1.081576e+01	2.127731e+03	3.014375e+01	65.1439	1	0
17	1	37.5702	4	1.1674	-0.013368	4.999393e+00	4.812433e+02	7.058385e+00	54.5837	1	1
17	0	39.1698	4	0.9676	0.000000	2.439133e+00	4.341992e+02	6.242133e+00	91.9572	1	0
18	1	40.2860	3	1.5172	0.034745	1.517194e+01	1.528180e+03	2.705998e+01	10.2897	1	1
18	0	41.9520	3	0.9508	0.000000	7.601534e+00	1.355363e+03	2.737173e+01	63.0151	1	0
19	1	43.0517	1	0.5847	-0.100456	5.480417e+00	5.587990e+02	9.618581e+00	100.0000	1	1
19	0	43.7848	1	0.4010	0.000000	1.459133e+01	3.114521e+03	2.449469e+01	94.0864	1	0
20	1	44.5012	2	1.1174	-0.025635	1.430996e+01	1.794357e+03	2.136291e+01	25.9747	1	1
20	0	45.7508	2	0.2679	0.000000	2.495212e+00	4.564891e+02	2.797361e+00	55.1853	1	0
21	1	46.4672	4	2.0837	0.031989	5.359691e+00	5.170189e+02	1.086698e+01	98.6105	1	1
21	0	48.6831	4	0.6676	0.000000	3.717285e+00	6.476483e+02	4.574101e+00	55.2789	1	0
22	1	49.4830	2	0.7174	-0.013297	2.406805e+00	3.303239e+02	4.759210e+00	49.8380	1	1
22	0	50.3326	2	0.2510	0.000000	3.773028e+00	7.210139e+02	6.420320e+00	100.0000	1	0
23	1	51.0491	1	0.8344	-0.026732	2.911777e+00	2.813156e+02	4.819536e+00	66.6658	1	1
23	0	52.0320	1	0.3178	0.000000	1.258217e+00	2.573095e+02	3.813458e+00	56.3875	1	0
24	1	52.7485	3	1.8846	0.024060	3.825866e+00	3.753689e+02	1.109436e+01	84.8064	1	1
24	0	54.7653	3	1.4512	0.000000	6.299085e+00	1.157144e+03	2.427980e+01	97.4611	1	0
25	1	56.3488	2	0.7513	0.015624	8.875528e+00	9.738572e+02	2.525932e+01	15.2241	1	1
25	0	57.2491	2	0.5845	0.000000	1.189092e+00	2.244769e+02	3.281209e+00	96.1890	1	0
26	1	57.9658	3	1.3013	-0.114471	1.097056e+01	1.089626e+03	1.814677e+01	69.6091	1	1
26	0	59.4160	3	0.7681	0.000000	7.031317e+00	1.264238e+03	2.337800e+01	76.8627	1	0
27	1	60.3329	1	0.6178	0.032734	1.336579e+00	1.496726e+02	4.521432e+00	4.9154	1	1
27	0	61.0996	1	0.2345	0.000000	4.723612e+00	1.019139e+03	5.589917e+00	51.9352	1	0
28	1	61.8330	4	1.7681	0.024060	3.411818e+00	3.717191e+02	1.160552e+01	93.4974	1	1
28	0	63.7333	4	0.6513	0.000000	7.258972e+00	1.277519e+03	1.712303e+01	75.4945	1	0
29	1	64.5335	1	0.5512	-0.013297	3.186799e+00	3.317559e+02	4.459041e+00	26.4457	1	1
29	0	65.2502	1	0.2847	0.000000	3.097687e+00	6.374919e+02	9.397928e+00	100.0000	1	0
30	1	65.9774	4	1.1342	0.029247	1.954393e+01	1.976971e+03	3.699649e+01	8.7338	1	1
30	0	67.2672	4	0.6179	0.000000	5.662908e+00	1.006542e+03	1.345285e+01	73.6241	1	0
31	1	68.0340	2	1.0346	0.034469	4.713516e+00	6.491356e+02	7.886497e+00	8.3598	1	1
31	0	69.2009	2	0.2678	0.000000	4.405178e+00	9.975439e+02	1.263463e+01	55.8446	1	0
32	1	69.9260	3	1.1342	-0.008021	7.786269e+00	1.026935e+03	1.395531e+01	28.6311	1	1
32	0	71.2089	3	0.6842	0.000000	5.048000e+00	9.337712e+02	1.332394e+01	80.0357	1	0
33	1	72.0420	2	0.7345	-0.047963	1.615398e+01	2.021518e+03	4.024684e+01	21.4309	1	1
33	0	72.9249	2	0.2347	0.000000	4.538037e+00	9.107963e+02	6.828729e+00	100.0000	1	0
34	1	73.6514	1	0.4846	0.063407	6.515298e+00	6.433078e+02	1.016419e+01	10.1103	1	1
34	0	74.3684	1	0.2851	0.000000	3.514319e+00	6.845965e+02	4.574850e+00	53.4927	1	0
35	1	75.0851	3	1.3514	0.040085	3.310332e+00	4.271014e+02	1.210823e+01	98.0362	1	1
35	0	76.5904	3	0.6679	0.000000	5.273373e+00	9.351498e+02	1.628563e+01	72.0627	1	0
36	1	77.4068	4	0.8843	0.018615	3.596365e+00	3.955940e+02	8.736722e+00	16.8164	1	1
36	0	78.4231	4	0.6678	0.000000	3.203055e+00	6.077466e+02	9.994722e+00	81.0605	1	0
37	1	79.2395	1	0.7009	0.038247	5.982710e+00	7.149915e+02	2.084711e+01	17.2422	1	1
37	0	80.0893	1	0.4009	0.000000	3.609940e+00	8.509592e+02	6.095871e+00	60.4287	1	0
38	1	80.8057	3	1.1174	-0.002660	6.305383e+00	6.031474e+02	1.595661e+01	61.3357	1	1
38	0	82.0719	3	0.6178	0.000000	9.056073e+00	1.600898e+03	1.376129e+01	67.5657	1	0
39	1	82.8217	2	0.5508	0.026172	1.312174e+01	1.360572e+03	1.727824e+01	60.9919	1	1
39	0	83.5380	2	0.2845	0.000000	8.554630e+00	1.693924e+03	1.013050e+01	53.8469	1	0
40	1	84.2545	4	0.8510	0.016041	3.865544e+00	3.677467e+02	6.085704e+00	78.8957	1	1
40	0	85.2542	4	0.5178	0.000000	1.295991e+01	2.394279e+03	3.493219e+01	78.4765	1	0
41	1	85.9706	3	0.8511	0.053425	3.754435e+00	3.674624e+02	1.326002e+01	5.3224	1	1
41	0	86.9704	3	0.5677	0.000000	6.391087e+00	1.113916e+03	1.349914e+01	87.3558	1	0
42	1	87.6870	4	1.2513	0.034745	1.678468e+01	1.619366e+03	3.816271e+01	24.8869	1	1
42	0	89.0706	4	0.7178	0.000000	5.894017e+00	1.034060e+03	9.948672e+00	84.0531	1	0
43	1	89.9207	1	0.6012	-0.041860	4.190728e+00	4.285784e+02	9.086884e+00	2.4014	1	1
43	0	90.6708	1	0.3512	0.000000	4.567675e+00	1.012288e+03	8.122412e+00	54.3842	1	0
44	1	91.3876	2	1.2347	-0.047836	1.542373e+01	1.528347e+03	3.751471e+01	13.0417	1	1
44	0	92.7711	2	0.3512	0.000000	3.607579e+00	7.227352e+02	4.575305e+00	54.9379	1	0
45	1	93.4879	3	1.2347	-0.045423	4.872669e+00	5.045882e+02	8.859668e+00	93.3953	1	1
45	0	94.8548	3	0.6345	0.000000	4.318208e+00	7.734400e+02	6.093785e+00	54.4357	1	0
46	1	95.6382	2	0.7513	-0.089003	1.123484e+01	2.017385e+03	7.118478e+01	15.3286	0	1
46	0	96.5384	2	0.4844	0.000000	1.733919e+01	3.688344e+03	2.414160e+01	53.5867	1	0
47	1	97.1836	4	0.9228	0.060932	3.745027e+00	3.585188e+02	1.084652e+01	86.4249	1	1
47	0	98.2387	4	0.5511	0.000000	4.524935e+00	8.316430e+02	5.587894e+00	53.6207	1	0
48	1	98.9553	1	0.7513	0.023995	2.440120e+00	2.327512e+02	6.058526e+00	0.7940	1	1
48	0	99.8556	1	0.4011	0.000000	4.516299e+00	9.572025e+02	1.204633e+01	73.5519	1	0
49	1	113.1282	2	-0.0192	-1.739518	1.251446e+02	2.667732e+03	1.251446e+02	100.0000	0	1
49	0	113.2448	2	0.8507	0.000000	9.591766e+01	6.954419e+03	1.248431e+02	31.7460	1	0
50	1	114.5776	4	1.6010	-0.048091	1.193209e+01	1.327672e+03	2.775505e+01	74.4435	1	1
50	0	116.3271	4	0.6342	0.000000	6.338132e+00	1.126917e+03	2.243108e+01	83.5744	1	0
51	1	117.0934	1	0.8011	-0.031735	6.477831e+00	6.918043e+02	1.824174e+01	5.2382	1	1
51	0	118.0265	1	0.2513	0.000000	1.754445e+00	3.288290e+02	5.331937e+00	62.5179	1	0
52	1	118.7430	3	1.1340	-0.064083	6.304404e+00	6.694020e+02	2.324101e+01	16.4979	1	1
52	0	120.0091	3	0.6673	0.000000	3.745055e+00	6.684071e+02	1.125630e+01	97.4859	1	0
53	1	120.8250	1	0.5513	0.111535	5.255906e+00	5.807238e+02	1.061854e+01	100.0000	1	1
53	0	121.5417	1	0.2846	0.000000	7.583702e+00	1.547939e+03	1.063525e+01	53.8413	1	0
54	1	122.2751	2	0.6847	0.042755	6.378559e+00	6.382061e+02	1.132710e+01	81.1984	1	1
54	0	123.0918	2	0.2348	0.000000	2.751206e+00	5.076402e+02	3.305469e+00	54.7075	1	0
55	1	123.8087	4	0.7852	-0.086625	1.270517e+00	1.223732e+02	8.363824e+00	100.0000	1	1
55	0	124.7427	4	0.5178	0.000000	1.000405e+01	1.828468e+03	1.453781e+01	62.9507	1	0
56	1	125.4595	3	1.2179	-0.048091	4.333495e+00	4.813520e+02	2.153622e+01	94.6198	1	1
56	0	126.8096	3	0.6181	0.000000	6.836538e+00	1.223117e+03	1.102820e+01	73.3842	1	0
57	1	127.5765	1	0.3677	0.074412	5.747408e+00	5.672219e+02	8.352877e+00	83.8694	1	1
57	0	128.2932	1	0.2682	0.000000	3.691910e+00	8.226668e+02	1.058695e+01	73.3713	1	0
58	1	129.0101	4	1.2179	0.034561	8.021437e+00	8.307225e+02	1.725284e+01	4.2449	1	1
58	0	130.3602	4	0.6514	0.000000	1.381232e+01	2.588597e+03	2.139689e+01	53.5622	1	0
59	1	131.1604	3	1.2180	-0.045302	5.545966e+00	5.821085e+02	1.322526e+01	13.3749	1	1
59	0	132.5272	3	0.6515	0.000000	3.581521e+00	6.355246e+02	9.285966e+00	79.1102	1	0
60	1	133.3273	2	0.7180	-0.058606	1.033281e+01	1.116867e+03	2.721431e+01	11.3927	1	1
60	0	134.1775	2	0.2345	0.000000	6.006883e+00	1.192922e+03	1.129509e+01	100.0000	1	0
61	1	134.9042	3	1.4837	0.000000	6.322904e+00	1.212793e+03	1.541009e+01	31.1385	1	1
61	0	136.5364	3	0.7012	0.000000	1.462336e+00	2.588965e+02	6.338398e+00	67.6845	1	0
62	1	137.3861	1	0.4012	-0.012594	1.077828e+00	1.194992e+02	2.132200e+00	4.9147	1	1
62	0	138.1109	1	0.2678	0.000000	1.507793e+00	3.161076e+02	3.301534e+00	82.6812	1	0
63	1	138.8277	4	1.1012	0.005319	1.679357e+01	2.178069e+03	5.763467e+01	19.0588	1	1
63	0	140.0784	4	0.6511	0.000000	3.845179e+00	6.822679e+02	1.154882e+01	70.9288	1	0
64	1	140.8688	2	0.5512	0.010498	2.921296e+00	3.222604e+02	3.719624e+00	7.5867	1	1
64	0	141.5853	2	0.2844	0.000000	7.506154e+00	1.537108e+03	1.062563e+01	59.7586	1	0
65	1	142.3012	4	0.7516	0.002667	6.608515e+00	6.433022e+02	1.123331e+01	60.7212	1	1
65	0	143.2013	4	0.5343	0.000000	5.973609e+00	1.077187e+03	1.456258e+01	90.2940	1	0
66	1	143.9178	3	0.9168	-0.045423	3.128882e+00	3.026043e+02	1.011354e+01	95.5750	1	1
66	0	144.9669	3	0.6011	0.000000	3.342843e+00	5.965812e+02	6.093723e+00	55.4352	1	0
67	1	145.7166	1	0.3512	0.013123	1.582293e+00	1.600609e+02	5.180165e+00	2.0949	1	1
67	0	146.4331	1	0.4015	0.000000	5.723546e-01	1.334596e+02	2.730541e+00	100.0000	1	0
68	1	147.3328	2	0.8010	-0.023805	3.671328e+00	3.670155e+02	1.181037e+01	4.7257	1	1
68	0	148.2658	2	0.1845	0.000000	4.634339e-01	8.594800e+01	5.088000e-01	55.2808	1	0
69	1	148.9821	4	0.4009	0.129931	4.040628e+00	3.830081e+02	1.236068e+01	100.0000	1	1
69	0	149.6985	4	0.6852	0.000000	7.413933e+00	1.531602e+03	2.827700e+01	76.0441	1	0
70	1	150.5323	1	0.5007	0.073939	5.262896e+00	5.479911e+02	7.103825e+00	100.0000	1	1
70	0	151.2482	1	0.3846	0.000000	4.238283e+00	8.841177e+02	6.349929e+00	53.9199	1	0
71	1	152.2477	2	0.6343	-0.078373	7.104163e+00	7.055413e+02	8.033450e+00	51.7390	1	1
71	0	153.0142	2	0.2512	0.000000	4.257472e+00	7.915969e+02	6.852731e+00	53.9389	1	0
72	1	153.7306	3	1.1677	-0.045182	9.774452e+00	1.069135e+03	3.628574e+01	8.0794	1	1
72	0	155.0468	3	0.6515	0.000000	5.385820e+00	9.729188e+02	1.273552e+01	73.8803	1	0
73	1	155.8469	3	1.0178	-0.053425	4.788662e+00	9.066941e+02	1.677368e+01	98.8751	1	1
73	0	156.9971	3	0.5351	0.000000	2.306464e+00	4.195242e+02	6.830702e+00	71.9256	1	0
74	1	157.7145	4	1.0513	-0.068856	1.865472e+01	2.134262e+03	4.396476e+01	9.4037	1	1
74	0	158.9146	4	0.5514	0.000000	7.057784e+00	1.257510e+03	9.620811e+00	54.8494	1	0
75	1	159.6314	1	0.7512	0.002625	3.918739e+00	4.237889e+02	1.314975e+01	7.3592	1	1
75	0	160.5149	1	0.4346	0.000000	1.315563e+00	2.521118e+02	4.422439e+00	100.0000	1	0
76	1	161.2317	2	0.6678	0.053520	1.725824e+01	1.920086e+03	3.771543e+01	8.4977	1	1
76	0	162.0318	2	0.3845	0.000000	5.842989e+00	1.252094e+03	8.250516e+00	96.5798	1	0
77	1	162.7485	1	0.8513	0.133413	1.652560e+01	1.608164e+03	6.299169e+01	5.1945	1	1
77	0	163.7321	1	0.5011	0.000000	5.444649e+00	1.123454e+03	9.114528e+00	62.3255	1	0
78	1	164.4488	3	1.0680	-0.002674	5.329059e+00	5.074768e+02	9.817543e+00	70.5804	1	1
78	0	165.6657	3	0.5345	0.000000	2.611765e+00	4.520896e+02	4.062461e+00	73.6882	1	0
79	1	166.3824	4	0.7513	-0.013368	2.908458e+00	3.108590e+02	9.667319e+00	10.9868	1	1
79	0	167.2659	4	0.5178	0.000000	1.112347e+01	2.057765e+03	1.923067e+01	53.9266	1	0
80	1	167.9827	2	0.9846	-0.043899	8.673018e+00	1.067767e+03	1.260558e+01	95.2513	1	1
80	0	169.0996	2	0.2843	0.000000	7.685843e+00	1.670224e+03	1.089123e+01	53.2649	1	0
81	1	169.8257	1	0.6343	0.047458	6.023427e+00	6.046842e+02	1.269242e+01	4.5325	1	1
81	0	170.6164	1	0.4011	0.000000	3.732279e+00	7.971746e+02	4.575661e+00	54.0328	1	0
82	1	171.3332	3	0.6514	-0.147849	6.160759e+00	5.828817e+02	1.409115e+01	100.0000	0	1
82	0	172.1333	3	0.6512	0.000000	1.392391e+01	2.564158e+03	1.828146e+01	68.4445	1	0
83	1	172.9167	2	0.5680	0.066746	7.561594e+00	7.394332e+02	1.065232e+01	49.0095	1	1
83	0	173.6411	2	0.2344	0.000000	3.483942e+00	6.307214e+02	5.840750e+00	53.7246	1	0
84	1	174.3577	4	0.8340	-0.053425	1.543586e+00	1.474435e+02	5.080803e+00	100.0000	1	1
84	0	175.3406	4	0.5013	0.000000	8.851263e+00	1.571432e+03	1.693063e+01	75.1791	1	0
85	1	176.0571	1	0.4675	-0.021273	9.380297e-01	9.510585e+01	2.186742e+00	12.6258	1	1
85	0	176.7840	1	0.2846	0.000000	3.357849e+00	6.537482e+02	4.827904e+00	50.7698	1	0
86	1	177.7064	3	0.8007	-0.177264	3.480790e+00	4.217973e+02	1.677791e+01	100.0000	0	1
86	0	178.6394	3	0.6676	0.000000	1.529162e+01	2.698094e+03	2.014213e+01	52.8504	1	0
87	1	179.4391	2	0.4510	0.040484	3.130497e+00	3.844925e+02	6.540007e+00	12.4428	1	1
87	0	180.1555	2	0.2181	0.000000	6.376580e+00	1.010828e+03	1.121591e+01	75.3824	1	0
88	1	180.8721	4	0.9675	-0.067781	1.550398e+01	1.518628e+03	2.018824e+01	79.9201	1	1
88	0	181.9883	4	0.5842	0.000000	1.129780e+01	2.101066e+03	2.334659e+01	80.1965	1	0
89	1	182.7048	3	0.7674	0.050759	5.373456e+00	5.366299e+02	2.031262e+01	6.1203	0	1
89	0	183.6044	3	0.5677	0.000000	2.106069e+01	3.782161e+03	2.881098e+01	79.1880	1	0
90	1	184.3209	1	0.5008	0.023415	1.722705e+00	2.079519e+02	4.593811e+00	18.0256	1	1
90	0	185.0372	1	0.3844	0.000000	3.156667e+00	7.540657e+02	5.083981e+00	53.0999	1	0
91	1	185.7539	4	1.0677	-0.008000	1.839301e+01	1.959248e+03	4.201119e+01	13.3289	1	1
91	0	186.9700	4	0.5512	0.000000	1.357408e+01	2.545488e+03	3.072514e+01	92.9563	1	0
92	1	187.6864	2	0.9511	-0.131551	5.633957e+00	5.762067e+02	1.311466e+01	100.0000	1	1
92	0	188.7860	2	0.3011	0.000000	1.150804e+01	2.531323e+03	1.760640e+01	52.7142	1	0
93	1	189.5027	3	1.1846	0.018714	4.658625e+00	6.163381e+02	9.892498e+00	28.6532	1	1
93	0	190.8361	3	0.6512	0.000000	4.271108e+00	7.663094e+02	1.161639e+01	55.5832	1	0
94	1	191.6196	4	0.9346	0.197396	1.898199e+01	2.044033e+03	2.594912e+01	11.6988	1	1
94	0	192.6865	4	0.5845	0.000000	7.984490e+00	1.443486e+03	1.781564e+01	76.2838	1	0
95	1	193.4199	1	0.4346	-0.189793	9.022982e+00	8.853565e+02	1.823795e+01	100.0000	0	1
95	0	194.1367	1	0.4012	0.000000	8.087280e+00	1.578707e+03	1.802766e+01	70.5948	1	0
96	1	194.7702	2	0.6177	-0.101257	4.741321e+00	5.269590e+02	9.617802e+00	100.0000	1	1
96	0	195.5202	2	0.3012	0.000000	1.412579e+01	3.085701e+03	2.065974e+01	63.3586	1	0
97	1	208.7723	4	-0.0155	1.060308	1.109841e+02	6.897787e+03	1.109841e+02	100.0000	0	1
97	0	208.9126	4	0.7010	0.000000	1.125722e+02	1.633662e+04	1.269041e+02	84.0736	1	0
98	1	210.0452	3	1.4010	-0.053425	8.726137e+00	1.653098e+03	2.259712e+01	93.6960	1	1
98	0	211.5783	3	0.5510	0.000000	7.655361e+00	1.318022e+03	1.370857e+01	72.1716	1	0
99	1	212.2949	1	0.3841	-0.007792	4.258494e+00	4.947530e+02	1.086151e+01	27.3813	1	1
99	0	213.0112	1	0.2510	0.000000	2.409456e+00	5.869468e+02	5.028139e+00	100.0000	1	0
100	1	213.7443	2	0.5676	0.020353	4.744698e+00	5.040562e+02	1.652838e+01	6.3863	1	1
100	0	214.4607	2	0.2178	0.000000	3.002020e+00	6.231804e+02	7.524776e+00	85.2336	1	0
101	1	215.1772	4	0.7341	-0.018664	1.028692e+01	9.911475e+02	1.709417e+01	52.9703	1	1
101	0	216.0432	4	0.4849	0.000000	5.884536e+00	1.070293e+03	6.852649e+00	54.9995	1	0
102	1	216.7600	3	0.9178	0.055942	6.861479e+00	6.679632e+02	1.993730e+01	79.9000	1	1
102	0	217.8262	3	0.5011	0.000000	5.995103e+00	1.038873e+03	9.837272e+00	67.6314	1	0
103	1	218.5427	2	0.8177	0.050489	1.784166e+01	1.822084e+03	4.552679e+01	7.4506	1	1
103	0	219.5089	2	0.2679	0.000000	2.887178e+00	5.903578e+02	7.788276e+00	98.0136	1	0
104	1	220.2255	1	0.5011	0.000000	1.283790e+01	1.267209e+03	4.289087e+01	5.6232	1	1
104	0	220.9419	1	0.2345	0.000000	8.116728e+00	1.665961e+03	1.602636e+01	85.5020	1	0
105	1	221.6584	3	1.1007	0.002674	5.609664e+00	5.756321e+02	1.483358e+01	21.5986	1	1
105	0	222.9078	3	0.6345	0.000000	7.900438e+00	1.407093e+03	1.513434e+01	72.5841	1	0
106	1	223.6745	4	0.6849	-0.077180	8.807338e+00	8.851319e+02	2.891200e+01	7.6266	1	1
106	0	224.5080	4	0.7013	0.000000	1.514511e+01	2.734354e+03	2.065748e+01	54.4431	1	0
107	1	225.3415	2	0.7344	-0.124355	1.270522e+01	1.316646e+03	1.686835e+01	27.3875	1	1
107	0	226.2082	2	0.2680	0.000000	3.728176e+00	8.035464e+02	3.814011e+00	54.1488	1	0
108	1	226.9250	1	0.5012	-0.083986	5.945377e+00	5.944289e+02	1.764878e+01	5.3561	1	1
108	0	227.6419	1	0.2344	0.000000	6.178919e+00	1.291766e+03	8.622793e+00	52.1634	1	0
109	1	228.3586	2	0.6345	0.046719	1.447047e+01	1.415957e+03	2.145977e+01	15.8291	1	1
109	0	229.1254	2	0.3011	0.000000	2.831747e+00	5.558252e+02	6.601600e+00	55.8263	1	0
110	1	229.8421	4	0.8012	0.050759	6.365827e+00	6.060402e+02	2.767637e+01	93.0106	1	1
110	0	230.7756	4	0.5679	0.000000	9.387884e+00	1.739132e+03	2.215484e+01	60.2605	1	0
111	1	231.4925	3	1.3679	0.042755	3.919703e+00	4.831416e+02	7.779193e+00	60.6443	1	1
111	0	232.9927	3	0.8349	0.000000	7.222183e+00	1.285046e+03	1.816915e+01	62.6924	1	0
112	1	233.9762	1	0.4512	-0.100192	6.012755e+00	6.852036e+02	9.867352e+00	98.4066	1	1
112	0	234.6929	1	0.2678	0.000000	5.086676e+00	1.184902e+03	9.634071e+00	53.6515	1	0
113	1	235.4204	4	0.7175	-0.018664	1.174289e+00	1.149185e+02	4.183176e+00	2.4747	1	1
113	0	236.6266	4	0.5678	0.000000	5.810677e+00	1.148862e+03	1.843218e+01	78.8238	1	0
114	1	237.3434	1	0.4846	-0.071876	1.787217e+00	1.726170e+02	7.353059e+00	94.4123	1	1
114	0	238.0601	1	0.3179	0.000000	2.799790e+00	5.877814e+02	7.127991e+00	100.0000	1	0
115	1	238.7769	2	0.6178	-0.085649	1.021191e+01	1.069082e+03	2.878570e+01	7.0603	1	1
115	0	239.5271	2	0.4511	0.000000	8.699806e+00	1.760038e+03	1.088454e+01	55.3449	1	0
116	1	240.2521	3	1.1507	-0.058599	5.983087e+00	5.732827e+02	1.501396e+01	2.8796	1	1
116	0	241.5516	3	0.5346	0.000000	1.014334e+01	1.798421e+03	1.447637e+01	68.5631	1	0
117	1	242.2774	4	0.8845	-0.013368	1.200990e+01	1.300587e+03	2.840160e+01	14.2548	1	1
117	0	243.3011	4	0.4845	0.000000	5.300279e+00	9.314917e+02	1.561139e+01	94.7427	1	0
118	1	244.0174	3	0.9341	-0.066568	8.273392e+00	8.621416e+02	1.362996e+01	65.0145	1	1
118	0	245.0838	3	0.3512	0.000000	4.122763e+00	7.658395e+02	8.862093e+00	56.2413	1	0
119	1	245.8002	1	0.3845	-0.068494	4.099550e+00	3.943468e+02	6.598972e+00	100.0000	1	1
119	0	246.5281	1	0.3010	0.000000	5.551838e+00	1.263093e+03	7.870236e+00	53.7866	1	0
120	1	247.2448	2	0.7012	-0.039662	1.167766e+01	1.487786e+03	1.704311e+01	24.7794	1	1
120	0	248.0826	2	0.2680	0.000000	8.465178e+00	1.741601e+03	1.013395e+01	53.9362	1	0
121	1	248.7992	4	0.9676	-0.047963	7.499777e+00	7.186277e+02	1.350406e+01	75.4245	1	1
121	0	249.9155	4	0.5675	0.000000	7.449541e+00	1.443012e+03	1.535746e+01	79.7114	1	0
122	1	250.6318	1	0.4680	-0.170424	9.953224e+00	1.083113e+03	1.855310e+01	100.0000	1	1
122	0	251.3483	1	0.2511	0.000000	9.887415e+00	2.219466e+03	1.389853e+01	53.2478	1	0
123	1	252.0647	3	1.0008	-0.053001	2.606646e+00	2.536385e+02	5.839432e+00	95.2404	1	1
123	0	253.2143	3	0.4846	0.000000	7.306441e+00	1.278859e+03	1.012108e+01	55.3667	1	0
124	1	253.9307	2	0.5347	-0.083773	1.585462e+01	1.802995e+03	2.814638e+01	3.3308	1	1
124	0	254.6471	2	0.2513	0.000000	7.488050e+00	1.620960e+03	8.625867e+00	53.5595	1	0
125	1	255.3636	3	0.9844	-0.064083	3.728115e+01	3.652467e+03	8.380192e+01	16.3215	1	1
125	0	256.4800	3	0.7009	0.000000	7.633268e+00	1.323056e+03	1.859449e+01	63.1325	1	0
126	1	257.3298	2	0.4512	-0.005076	9.727277e+00	1.015972e+03	2.466066e+01	12.5144	1	1
126	0	258.0465	2	0.2510	0.000000	3.345683e+00	7.349172e+02	4.829542e+00	53.2300	1	0
127	1	258.7633	4	0.8679	0.233022	1.021490e+01	1.019075e+03	2.537362e+01	87.3236	0	1
127	0	259.7801	4	0.7012	0.000000	1.579186e+01	2.832199e+03	2.440018e+01	53.1837	1	0
128	1	260.6302	1	0.4513	-0.055499	2.581879e+00	2.491729e+02	5.587159e+00	98.6648	1	1
128	0	261.3469	1	0.2679	0.000000	3.650547e+00	6.776295e+02	8.362633e+00	100.0000	1	0
129	1	262.0638	4	0.9512	-0.127644	1.667565e+01	1.609389e+03	2.477864e+01	84.6061	1	1
129	0	263.1473	4	0.5680	0.000000	3.628801e+00	6.454126e+02	5.587562e+00	54.4064	1	0
130	1	263.8641	2	0.4846	-0.145864	1.082481e+01	1.057268e+03	1.434699e+01	100.0000	1	1
130	0	264.5809	2	0.2517	0.000000	8.133354e+00	1.776305e+03	1.264567e+01	53.2699	1	0
131	1	265.2977	1	0.5678	-0.029325	7.655854e+00	7.333318e+02	1.059499e+01	4.2165	1	1
131	0	266.0310	1	0.2178	0.000000	3.460274e+00	6.140051e+02	5.585120e+00	61.8220	1	0
132	1	266.7431	3	1.2061	0.074528	4.018626e+00	3.913561e+02	1.482252e+01	97.6892	1	1
132	0	268.0980	3	0.6345	0.000000	6.314100e+00	1.105199e+03	1.384090e+01	56.7400	1	0
133	1	268.8648	2	0.4679	0.055921	3.478666e+00	3.571877e+02	1.236890e+01	5.2276	1	1
133	0	269.5817	2	0.1843	0.000000	6.675364e+00	1.499889e+03	8.433320e+00	96.2178	1	0
134	1	270.2984	3	1.3681	-0.002674	1.493085e+01	1.497139e+03	6.688434e+01	3.2958	1	1
134	0	271.8153	3	0.6345	0.000000	2.614077e+00	4.690530e+02	1.104444e+01	100.0000	1	0
135	1	272.5821	4	0.8178	-0.135528	6.460289e+00	7.797488e+02	1.410023e+01	9.0120	1	1
135	0	273.5323	4	0.7845	0.000000	1.455552e+01	2.630255e+03	2.875404e+01	81.8308	1	0
136	1	274.4490	1	0.7013	-0.053657	5.410868e+00	5.650341e+02	8.603607e+00	84.3631	1	1
136	0	275.2991	1	0.3346	0.000000	7.838521e+00	1.727050e+03	1.294741e+01	77.5092	1	0
137	1	276.0233	2	1.0338	-0.096637	9.343152e+00	1.017867e+03	1.810693e+01	2.9914	1	1
137	0	277.1896	2	0.3343	0.000000	1.542970e+01	3.109823e+03	1.854679e+01	56.7295	1	0
138	1	277.9061	3	1.1833	-0.082699	1.191236e+01	1.195596e+03	4.377949e+01	17.5375	1	1
138	0	279.2218	3	0.6678	0.000000	1.095701e+01	1.930340e+03	1.368772e+01	83.5342	1	0
139	1	280.0382	4	0.8843	0.171628	8.118220e+00	9.229135e+02	2.222695e+01	96.3901	1	1
139	0	281.0711	4	0.5678	0.000000	1.131149e+01	1.978182e+03	1.946405e+01	78.0611	1	0
140	1	281.7875	1	0.6012	-0.046003	3.595690e+00	3.907836e+02	7.343909e+00	78.9398	1	1
140	0	282.5372	1	0.3180	0.000000	3.984002e+00	7.991065e+02	6.601844e+00	53.5056	1	0
141	1	283.2537	4	1.1343	0.000000	6.910042e+00	7.648301e+02	1.049622e+01	15.6106	1	1
141	0	284.5201	4	0.6173	0.000000	6.862283e+00	1.211629e+03	2.010333e+01	79.0381	1	0
142	1	285.2697	3	1.0508	0.042755	3.918883e+00	4.081742e+02	1.506966e+01	3.5578	1	1
142	0	286.4527	3	0.5510	0.000000	2.549270e+00	4.595146e+02	5.081316e+00	55.0359	1	0
143	1	287.1690	1	0.5011	0.015503	2.868167e+00	3.024710e+02	8.940422e+00	8.0680	1	1
143	0	287.8855	1	0.3012	0.000000	1.848778e+00	4.520845e+02	4.576220e+00	51.8143	1	0
144	1	288.6019	2	0.5518	0.251690	2.563321e+01	2.444143e+03	2.911476e+01	59.2172	1	1
144	0	289.3355	2	0.2680	0.000000	2.498437e+00	5.008699e+02	8.646713e+00	100.0000	1	0
145	1	302.5867	2	0.9012	0.076188	1.781525e+01	1.972930e+03	4.720383e+01	11.5136	1	1
145	0	303.6201	2	0.2847	0.000000	6.299715e+00	1.379881e+03	1.164521e+01	54.3826	1	0
146	1	304.3369	3	1.1513	-0.042528	8.257246e+00	8.272989e+02	2.671112e+01	0.2539	1	1
146	0	305.6204	3	0.6013	0.000000	7.015478e+00	1.327190e+03	1.713087e+01	92.9397	1	0
147	1	306.3540	4	1.2846	-0.080043	1.247953e+01	1.634208e+03	4.027129e+01	24.6139	1	1
147	0	307.7708	4	0.6011	0.000000	4.006469e+00	7.353115e+02	6.346287e+00	52.4215	1	0
148	1	308.5042	1	0.5347	-0.076168	6.076936e+00	6.386919e+02	1.000606e+01	4.2067	1	1
148	0	309.2289	1	0.2842	0.000000	3.436859e+00	6.738202e+02	5.082304e+00	54.4608	1	0
149	1	309.9453	2	0.5676	-0.076168	4.274891e+00	4.144846e+02	7.356300e+00	100.0000	1	1
149	0	310.6617	2	0.2343	0.000000	8.191682e+00	1.532148e+03	8.618782e+00	54.3480	1	0
150	1	311.3776	4	1.0176	0.061420	8.057888e+00	7.655147e+02	1.595780e+01	82.9369	1	1
150	0	312.5272	4	0.4678	0.000000	2.642209e+00	4.942768e+02	8.890400e+00	100.0000	1	0
151	1	313.2436	1	0.3679	0.071836	8.247855e+00	9.808228e+02	1.211705e+01	15.2820	1	1
151	0	313.9712	1	0.3178	0.000000	4.879701e+00	1.210046e+03	7.959409e+00	86.9678	1	0
152	1	314.6879	3	0.9018	0.021387	1.993179e+00	1.930730e+02	4.573348e+00	94.6499	1	1
152	0	315.7266	3	0.5680	0.000000	4.498348e+00	7.979601e+02	7.852946e+00	62.2404	1	0
153	1	316.4431	4	0.9504	0.048091	4.459569e+00	4.623115e+02	1.246575e+01	8.1827	1	1
153	0	317.5253	4	0.5677	0.000000	4.312158e+00	7.825851e+02	6.593798e+00	64.5238	1	0
154	1	318.2419	2	0.5843	-0.143017	8.703846e+00	8.335532e+02	1.359751e+01	100.0000	1	1
154	0	318.9583	2	0.5012	0.000000	1.596801e+01	3.785603e+03	2.033796e+01	86.7023	1	0
155	1	319.6749	3	0.8843	-0.050623	3.385524e+00	4.028182e+02	1.733968e+01	5.5898	1	1
155	0	320.7078	3	0.6175	0.000000	5.647584e+00	1.019332e+03	1.368001e+01	72.6869	1	0
156	1	321.4742	1	0.3845	-0.041003	4.466219e+00	4.734907e+02	1.423750e+01	6.4742	1	1
156	0	322.1905	1	0.2679	0.000000	3.687911e+00	8.516318e+02	6.924421e+00	95.7604	1	0
157	1	322.9903	4	0.7176	-0.127644	9.134019e+00	9.519002e+02	1.850902e+01	10.9038	1	1
157	0	323.8400	4	0.3680	0.000000	5.884613e+00	1.028531e+03	7.607788e+00	54.4088	1	0
158	1	324.5564	3	1.1509	-0.010695	5.906003e+00	6.496485e+02	2.060075e+01	96.2781	1	1
158	0	325.8396	3	0.7512	0.000000	3.136973e+00	5.564785e+02	7.266314e+00	87.3247	1	0
159	1	326.7231	1	0.4682	-0.033561	4.278397e+00	4.563686e+02	5.429760e+00	20.9630	1	1
159	0	327.4399	1	0.3681	0.000000	2.993907e+00	6.913817e+02	4.804769e+00	83.2905	1	0
160	1	328.6568	2	0.4011	0.076772	7.173113e+00	7.348190e+02	1.273211e+01	2.4370	1	1
160	0	329.3741	2	0.2011	0.000000	7.004007e+00	1.020492e+03	1.027822e+01	95.3780	1	0
161	1	330.0909	1	0.8178	-0.088007	7.703054e+00	7.379495e+02	4.298736e+01	1.3274	1	1
161	0	331.0410	1	0.3018	0.000000	2.563890e+00	5.066880e+02	3.558424e+00	67.5974	1	0
162	1	331.7578	2	0.9180	-0.105428	2.443878e+01	2.508240e+03	5.694036e+01	4.6930	1	1
162	0	332.8246	2	0.3181	0.000000	9.868185e+00	1.701443e+03	1.285866e+01	55.4223	1	0
163	1	333.5413	3	1.3014	-0.055942	8.969632e+00	8.886061e+02	2.916718e+01	4.8334	1	1
163	0	334.9749	3	0.6679	0.000000	4.373554e+00	7.771760e+02	7.101720e+00	59.8526	1	0
164	1	335.7750	4	1.0013	-0.069407	2.004884e+01	2.048408e+03	3.244287e+01	92.7869	1	1
164	0	336.9086	4	0.5351	0.000000	2.023535e+00	3.690738e+02	9.508431e+00	79.0029	1	0
165	1	337.6254	1	0.3512	-0.080585	5.505408e+00	5.883802e+02	8.621636e+00	100.0000	1	1
165	0	338.3524	1	0.3513	0.000000	7.862778e+00	1.912698e+03	1.377413e+01	81.5961	1	0
166	1	339.0756	4	0.6519	0.052861	6.805089e+00	6.873979e+02	1.330227e+01	14.6571	1	1
166	0	339.8757	4	0.6178	0.000000	6.526605e+00	1.180586e+03	1.257224e+01	83.1450	1	0
167	1	340.6258	3	0.6346	0.066568	7.244379e+00	7.054537e+02	1.213666e+01	55.4081	1	1
167	0	341.4093	3	0.7178	0.000000	8.714789e+00	1.665939e+03	1.898811e+01	53.4000	1	0
168	1	342.2595	2	0.7345	0.054633	5.866157e+00	6.614618e+02	1.242442e+01	14.3919	1	1
168	0	343.1341	2	0.4846	0.000000	8.092231e+00	1.756549e+03	1.439092e+01	55.2674	1	0
169	1	343.8506	3	0.8501	0.013368	1.831321e+01	1.760640e+03	3.763246e+01	5.2459	1	1
169	0	344.8330	3	0.5178	0.000000	1.991615e+00	3.587832e+02	3.795511e+00	89.0623	1	0
170	1	345.5496	4	0.7673	-0.037316	1.113150e+01	1.089398e+03	1.781949e+01	10.2531	1	1
170	0	346.4657	4	0.4676	0.000000	3.340796e+00	6.283186e+02	7.618872e+00	96.0586	1	0
171	1	347.1828	2	0.4508	-0.010695	8.727814e-01	9.559714e+01	1.017554e+00	100.0000	1	1
171	0	347.8992	2	0.2347	0.000000	5.834342e+00	1.281841e+03	6.604166e+00	53.7595	1	0
172	1	348.6270	1	0.3512	-0.022553	4.352509e+00	4.568280e+02	1.978950e+01	3.3414	1	1
172	0	349.3439	1	0.2511	0.000000	4.973849e+00	1.197907e+03	9.331914e+00	94.1985	1	0
173	1	350.0606	4	0.9179	0.208170	2.315103e+01	2.458229e+03	2.896978e+01	94.4041	1	1
173	0	351.1148	4	0.6678	0.000000	8.516930e+00	1.506642e+03	2.609724e+01	66.1560	1	0
174	1	351.9311	2	0.5338	0.239175	1.251671e+01	1.636917e+03	2.446896e+01	100.0000	0	1
174	0	352.6470	2	0.3843	0.000000	2.244686e+01	4.559736e+03	2.526990e+01	53.2967	1	0
175	1	353.2801	1	0.4176	0.139304	7.655904e+00	7.627325e+02	1.358578e+01	95.3216	1	1
175	0	354.0106	1	0.3210	0.000000	2.413642e+00	5.666331e+02	4.869400e+00	100.0000	1	0
176	1	354.7301	3	1.0678	0.354966	2.542088e+01	2.480591e+03	3.456284e+01	98.3335	1	1
176	0	355.9465	3	0.6836	0.000000	1.069216e+01	1.968290e+03	1.533404e+01	55.1113	1	0
177	1	356.7789	2	0.7678	-0.265630	1.668291e+01	2.124911e+03	6.101387e+01	9.1882	0	1
177	0	357.6954	2	0.3848	0.000000	2.703615e+01	5.847793e+03	3.538829e+01	52.8658	1	0
178	1	358.3290	1	1.0173	0.055645	6.880141e+00	9.144270e+02	2.541712e+01	12.3742	1	1
178	0	359.4947	1	0.3847	0.000000	8.265082e+00	1.510077e+03	2.128623e+01	98.7805	1	0
179	1	360.2116	3	1.7352	0.088007	8.308831e+00	1.204357e+03	2.105172e+01	95.9759	1	1
179	0	362.0791	3	1.0179	0.000000	7.889519e+00	1.357789e+03	1.299244e+01	83.4990	1	0
180	1	363.2460	4	1.0346	-0.152252	1.365077e+01	1.338984e+03	1.481641e+01	96.2066	1	1
180	0	364.4294	4	0.5345	0.000000	1.313288e+01	2.340384e+03	1.459487e+01	55.0693	1	0
181	1	365.1462	4	0.6679	-0.140403	4.901500e+00	5.108952e+02	1.335068e+01	100.0000	0	1
181	0	365.9463	4	0.5512	0.000000	1.492668e+01	2.689940e+03	1.898294e+01	54.5221	1	0
182	1	366.6464	1	0.8347	0.202259	7.006916e+00	7.597727e+02	2.018659e+01	100.0000	0	1
182	0	367.6133	1	0.3178	0.000000	1.683099e+01	3.315585e+03	2.168136e+01	53.6392	1	0
183	1	368.2467	2	0.6679	0.026589	6.147379e+00	6.355476e+02	9.584705e+00	8.7290	1	1
183	0	369.0636	2	0.2514	0.000000	1.549944e+00	2.824169e+02	1.778936e+00	89.3666	1	0
184	1	369.7803	3	0.9846	0.148628	9.005811e+00	8.673055e+02	2.993263e+01	2.8938	1	1
184	0	370.8971	3	0.8346	0.000000	7.499550e+00	1.329236e+03	9.869877e+00	54.2580	1	0
185	1	371.8807	4	1.5680	0.018615	1.231387e+01	1.333523e+03	2.037200e+01	95.0020	1	1
185	0	373.5976	4	0.5845	0.000000	3.376955e+00	6.054593e+02	1.054611e+01	73.6748	1	0
186	1	374.3236	3	1.3009	0.050355	1.799996e+01	2.549827e+03	5.764742e+01	10.1961	1	1
186	0	375.7813	3	0.7346	0.000000	6.639335e+00	1.192206e+03	2.162394e+01	78.9942	1	0
187	1	376.6646	1	0.6514	0.041003	3.982284e+00	5.080560e+02	5.199949e+00	15.7180	1	1
187	0	377.4649	1	0.2511	0.000000	2.885244e+00	6.067398e+02	7.333907e+00	74.8327	1	0
188	1	378.1889	2	0.5342	0.110106	1.070237e+01	1.098697e+03	1.142279e+01	2.7093	1	1
188	0	378.9053	2	0.2011	0.000000	1.093508e+01	2.076571e+03	1.112952e+01	54.4782	1	0
189	1	379.6218	1	0.8008	0.030603	9.616412e+00	1.219839e+03	3.863976e+01	12.1302	1	1
189	0	380.5715	1	0.4847	0.000000	1.562887e+00	3.332015e+02	2.543420e+00	54.4006	1	0
190	1	381.2879	4	0.8176	-0.029325	6.153508e+00	5.994195e+02	8.180310e+00	38.4655	1	1
190	0	382.2543	4	0.2676	0.000000	5.700601e+00	1.018141e+03	8.105904e+00	59.3012	1	0
191	1	382.9706	2	1.0341	0.028270	2.802573e+00	4.543740e+02	3.304318e+00	49.1019	1	1
191	0	384.1536	2	0.2011	0.000000	2.650582e+00	5.486103e+02	6.371020e+00	100.0000	1	0
192	1	384.8700	3	1.0510	0.021387	1.039116e+01	1.036680e+03	3.777599e+01	9.4043	1	1
192	0	386.0697	3	0.7342	0.000000	7.181998e+00	1.284270e+03	1.348215e+01	71.7031	1	0
193	1	399.5015	3	-0.0154	3.003930	1.385980e+01	1.386569e+03	1.385980e+01	100.0000	1	1
193	0	401.3019	3	0.5344	0.000000	4.929321e+00	8.959879e+02	1.530516e+01	58.0382	1	0
194	1	402.0185	4	1.6848	0.002667	4.340233e+00	4.422290e+02	1.649981e+01	90.0709	1	1
194	0	403.8522	4	0.3344	0.000000	7.608948e+00	1.461377e+03	1.745584e+01	76.9612	1	0
195	1	404.5691	2	0.6344	-0.102541	6.321558e+00	7.203790e+02	1.515451e+01	54.4630	1	1
195	0	405.3358	2	0.2844	0.000000	1.220069e+01	2.711588e+03	1.613039e+01	52.8459	1	0
196	1	406.0526	1	0.3178	-0.023868	8.204267e+00	7.882165e+02	1.350756e+01	26.9122	1	1
196	0	406.7793	1	0.2182	0.000000	1.912203e+00	4.680901e+02	4.570813e+00	73.0099	1	0
197	1	407.7694	2	0.6345	-0.000000	5.981052e+00	6.214339e+02	1.140318e+01	7.6866	1	1
197	0	408.5362	2	0.2012	0.000000	5.916481e+00	1.111081e+03	1.058942e+01	64.2847	1	0
198	1	409.2618	4	1.3173	0.050759	6.753141e+00	8.819659e+02	1.159810e+01	91.8521	1	1
198	0	410.7200	4	0.5514	0.000000	1.310515e+00	2.308010e+02	4.689339e+00	100.0000	1	0
199	1	411.4367	3	0.7677	0.000000	1.063136e+01	1.090237e+03	1.734405e+01	56.7694	1	1
199	0	412.3442	3	0.6842	0.000000	9.013205e+00	1.632262e+03	2.464299e+01	93.8084	1	0
200	1	413.1772	1	0.4180	-0.066568	2.418446e+00	2.468872e+02	7.799438e+00	5.1623	1	1
200	0	413.9037	1	0.2185	0.000000	3.721077e+00	7.236748e+02	5.586562e+00	62.0790	1	0
201	1	414.6205	2	1.2845	0.111515	4.976143e+00	7.172218e+02	1.087139e+01	100.0000	1	1
201	0	416.0429	2	0.2676	0.000000	7.128968e+00	1.311978e+03	1.112761e+01	55.3802	1	0
202	1	416.7594	3	0.9674	-0.048091	1.250666e+01	1.211975e+03	2.487479e+01	78.4603	1	1
202	0	417.8756	3	0.5842	0.000000	3.497214e+00	6.245515e+02	5.081140e+00	54.4859	1	0
203	1	418.5921	1	0.4009	0.015583	1.595254e+00	1.563132e+02	2.276901e+00	21.9971	1	1
203	0	419.3085	1	0.3343	0.000000	3.459553e+00	8.257052e+02	4.818731e+00	100.0000	1	0
204	1	420.0380	4	0.7377	-0.008021	1.501707e+01	1.600397e+03	3.197333e+01	12.8472	1	1
204	0	420.9246	4	0.4511	0.000000	5.799585e+00	1.119759e+03	2.264045e+01	98.6877	1	0
205	1	421.6410	3	1.0179	-0.013368	6.525775e+00	7.017251e+02	1.323087e+01	74.2068	1	1
205	0	422.8074	3	0.5845	0.000000	3.930150e+00	7.285329e+02	1.087541e+01	54.5259	1	0
206	1	423.5404	2	0.4342	0.030447	6.649058e+00	7.689390e+02	1.744865e+01	17.4042	1	1
206	0	424.2568	2	0.2011	0.000000	3.346129e+00	5.730791e+02	3.557613e+00	64.4480	1	0
207	1	424.9732	1	0.4178	-0.078717	5.786499e+00	5.767451e+02	8.858112e+00	87.0962	1	1
207	0	425.6897	1	0.2843	0.000000	5.428223e+00	1.097754e+03	1.063308e+01	95.5791	1	0
208	1	426.4061	4	0.9845	-0.092573	1.964809e+01	2.190096e+03	4.324778e+01	12.2747	1	1
208	0	427.5391	4	0.5179	0.000000	6.415223e+00	1.136241e+03	9.620571e+00	55.0325	1	0
209	1	428.2560	1	0.5178	-0.171628	1.210557e+01	1.175220e+03	1.879203e+01	83.1493	0	1
209	0	428.9727	1	0.3512	0.000000	6.842169e+00	1.322204e+03	1.012108e+01	50.1488	1	0
210	1	429.8062	4	1.0346	0.111831	7.035576e+00	6.899497e+02	1.227108e+01	72.9180	1	1
210	0	430.9730	4	0.5344	0.000000	7.527662e+00	1.366974e+03	1.818407e+01	77.2027	1	0
211	1	431.6898	2	0.5511	-0.032734	8.458060e+00	9.772054e+02	1.496145e+01	46.3397	1	1
211	0	432.4066	2	0.2178	0.000000	1.658707e+00	3.084864e+02	1.780553e+00	55.1183	1	0
212	1	433.1233	3	0.8012	0.024060	7.099187e+00	1.119295e+03	1.217350e+01	65.1498	1	1
212	0	434.0568	3	0.6679	0.000000	9.139033e+00	1.634974e+03	1.590363e+01	94.6371	1	0
213	1	434.8736	1	0.6179	-0.010638	3.150005e+00	3.694100e+02	4.992986e+00	40.1516	1	1
213	0	435.6405	1	0.4011	0.000000	1.861317e+00	3.725119e+02	6.349306e+00	54.6014	1	0
214	1	436.3572	2	0.8678	-0.029842	3.503722e+00	3.797716e+02	1.157637e+01	10.2943	1	1
214	0	437.3574	2	0.2344	0.000000	9.435249e+00	1.979457e+03	1.236997e+01	59.1403	1	0
215	1	438.0741	3	1.5347	-0.058756	1.075556e+01	1.101365e+03	2.257975e+01	56.0658	1	1
215	0	439.7411	3	0.7178	0.000000	4.448832e+00	7.815422e+02	7.574588e+00	76.2392	1	0
216	1	440.6078	4	1.0845	0.061420	1.878778e+01	1.784813e+03	3.465816e+01	16.1602	1	1
216	0	441.8247	4	0.5511	0.000000	4.933155e+00	8.881438e+02	6.598034e+00	59.0221	1	0
217	1	442.5414	3	1.0680	0.190187	7.238453e+00	7.668391e+02	1.846405e+01	99.4224	1	1
217	0	443.7416	3	0.8012	0.000000	1.237645e+01	2.233206e+03	2.415456e+01	86.6827	1	0
218	1	444.6832	1	0.6346	0.196904	6.483994e+00	6.342980e+02	1.946001e+01	100.0000	0	1
218	0	445.4663	1	0.8178	0.000000	2.144640e+01	5.705247e+03	4.578038e+01	90.5190	1	0
219	1	446.4328	4	2.8001	-0.069407	6.154099e+00	6.784427e+02	2.004565e+01	85.9339	1	1
219	0	449.3651	4	0.8679	0.000000	1.605699e+01	2.935378e+03	4.569706e+01	69.1479	1	0
220	1	450.3813	2	1.3510	-0.145247	5.080620e+00	6.087743e+02	1.384484e+01	100.0000	1	1
220	0	452.2974	2	0.3678	0.000000	9.464126e+00	1.884399e+03	1.334844e+01	85.9794	1	0
221	1	453.0139	1	0.8839	0.021217	3.642556e+00	4.225439e+02	2.310095e+01	8.6894	1	1
221	0	454.0301	1	0.3176	0.000000	4.224370e+00	7.464305e+02	1.020285e+01	82.8118	1	0
222	1	454.7464	3	1.5168	-0.058756	6.453375e+00	6.199942e+02	1.217779e+01	58.7550	1	1
222	0	456.4121	3	0.7508	0.000000	6.445791e+00	1.181595e+03	3.201951e+01	64.3316	1	0
223	1	457.2951	2	0.6012	0.115169	1.268691e+01	1.281892e+03	1.657381e+01	71.0107	1	1
223	0	458.0449	2	0.2347	0.000000	7.162576e+00	1.507224e+03	1.180748e+01	100.0000	1	0
224	1	458.7613	4	1.0177	-0.029325	1.154889e+01	1.115830e+03	1.921648e+01	37.3157	1	1
224	0	459.9276	4	0.4846	0.000000	3.779139e+00	6.833769e+02	7.104328e+00	56.3857	1	0
225	1	460.6440	4	1.0178	-0.032075	1.264115e+01	1.376108e+03	2.359543e+01	49.8466	1	1
225	0	461.7938	4	0.5344	0.000000	1.510492e+00	2.743633e+02	2.543208e+00	55.8845	1	0
226	1	462.5106	3	1.6519	-0.055793	1.376683e+01	1.884684e+03	2.211552e+01	82.4277	1	1
226	0	464.2947	3	0.6013	0.000000	4.805680e+00	8.768982e+02	9.839474e+00	68.3975	1	0
227	1	465.0449	2	0.5678	0.245580	1.925457e+01	2.044882e+03	2.418347e+01	100.0000	1	1
227	0	465.7617	2	0.2178	0.000000	8.241890e+00	1.841112e+03	1.364367e+01	51.9155	1	0
228	1	466.4784	1	0.6346	0.045302	6.595027e+00	6.502743e+02	9.435278e+00	20.3053	1	1
228	0	467.2452	1	0.1845	0.000000	3.206480e+00	5.875635e+02	5.829090e+00	100.0000	1	0
229	1	467.9621	3	1.1512	-0.037217	4.529714e+00	4.355468e+02	8.583873e+00	71.9434	1	1
229	0	469.2455	3	0.9013	0.000000	6.387149e+00	1.203627e+03	1.741006e+01	93.3885	1	0
230	1	470.2957	1	0.4512	-0.063913	4.734086e+00	6.017432e+02	1.849595e+01	3.6863	1	1
230	0	471.9294	1	0.4344	0.000000	3.311985e+00	6.437935e+02	8.413269e+00	95.6096	1	0
231	1	472.6461	4	1.2846	0.008000	4.346806e+00	4.911975e+02	2.310861e+01	92.3737	1	1
231	0	474.0629	4	0.8179	0.000000	3.302092e+00	6.186400e+02	2.071991e+01	80.2715	1	0
232	1	475.0131	2	1.8514	0.195908	2.091646e+01	5.600106e+03	4.076672e+01	68.3052	1	1
232	0	476.9967	2	0.2345	0.000000	4.413065e+00	9.648805e+02	9.521044e+00	100.0000	1	0
233	1	477.7221	2	0.6514	0.007576	2.692395e+00	4.563363e+02	5.040342e+00	21.5601	1	1
233	0	478.5219	2	0.4345	0.000000	1.176638e+00	2.553557e+02	3.301267e+00	83.7443	1	0
234	1	479.2464	1	0.6680	0.048861	5.764538e+00	7.442759e+02	1.656121e+01	14.1421	1	1
234	0	480.0633	1	0.3011	0.000000	3.143903e+00	7.567861e+02	6.090159e+00	70.0543	1	0
235	1	480.7873	4	1.1181	-0.037316	2.939289e+00	3.153232e+02	9.076986e+00	74.1219	1	1
235	0	482.0540	4	0.4008	0.000000	5.612954e+00	1.022752e+03	9.618064e+00	53.8698	1	0
236	1	482.7699	3	1.7509	0.029403	6.586076e+00	7.620973e+02	1.626394e+01	4.9826	1	1
236	0	484.6692	3	0.4846	0.000000	9.000954e+00	1.684309e+03	1.826037e+01	91.4741	1	0
237	1	485.3858	2	0.8010	0.070748	1.077999e+01	1.095476e+03	1.375671e+01	77.7123	1	1
237	0	486.3187	2	0.2680	0.000000	1.390258e+00	2.828486e+02	3.032327e+00	96.7386	1	0
238	1	487.0351	4	0.4515	-0.266252	1.455246e+01	1.337874e+03	2.503477e+01	100.0000	0	1
238	0	487.7522	4	0.3673	0.000000	2.115170e+01	3.579905e+03	3.204264e+01	52.1343	1	0
239	1	488.3979	3	1.5876	0.169038	9.076927e+00	9.826362e+02	2.696193e+01	0.4699	1	1
239	0	490.1179	3	0.4513	0.000000	1.695721e+01	3.360819e+03	3.366106e+01	92.3865	1	0
240	1	490.8344	1	0.3845	-0.238333	1.896939e+01	2.161841e+03	2.768773e+01	100.0000	0	1
240	0	491.5508	1	0.3845	0.000000	8.513629e+00	1.924668e+03	1.190833e+01	100.0000	1	0
