Trial	Type	Onset	Target #	Time to Target	Endpoint Error	Est. Avg. Error Mag	Accum. Error x dMagProj	Max Error Mag.	Max Error Pos. (% of trajectory)	Feedback	Target (1)/Return (0)
1	1	0.5494	4	1.7172	-0.085354	1.667338e+01	1.944772e+03	1.993874e+01	19.3396	1	1
1	0	2.4154	4	0.7009	0.000000	5.807407e+00	1.015201e+03	5.840583e+00	55.2004	1	0
2	1	3.2653	1	0.5345	-0.074033	5.445393e+00	5.637931e+02	7.357482e+00	100.0000	1	1
2	0	3.9817	1	0.4509	0.000000	6.409388e+00	1.284450e+03	1.110665e+01	100.0000	1	0
3	1	4.6981	2	0.6009	0.015747	9.816781e+00	1.069371e+03	1.656215e+01	13.5659	1	1
3	0	5.4479	2	0.3847	0.000000	3.605413e+00	6.874576e+02	7.057759e+00	79.6301	1	0
4	1	6.1642	3	0.7347	-0.032075	1.341005e+01	1.430111e+03	2.259334e+01	71.9051	1	1
4	0	7.0472	3	0.4513	0.000000	4.146814e+00	7.237457e+02	1.358234e+01	94.7314	1	0
5	1	7.7637	4	0.5012	-0.005263	6.039830e-01	6.079967e+01	4.095811e+00	2.3840	1	1
5	0	8.4802	4	0.4841	0.000000	2.321645e+00	4.300877e+02	7.705026e+00	88.6123	1	0
6	1	9.1965	1	0.5676	-0.029247	2.039836e+00	2.243533e+02	4.023118e+00	36.8425	1	1
6	0	9.9131	1	0.2848	0.000000	2.182997e+00	3.846448e+02	7.895610e+00	100.0000	1	0
7	1	10.6466	3	0.6344	-0.010666	6.476823e+00	6.246285e+02	9.017808e+00	53.2730	1	1
7	0	11.4300	3	0.4511	0.000000	1.553057e+00	2.718278e+02	3.803429e+00	83.5019	1	0
8	1	12.1467	2	0.4845	0.150845	1.032083e+01	9.839187e+02	1.433631e+01	100.0000	1	1
8	0	12.8635	2	0.3011	0.000000	1.322409e+01	2.746961e+03	1.438081e+01	53.4410	1	0
9	1	13.5803	3	1.3846	-0.090180	1.131477e+01	1.118583e+03	6.448522e+01	7.5499	1	1
9	0	15.1138	3	0.5012	0.000000	3.306508e+00	6.079664e+02	4.574436e+00	54.1803	1	0
10	1	15.8303	2	1.0849	-0.021050	3.651690e+00	3.984973e+02	6.022601e+00	9.4969	1	1
10	0	17.0474	2	0.3179	0.000000	5.375633e+00	1.120223e+03	6.350065e+00	54.2790	1	0
11	1	17.7642	4	0.7180	-0.115578	8.880088e+00	9.007312e+02	1.111906e+01	100.0000	1	1
11	0	18.6310	4	0.4679	0.000000	9.742710e+00	1.699493e+03	1.111983e+01	55.1990	1	0
12	1	19.3477	1	0.4679	-0.078849	2.832964e+00	3.213267e+02	8.115607e+00	100.0000	1	1
12	0	20.0647	1	0.3678	0.000000	6.665100e+00	1.405592e+03	1.133591e+01	71.1125	1	0
13	1	20.7926	3	0.9174	-0.029403	6.909957e+00	6.789594e+02	9.791138e+00	63.9894	1	1
13	0	22.2982	3	0.4678	0.000000	2.768309e+00	5.093613e+02	9.055505e+00	76.3830	1	0
14	1	23.0151	4	1.1514	-0.039453	2.570653e+00	2.779470e+02	1.408356e+01	94.5955	1	1
14	0	24.3153	4	0.3178	0.000000	4.963878e+00	8.825725e+02	8.794817e+00	95.6803	1	0
15	1	25.0412	2	0.4845	0.093164	9.166080e+00	9.257784e+02	9.558399e+00	63.1972	1	1
15	0	25.7576	2	0.2846	0.000000	9.229335e+00	1.982124e+03	9.380547e+00	52.5323	1	0
16	1	26.4741	1	0.5512	-0.085354	5.997328e+00	5.716220e+02	1.195424e+01	0.2669	1	1
16	0	27.1904	1	0.3676	0.000000	6.160569e+00	1.142282e+03	1.321960e+01	72.2793	1	0
17	3	40.4687	3	0.7180	0.319581	1.536402e+01	2.300280e+03	3.013191e+01	100.0000	0	1
17	0	41.3359	3	0.7174	0.000000	2.355016e+01	4.567877e+03	2.845234e+01	49.1409	1	0
18	3	42.1854	2	0.4679	0.445136	2.017238e+01	1.895343e+03	4.458322e+01	100.0000	0	1
18	0	42.9019	2	0.8174	0.000000	2.943755e+01	6.585108e+03	4.782890e+01	45.8699	1	0
19	3	43.8516	4	0.6844	0.267328	1.306282e+01	1.253186e+03	2.669965e+01	95.9406	0	1
19	0	44.6851	4	0.8351	0.000000	1.353771e+01	2.615701e+03	1.929261e+01	98.7769	1	0
20	3	45.6685	1	1.6351	-0.069324	1.591086e+01	1.977952e+03	3.483838e+01	87.0980	1	1
20	0	47.4521	1	0.9679	0.000000	1.585049e+01	3.702507e+03	4.090242e+01	82.4950	1	0
21	3	48.5690	2	0.7846	0.097367	7.710141e+00	7.583882e+02	1.140595e+01	89.8773	1	1
21	0	49.4857	2	0.7012	0.000000	1.048783e+01	2.104546e+03	1.894256e+01	97.7239	1	0
22	3	50.3193	4	0.8012	0.114841	1.072159e+01	1.013405e+03	1.675888e+01	80.9807	1	1
22	0	51.2527	4	0.7179	0.000000	7.843517e+00	1.461642e+03	1.310241e+01	98.1449	1	0
23	3	52.1195	1	1.0846	0.128620	1.667463e+01	1.979651e+03	2.815120e+01	70.3465	1	1
23	0	53.3364	1	0.6011	0.000000	1.123637e+01	2.130642e+03	1.706863e+01	93.7940	1	0
24	3	54.0697	3	1.3013	0.006173	5.525714e+00	5.341485e+02	8.852197e+00	35.8369	1	1
24	0	55.5034	3	0.6345	0.000000	3.462035e+00	6.003085e+02	1.047787e+01	56.2881	1	0
25	3	56.2869	1	0.7845	0.144923	1.339251e+01	1.526070e+03	2.228789e+01	54.6057	1	1
25	0	57.2036	1	0.4012	0.000000	1.171615e+01	2.509483e+03	1.607945e+01	53.1196	1	0
26	3	57.9204	3	1.1179	0.136215	2.680367e+00	2.603914e+02	1.335853e+01	99.4132	1	1
26	0	59.1873	3	0.7679	0.000000	6.548428e+00	1.132754e+03	1.376764e+01	60.8926	1	0
27	3	60.1040	2	0.7845	0.020257	5.349546e+00	5.387043e+02	8.801858e+00	6.0155	1	1
27	0	61.0209	2	0.4678	0.000000	6.679837e+00	1.369569e+03	8.667455e+00	54.5561	1	0
28	3	61.7454	4	1.2510	0.017621	4.188011e+00	4.058167e+02	1.009988e+01	71.7083	1	1
28	0	63.1450	4	0.6841	0.000000	2.361472e+00	4.339497e+02	7.088584e+00	100.0000	1	0
29	3	63.9775	3	1.1177	-0.000987	3.424021e+00	3.315431e+02	6.803707e+00	66.5169	1	1
29	0	65.2438	3	0.7010	0.000000	1.766429e+00	3.159698e+02	6.455686e+00	57.3125	1	0
30	3	66.0768	2	0.6845	-0.024103	3.199832e+00	3.108758e+02	5.520079e+00	20.9782	1	1
30	0	66.8932	2	0.4345	0.000000	1.082860e+01	2.279234e+03	2.326881e+01	89.0029	1	0
31	3	67.6096	1	1.5843	0.078150	9.407609e+00	1.021682e+03	2.092070e+01	75.3036	1	1
31	0	69.3424	1	0.6678	0.000000	8.370079e+00	1.619947e+03	2.040605e+01	90.3128	1	0
32	3	70.1588	4	0.8844	0.032959	3.828265e+00	3.830825e+02	8.671548e+00	65.1252	1	1
32	0	71.1751	4	0.6008	0.000000	3.172014e+00	6.026186e+02	5.193407e+00	87.8553	1	0
33	3	71.9081	2	0.7677	0.060985	3.229976e+00	3.192277e+02	6.852426e+00	6.7167	1	1
33	0	72.8078	2	0.4845	0.000000	4.735535e+00	9.815942e+02	1.521121e+01	71.2975	1	0
34	3	73.5243	1	1.8010	0.011971	1.159559e+01	1.110151e+03	1.890773e+01	67.3701	1	1
34	0	75.4736	1	0.6677	0.000000	4.974515e+00	8.769607e+02	1.451940e+01	87.2456	1	0
35	3	76.2900	4	1.0010	0.004736	4.657262e+00	4.691629e+02	1.198839e+01	11.1984	1	1
35	0	77.4230	4	0.4846	0.000000	1.658898e+00	2.936413e+02	4.036505e+00	81.1468	1	0
36	3	78.1396	3	1.4513	-0.076547	4.305280e+00	4.359322e+02	1.308841e+01	97.6156	1	1
36	0	79.7399	3	0.8845	0.000000	5.651817e+00	1.054123e+03	8.614489e+00	58.5851	1	0
37	3	80.7734	2	0.7184	-0.049608	5.448409e+00	5.705357e+02	9.953906e+00	2.0198	1	1
37	0	81.6241	2	0.3844	0.000000	4.057791e+00	8.226663e+02	9.817589e+00	65.4578	1	0
38	3	82.3409	1	0.8344	0.213800	1.280490e+01	1.291288e+03	2.258844e+01	93.2618	1	1
38	0	83.3077	1	0.5010	0.000000	8.396344e+00	1.458546e+03	1.236725e+01	55.4479	1	0
39	3	84.0244	3	1.1845	-0.048819	3.075185e+00	2.930306e+02	1.225201e+01	92.5255	1	1
39	0	85.3412	3	0.8679	0.000000	6.181180e+00	1.070950e+03	2.055688e+01	80.3017	1	0
40	3	86.3414	4	0.8679	-0.026130	2.781796e+00	2.687995e+02	8.211730e+00	83.8032	1	1
40	0	87.3416	4	0.6678	0.000000	2.747097e+00	5.171728e+02	1.149423e+01	98.8583	1	0
41	3	88.1417	2	0.6845	0.032152	4.092225e+00	3.985256e+02	8.996775e+00	7.2694	1	1
41	0	88.9585	2	0.4012	0.000000	8.711564e+00	1.813650e+03	1.609951e+01	85.6915	1	0
42	3	89.6752	3	1.2348	0.027603	3.040183e+00	3.045552e+02	1.194973e+01	3.9064	1	1
42	0	91.0588	3	1.2851	0.000000	4.408035e+00	7.891046e+02	1.536703e+01	62.0805	1	0
43	3	92.4924	4	0.9678	0.010710	4.848086e+00	5.267843e+02	1.170224e+01	11.0957	1	1
43	0	93.5925	4	0.6012	0.000000	2.615842e+00	4.920681e+02	4.930237e+00	100.0000	1	0
44	3	94.3345	1	1.6332	0.027434	1.362561e+01	1.485263e+03	2.471933e+01	8.8473	1	1
44	0	96.1000	1	0.6009	0.000000	7.319122e+00	1.481098e+03	2.951339e+01	94.8678	1	0
45	3	96.8332	2	0.7010	0.009648	5.953818e+00	6.619615e+02	1.151941e+01	6.1305	1	1
45	0	97.6829	2	0.5175	0.000000	1.010922e+01	2.097899e+03	1.390433e+01	54.1776	1	0
46	3	98.3992	1	1.6005	0.045090	5.698592e+00	5.710385e+02	1.503841e+01	67.6409	1	1
46	0	100.1487	1	0.7174	0.000000	6.990949e+00	1.417333e+03	1.324382e+01	93.3120	1	0
47	3	100.9984	3	1.3345	-0.168774	3.192954e+00	3.357758e+02	1.602493e+01	100.0000	0	1
47	0	102.4812	3	1.3506	0.000000	1.402484e+01	2.613877e+03	2.088419e+01	67.6164	1	0
48	3	103.9641	4	0.9348	0.066321	3.008721e+00	2.931019e+02	7.581953e+00	0.8966	1	1
48	0	105.0308	4	0.8170	0.000000	3.156009e+00	5.615851e+02	4.787545e+00	55.2640	1	0
49	3	105.9966	3	1.4515	-0.058208	2.847943e+00	2.751226e+02	6.688319e+00	7.5841	1	1
49	0	107.5967	3	1.0173	0.000000	8.356863e+00	1.452073e+03	2.688667e+01	66.4549	1	0
50	3	108.7624	2	0.8175	0.103639	5.840156e+00	5.695450e+02	1.095515e+01	19.2956	1	1
50	0	109.7122	2	0.6507	0.000000	7.996962e+00	1.672235e+03	1.273609e+01	93.5898	1	0
51	3	110.4958	4	1.1167	-0.022605	2.922435e+00	2.951664e+02	5.961040e+00	17.3968	1	1
51	0	111.7448	4	0.9677	0.000000	2.533948e+00	4.636196e+02	4.305215e+00	75.5477	1	0
52	3	112.8449	1	2.6853	-0.007431	4.369729e+00	4.956543e+02	9.222102e+00	19.0156	1	1
52	0	115.6626	1	0.7678	0.000000	1.892145e+00	3.529314e+02	6.379015e+00	64.2212	1	0
53	3	116.5627	4	1.0012	0.002754	3.329282e+00	3.496606e+02	1.089931e+01	0.8901	1	1
53	0	117.7129	4	0.5678	0.000000	9.879221e-01	1.769350e+02	4.468740e+00	62.7097	1	0
54	3	118.4297	3	1.3679	-0.115218	3.486146e+00	3.391688e+02	1.102608e+01	100.0000	1	1
54	0	119.9299	3	0.9678	0.000000	5.544861e+00	1.018511e+03	9.994393e+00	59.2682	1	0
55	3	121.0467	2	0.8012	-0.009146	3.839974e+00	3.789454e+02	9.615064e+00	26.2834	1	1
55	0	121.9801	2	0.3847	0.000000	6.134130e+00	1.255088e+03	1.620631e+01	73.3559	1	0
56	3	122.6970	1	1.7681	0.047199	6.327033e+00	7.101331e+02	1.684009e+01	70.6360	1	1
56	0	124.6139	1	0.8179	0.000000	3.655518e+00	6.381950e+02	5.539162e+00	80.0419	1	0
57	3	125.5808	3	1.6512	-0.151789	2.830652e+00	3.267223e+02	1.450222e+01	100.0000	0	1
57	0	127.3644	3	1.3013	0.000000	1.241344e+01	2.265150e+03	1.556132e+01	57.7955	1	0
58	3	128.7979	4	1.0511	-0.018000	1.648595e+00	1.584446e+02	9.659695e+00	0.3994	1	1
58	0	129.9892	4	0.6175	0.000000	2.276853e+00	3.999431e+02	4.027178e+00	100.0000	1	0
59	3	130.7389	1	2.3004	-0.002145	3.079303e+00	3.568729e+02	1.284842e+01	7.1108	1	1
59	0	133.1881	1	0.9673	0.000000	1.809905e+00	3.273039e+02	5.504468e+00	81.8955	1	0
60	3	134.2877	2	1.0507	-0.039518	5.361394e+00	5.374915e+02	1.204456e+01	75.9325	1	1
60	0	135.4874	2	0.3509	0.000000	2.437947e+00	4.626765e+02	7.568701e+00	65.0600	1	0
61	3	136.2037	3	1.3006	-0.109150	3.133913e+00	3.035890e+02	1.166199e+01	98.5243	1	1
61	0	137.6532	3	1.0677	0.000000	1.193241e+01	2.158320e+03	2.487893e+01	76.7008	1	0
62	3	138.8696	4	1.2672	-0.037619	4.498965e+00	4.553043e+02	9.846466e+00	2.5387	1	1
62	0	140.2857	4	0.8510	0.000000	4.420519e+00	7.787952e+02	7.453527e+00	61.4859	1	0
63	3	141.2687	2	1.1844	-0.032874	3.652559e+00	3.978000e+02	6.625285e+00	6.9394	1	1
63	0	142.6016	2	0.3010	0.000000	7.633205e+00	1.437568e+03	1.653875e+01	71.7319	1	0
64	3	143.3181	1	1.9839	0.030762	9.269870e+00	1.277923e+03	2.685901e+01	10.9091	1	1
64	0	145.4506	1	0.3842	0.000000	4.298346e+00	8.240362e+02	8.522188e+00	61.2808	1	0
65	1	158.7025	2	1.4346	-0.181491	2.690229e+01	4.512832e+03	4.243478e+01	24.7507	1	1
65	0	160.2694	2	0.8679	0.000000	1.348047e+01	2.990531e+03	2.064120e+01	99.5506	1	0
66	1	161.2696	3	1.9847	-0.021387	1.106227e+01	1.286311e+03	2.063387e+01	57.4045	1	1
66	0	163.3946	3	1.2177	0.000000	9.324170e+00	1.622260e+03	2.052314e+01	62.3618	1	0
67	1	164.7608	1	1.0177	-0.044590	6.538012e+00	7.829125e+02	1.303556e+01	43.8249	1	1
67	0	165.9271	1	0.5676	0.000000	5.538412e+00	1.014960e+03	1.244291e+01	97.6279	1	0
68	1	166.6537	4	1.2846	-0.159072	8.550931e+00	1.064922e+03	1.555262e+01	98.4872	0	1
68	0	168.0764	4	1.3514	0.000000	1.244644e+01	2.172847e+03	1.709027e+01	76.7780	1	0
69	1	169.5759	3	2.6505	-0.176801	5.672320e+00	5.902359e+02	1.677930e+01	100.0000	0	1
69	0	172.3750	3	1.9503	0.000000	1.263609e+01	2.346230e+03	2.280086e+01	56.6767	1	0
70	1	174.4576	4	1.2007	0.021330	4.906691e+00	4.957132e+02	1.718224e+01	86.9308	1	1
70	0	175.8071	4	0.8677	0.000000	4.279932e+00	7.548176e+02	6.276837e+00	88.3724	1	0
71	1	176.8068	1	1.0844	0.000000	1.703652e+00	1.711633e+02	4.063215e+00	72.5182	1	1
71	0	178.0231	1	0.4675	0.000000	1.920121e+00	3.396475e+02	7.099032e+00	100.0000	1	0
72	1	178.7395	2	1.5841	0.053001	8.814308e+00	9.044426e+02	1.589667e+01	76.6185	1	1
72	0	180.4558	2	0.5179	0.000000	7.326552e+00	1.366791e+03	1.208320e+01	88.7237	1	0
73	1	181.1727	1	1.4512	0.008021	2.937694e+00	3.128423e+02	7.528251e+00	11.3384	1	1
73	0	182.7562	1	0.8846	0.000000	2.086078e+00	3.770578e+02	8.296535e+00	100.0000	1	0
74	1	183.7897	3	3.0016	-0.018664	1.176256e+01	1.376668e+03	2.195944e+01	59.1621	1	1
74	0	186.9401	3	1.0512	0.000000	8.329333e+00	1.481537e+03	2.640615e+01	63.8219	1	0
75	1	188.1236	4	1.1346	-0.031819	9.452218e+00	9.466911e+02	1.603141e+01	67.5747	1	1
75	0	189.3906	4	0.8178	0.000000	2.379180e+00	4.138501e+02	2.543151e+00	55.5572	1	0
76	1	190.3407	2	1.2346	0.130274	5.120289e+00	5.831212e+02	1.236012e+01	100.0000	1	1
76	0	191.7076	2	0.4844	0.000000	1.215510e+01	2.203396e+03	1.236802e+01	54.7308	1	0
77	1	192.4244	3	1.4012	-0.116799	9.299607e+00	9.458676e+02	1.822019e+01	97.6381	1	1
77	0	193.9579	3	1.2180	0.000000	9.599386e+00	1.729525e+03	1.873862e+01	54.6278	1	0
78	1	195.3248	1	1.8180	-0.005236	2.826620e+00	3.036301e+02	5.831060e+00	73.1822	1	1
78	0	197.2751	1	0.6678	0.000000	4.186903e+00	8.160402e+02	7.359743e+00	54.0552	1	0
79	1	198.0752	2	1.4348	0.058756	1.612619e+00	1.537501e+02	7.384165e+00	6.9506	1	1
79	0	199.6659	2	0.5344	0.000000	5.321310e+00	9.585286e+02	5.587610e+00	53.8775	1	0
80	1	200.3822	4	1.2007	-0.021161	8.795602e+00	9.056993e+02	1.265357e+01	59.8569	1	1
80	0	201.7318	4	0.6678	0.000000	4.505816e+00	7.928913e+02	1.405692e+01	79.1956	1	0
81	3	215.1111	2	-0.0152	-1.245610	9.112454e+01	2.799626e+03	9.112454e+01	100.0000	0	1
81	0	215.2445	2	1.2680	0.000000	8.049356e+01	7.230208e+03	9.411901e+01	42.3208	1	0
82	3	216.6614	1	1.0679	0.262331	1.168683e+01	1.284637e+03	2.488086e+01	97.3088	0	1
82	0	217.8616	1	0.8345	0.000000	1.267961e+01	2.229273e+03	1.901136e+01	54.3545	1	0
83	3	218.8451	3	2.2014	-0.056339	5.873599e+00	6.480282e+02	1.480847e+01	60.3906	1	1
83	0	221.1788	3	1.0013	0.000000	5.858417e+00	1.041051e+03	1.675617e+01	60.9074	1	0
84	3	222.3290	4	1.4512	-0.047207	7.861204e+00	8.651111e+02	1.768351e+01	41.9324	1	1
84	0	223.9293	4	0.7511	0.000000	7.786039e+00	1.435504e+03	1.649100e+01	92.3590	1	0
85	3	224.8293	1	0.9179	0.200253	1.962137e+01	2.130437e+03	2.819574e+01	77.2122	1	1
85	0	225.8961	1	1.0179	0.000000	9.186028e+00	1.864163e+03	1.496465e+01	100.0000	1	0
86	3	227.0463	2	1.5679	0.016274	9.807268e+00	1.136443e+03	1.651244e+01	37.7699	1	1
86	0	228.7465	2	0.8181	0.000000	6.609406e+00	1.239258e+03	1.993967e+01	94.5940	1	0
87	3	229.7134	4	1.2846	0.011971	1.179547e+01	1.140069e+03	1.732733e+01	76.0329	1	1
87	0	231.1552	4	0.9008	0.000000	5.268151e+00	9.580155e+02	1.586162e+01	100.0000	1	0
88	3	232.1881	3	1.7834	-0.063787	3.240753e+00	3.161188e+02	8.053902e+00	56.8002	1	1
88	0	234.1037	3	0.9509	0.000000	5.074862e+00	8.773264e+02	1.628435e+01	58.2351	1	0
89	3	235.2031	4	1.0012	0.065270	7.498092e+00	7.679353e+02	9.612125e+00	84.4840	1	1
89	0	236.3528	4	0.7178	0.000000	4.880653e+00	8.759846e+02	1.406742e+01	92.4642	1	0
90	3	237.2193	1	0.9677	0.176537	8.805526e+00	9.382767e+02	1.679919e+01	100.0000	1	1
90	0	238.3356	1	0.7677	0.000000	9.630263e+00	1.955953e+03	1.516077e+01	55.0928	1	0
91	3	239.2351	3	1.7842	-0.072340	5.321684e+00	6.045424e+02	1.224555e+01	50.3289	1	1
91	0	241.1679	3	1.0677	0.000000	7.465381e+00	1.314303e+03	1.920789e+01	56.4301	1	0
92	3	242.3842	2	0.9507	0.160732	9.287537e+00	9.124446e+02	1.522738e+01	100.0000	1	1
92	0	243.4671	2	0.4347	0.000000	8.465082e+00	1.539763e+03	1.355772e+01	54.5992	1	0
93	3	244.1835	4	1.1011	0.077209	8.166513e+00	8.768181e+02	1.855482e+01	86.4463	1	1
93	0	245.4331	4	0.8341	0.000000	2.693437e+00	4.845073e+02	1.087654e+01	98.0195	1	0
94	3	246.3994	1	1.5839	0.054660	1.000047e+01	1.088121e+03	1.771677e+01	94.2807	1	1
94	0	248.1157	1	0.6681	0.000000	4.144698e+00	8.258658e+02	8.143592e+00	100.0000	1	0
95	3	248.9324	3	1.7847	-0.019960	3.125908e+00	3.125081e+02	8.458421e+00	1.8095	1	1
95	0	250.8662	3	1.1017	0.000000	4.247161e+00	7.554485e+02	1.295879e+01	62.0725	1	0
96	3	252.1168	2	1.0681	0.069495	1.151790e+01	1.159857e+03	2.361006e+01	67.9996	1	1
96	0	253.3337	2	0.6845	0.000000	1.166188e+01	2.466027e+03	2.985172e+01	86.7034	1	0
97	3	254.1672	1	1.5679	0.069345	9.823628e+00	1.035571e+03	1.500247e+01	24.3521	1	1
97	0	255.8674	1	0.4344	0.000000	5.729830e+00	1.123592e+03	1.325384e+01	98.1633	1	0
98	3	256.5842	4	0.8019	0.051477	7.874238e+00	7.522171e+02	1.199042e+01	55.3180	1	1
98	0	257.5343	4	0.7679	0.000000	3.819952e+00	7.174654e+02	1.667068e+01	98.1992	1	0
99	3	258.4345	3	1.2512	0.025374	4.154521e+00	4.015648e+02	7.954785e+00	86.4749	1	1
99	0	259.8346	3	0.8346	0.000000	8.654521e+00	1.490661e+03	1.887457e+01	57.0197	1	0
100	3	260.8015	2	0.8179	0.092372	1.014678e+01	9.785418e+02	1.529934e+01	52.3820	1	1
100	0	261.7683	2	0.3012	0.000000	6.302189e+00	1.111167e+03	9.933542e+00	55.5551	1	0
101	3	262.4851	4	0.9179	0.049480	5.306720e+00	5.593377e+02	9.274100e+00	64.1834	1	1
101	0	263.5520	4	0.6512	0.000000	9.190083e-01	1.681290e+02	1.423679e+00	55.0710	1	0
102	3	264.3353	1	0.8012	0.158194	8.541889e+00	8.314039e+02	1.842312e+01	91.1431	1	1
102	0	265.2688	1	0.6845	0.000000	7.253359e+00	1.534563e+03	1.386566e+01	54.4130	1	0
103	3	266.1024	2	1.5345	0.003877	7.526621e+00	8.269430e+02	1.756185e+01	10.5549	1	1
103	0	267.7762	2	0.3846	0.000000	7.946967e+00	1.452299e+03	2.314674e+01	75.3712	1	0
104	3	268.4926	3	2.0164	-0.033086	6.222669e+00	6.892897e+02	1.714951e+01	50.3375	1	1
104	0	270.6414	3	1.8673	0.000000	4.203115e+00	7.443458e+02	1.080978e+01	56.0983	1	0
105	3	272.6407	4	1.6670	0.017621	2.131429e+00	2.204684e+02	1.164522e+01	2.6223	1	1
105	0	274.4567	4	0.8844	0.000000	3.533900e+00	6.269435e+02	1.139101e+01	100.0000	1	0
106	3	275.4736	2	1.4000	0.106606	6.046590e+00	7.109173e+02	1.205053e+01	80.7955	1	1
106	0	277.0225	2	0.6014	0.000000	7.039971e+00	1.248335e+03	1.047604e+01	55.3521	1	0
107	3	277.7722	3	2.5507	-0.029696	2.104783e+00	2.267750e+02	5.777557e+00	84.9202	1	1
107	0	280.4714	3	1.2182	0.000000	2.398666e+00	4.402470e+02	1.020601e+01	57.1288	1	0
108	3	281.8214	1	0.7673	0.286581	1.407921e+01	1.474843e+03	2.768657e+01	100.0000	0	1
108	0	282.7209	1	0.6346	0.000000	1.628123e+01	3.195839e+03	2.453417e+01	53.6457	1	0
109	3	283.4878	2	1.2018	0.102409	1.298188e+01	1.602719e+03	1.817291e+01	55.5990	1	1
109	0	284.8219	2	0.6011	0.000000	9.911398e+00	1.763038e+03	2.514959e+01	81.1745	1	0
110	3	285.5553	1	3.2516	0.367953	1.413747e+01	2.112628e+03	3.440791e+01	100.0000	0	1
110	0	288.9558	1	0.9513	0.000000	2.146813e+01	4.261958e+03	2.981892e+01	52.6168	1	0
111	3	290.0560	3	1.9014	-0.002982	5.842906e+00	6.715227e+02	1.352352e+01	52.5247	1	1
111	0	292.1063	3	1.1680	0.000000	2.368526e+00	4.269952e+02	6.552927e+00	79.8131	1	0
112	3	293.4232	4	1.2179	-0.014883	4.837542e+00	5.151698e+02	7.548044e+00	2.8638	1	1
112	0	294.7733	4	0.7179	0.000000	8.020032e+00	1.536643e+03	2.275508e+01	95.2466	1	0
113	3	295.6235	1	1.3846	0.128428	1.084822e+01	1.304747e+03	1.788711e+01	64.7428	1	1
113	0	297.1403	1	0.8513	0.000000	7.614001e+00	1.381468e+03	1.594188e+01	84.1414	1	0
114	3	298.1239	4	1.4013	0.002754	4.268210e+00	4.488661e+02	1.283621e+01	6.4148	1	1
114	0	299.6654	4	0.5510	0.000000	1.545633e+00	2.733936e+02	5.206681e+00	65.3920	1	0
115	3	300.3820	2	1.0672	-0.041922	2.792198e+00	2.670052e+02	5.267633e+00	77.8107	1	1
115	0	301.5982	2	0.4345	0.000000	1.233656e+01	2.349973e+03	2.450005e+01	77.4235	1	0
116	3	302.3146	3	1.4005	-0.002145	9.485692e+00	1.023024e+03	2.243462e+01	56.7353	1	1
116	0	303.8474	3	1.2176	0.000000	7.740017e+00	1.353351e+03	1.144815e+01	55.2215	1	0
117	3	305.2135	1	2.0005	0.038902	8.172081e+00	8.860151e+02	1.512938e+01	42.9959	1	1
117	0	307.3628	1	0.7341	0.000000	7.786874e+00	1.413977e+03	3.121458e+01	87.1771	1	0
118	3	308.2292	2	1.1345	0.097771	3.150300e+00	3.093082e+02	9.362279e+00	100.0000	1	1
118	0	309.5122	2	0.5007	0.000000	4.961626e+00	1.020969e+03	7.472607e+00	68.9816	1	0
119	3	310.2285	4	0.8676	0.014245	3.972213e+00	4.054802e+02	7.500659e+00	68.9257	1	1
119	0	311.2448	4	0.7677	0.000000	1.495263e+00	2.651448e+02	3.748994e+00	81.9935	1	0
120	3	312.1613	3	1.7842	-0.021917	6.182590e+00	6.415195e+02	1.352352e+01	48.0390	1	1
120	0	314.0940	3	1.2012	0.000000	8.072114e+00	1.478363e+03	2.723047e+01	65.7188	1	0
121	3	315.4436	1	0.8675	0.112305	7.439417e+00	8.099766e+02	1.437028e+01	90.3266	1	1
121	0	316.4600	1	0.7683	0.000000	5.823791e+00	1.023827e+03	1.167896e+01	87.3287	1	0
122	3	317.3769	4	1.0182	0.015605	2.029667e+00	2.030635e+02	8.628431e+00	9.4967	1	1
122	0	318.5437	4	0.8012	0.000000	9.383577e-01	1.701512e+02	4.164271e+00	100.0000	1	0
123	3	319.4772	2	0.9678	0.128076	6.345498e+00	6.871214e+02	1.300220e+01	92.3622	1	1
123	0	320.5941	2	0.4178	0.000000	6.320580e+00	1.329133e+03	9.495929e+00	93.1312	1	0
124	3	321.3108	3	1.7681	-0.018779	4.975853e+00	4.841129e+02	1.845237e+01	3.9118	1	1
124	0	323.2278	3	0.8179	0.000000	5.505507e+00	9.661178e+02	1.447573e+01	80.1429	1	0
125	3	324.1946	1	1.7846	0.052552	7.442414e+00	7.621492e+02	1.215912e+01	52.4126	1	1
125	0	326.1115	1	0.5178	0.000000	5.599254e+00	9.920793e+02	1.190831e+01	81.7170	1	0
126	3	326.8283	2	1.0678	0.096573	5.748095e+00	5.812287e+02	1.148718e+01	2.7593	1	1
126	0	328.0286	2	0.3677	0.000000	5.916049e+00	1.181542e+03	8.895966e+00	53.5700	1	0
127	3	328.7453	4	0.7845	0.008450	1.746191e+00	1.706744e+02	3.284910e+00	81.7132	1	1
127	0	329.6621	4	0.6178	0.000000	1.649588e+00	2.900487e+02	5.373754e+00	100.0000	1	0
128	3	330.4289	3	1.7847	-0.034281	6.522973e+00	6.473684e+02	1.402560e+01	86.2477	1	1
128	0	332.3459	3	1.2512	0.000000	3.592704e+00	6.620019e+02	1.058047e+01	63.8766	1	0
129	1	346.2998	3	1.4509	-0.042755	8.413272e+00	8.109621e+02	1.190434e+01	55.3905	1	1
129	0	347.8991	3	0.8678	0.000000	3.982804e+00	7.234674e+02	6.801395e+00	100.0000	1	0
130	1	348.8989	2	0.7344	-0.189692	7.757519e+00	7.325183e+02	1.798846e+01	100.0000	0	1
130	0	349.7820	2	0.5681	0.000000	1.450343e+01	2.770677e+03	1.828112e+01	53.4841	1	0
131	1	350.4819	1	1.6347	0.021387	2.905349e+00	3.453919e+02	9.669178e+00	9.0903	1	1
131	0	352.2656	1	0.5345	0.000000	2.859800e+00	5.041654e+02	8.049194e+00	100.0000	1	0
132	1	352.9824	4	2.4346	0.047836	1.761266e+01	1.981529e+03	2.513830e+01	72.5151	1	1
132	0	355.5660	4	0.9845	0.000000	4.181484e+00	7.311325e+02	6.321855e+00	77.7497	1	0
133	1	356.6829	2	1.2012	-0.021387	6.154044e-01	7.606687e+01	2.034760e+00	100.0000	1	1
133	0	358.0331	2	0.6012	0.000000	5.690068e+00	1.185826e+03	1.168654e+01	92.4723	1	0
134	1	358.7665	1	1.1846	-0.074331	9.681804e+00	1.126975e+03	1.407162e+01	66.6172	1	1
134	0	360.0833	1	0.6845	0.000000	5.583978e+00	1.024790e+03	9.718886e+00	100.0000	1	0
135	1	360.9002	4	2.7682	0.018419	1.248102e+01	1.423379e+03	1.814194e+01	72.6123	1	1
135	0	363.8173	4	1.2846	0.000000	7.651236e+00	1.397092e+03	2.264030e+01	61.5442	1	0
136	1	365.2342	3	2.8349	-0.061420	3.947901e+00	3.988631e+02	8.852607e+00	87.0944	1	1
136	0	368.2090	3	1.6177	0.000000	5.241699e+00	9.168034e+02	1.351763e+01	68.1841	1	0
137	1	369.9752	2	1.6506	-0.005319	2.349352e+00	4.614169e+02	1.142279e+01	0.3877	1	1
137	0	371.7744	2	0.5180	0.000000	1.262490e+01	2.603295e+03	1.586774e+01	54.8639	1	0
138	1	372.4909	4	1.9341	-0.026589	1.126363e+01	1.222457e+03	1.916914e+01	53.0351	1	1
138	0	374.5570	4	1.6835	0.000000	4.911713e+00	8.603589e+02	1.451144e+01	65.3831	1	0
139	1	376.3890	1	2.1836	-0.002667	4.584627e+00	4.717735e+02	1.276715e+01	4.2137	1	1
139	0	378.7049	1	0.8679	0.000000	5.413966e+00	9.619393e+02	1.107679e+01	67.3278	1	0
140	1	379.7046	3	2.5341	-0.029403	6.721714e+00	8.210472e+02	1.010802e+01	92.8630	1	1
140	0	382.3870	3	0.7680	0.000000	7.089777e+00	1.255169e+03	1.965483e+01	57.9277	1	0
141	1	383.3034	4	1.3676	-0.089470	7.205516e+00	6.956597e+02	1.007313e+01	72.7754	1	1
141	0	384.8033	4	0.8013	0.000000	6.543460e+00	1.127280e+03	8.614744e+00	55.4473	1	0
142	1	385.7368	2	1.2018	-0.023932	2.580088e+00	2.685983e+02	4.833659e+00	8.1378	1	1
142	0	387.0709	2	0.3012	0.000000	7.723243e+00	1.466722e+03	1.136022e+01	60.3873	1	0
143	1	387.7877	1	1.4514	0.015112	6.663010e+00	7.295390e+02	1.700805e+01	14.0932	1	1
143	0	389.3879	1	0.7012	0.000000	5.329885e+00	1.060802e+03	1.589463e+01	87.5358	1	0
144	1	390.2214	3	2.0346	-0.050759	5.999514e+00	7.318994e+02	1.072445e+01	12.1722	1	1
144	0	392.3884	3	1.3012	0.000000	1.253383e+00	2.267451e+02	5.838961e+00	61.1365	1	0
145	3	406.3739	1	0.9845	0.227847	1.587544e+01	1.533526e+03	2.271558e+01	91.9705	0	1
145	0	407.5125	1	1.1344	0.000000	1.191233e+01	2.232916e+03	1.871631e+01	53.6384	1	0
146	3	408.7787	2	2.0668	0.069546	1.599734e+01	1.996636e+03	3.421564e+01	50.2801	1	1
146	0	410.9773	2	0.9011	0.000000	8.433883e+00	1.728442e+03	2.062398e+01	94.9589	1	0
147	3	412.0105	4	1.4342	-0.004641	1.237730e+01	1.305790e+03	1.791109e+01	58.8423	1	1
147	0	413.5933	4	1.2842	0.000000	6.905714e+00	1.267004e+03	1.491245e+01	93.8917	1	0
148	3	415.0261	3	2.2673	-0.045031	3.250400e+00	3.490100e+02	9.383287e+00	34.5431	1	1
148	0	417.4419	3	1.3180	0.000000	2.789178e+00	4.967595e+02	5.199172e+00	71.5314	1	0
149	3	418.9087	4	1.3344	0.058885	9.284469e+00	9.010475e+02	1.504335e+01	29.2406	1	1
149	0	420.3754	4	1.1519	0.000000	7.570087e+00	1.448144e+03	1.589444e+01	97.9531	1	0
150	3	421.6761	1	1.6180	0.098514	5.456049e+00	6.575286e+02	9.783495e+00	100.0000	1	1
150	0	423.4265	1	1.1346	0.000000	6.073745e+00	1.273216e+03	8.053737e+00	54.2335	1	0
151	3	424.6933	3	3.5517	-0.124579	5.923849e+00	6.981001e+02	1.491406e+01	43.5070	1	1
151	0	428.3772	3	1.9181	0.000000	5.667194e+00	1.028726e+03	1.040654e+01	65.5510	1	0
152	3	430.4442	2	1.2345	-0.002982	7.349602e+00	7.103091e+02	1.351195e+01	49.0344	1	1
152	0	431.8111	2	0.5011	0.000000	1.503658e+00	2.632164e+02	4.517271e+00	94.9654	1	0
153	3	432.5376	3	1.5501	-0.145903	3.012605e+00	2.908712e+02	1.560335e+01	98.9115	1	1
153	0	434.2362	3	1.1511	0.000000	6.882443e+00	1.187439e+03	1.049931e+01	64.3908	1	0
154	3	435.5359	2	1.1843	0.084259	2.185865e+01	2.138807e+03	3.323345e+01	60.1216	1	1
154	0	436.8687	2	0.5342	0.000000	6.333809e+00	1.203102e+03	1.274666e+01	86.4149	1	0
155	3	437.5852	1	1.3512	0.062092	8.044745e+00	7.821358e+02	1.175015e+01	65.2838	1	1
155	0	439.0686	1	0.6839	0.000000	4.838417e+00	8.833684e+02	7.437111e+00	54.7496	1	0
156	3	439.9011	4	2.0503	-0.006617	2.994264e+00	3.256842e+02	8.040396e+00	12.8651	1	1
156	0	442.0836	4	0.9013	0.000000	2.344604e+00	4.169374e+02	8.024157e+00	75.0984	1	0
157	3	443.1172	2	0.8168	0.133380	8.102935e+00	8.686076e+02	1.366957e+01	95.8597	1	1
157	0	444.0830	2	0.5341	0.000000	7.423075e+00	1.534845e+03	1.107938e+01	73.4545	1	0
158	3	444.7994	1	1.6349	0.054660	4.794681e+00	4.697270e+02	8.758872e+00	58.9178	1	1
158	0	446.5822	1	0.8344	0.000000	5.739710e+00	1.144887e+03	8.779889e+00	55.1447	1	0
159	3	447.5652	4	1.2349	0.018737	3.718022e+00	4.048960e+02	1.016113e+01	68.8962	1	1
159	0	448.9319	4	0.7006	0.000000	2.265741e+00	3.975069e+02	5.220706e+00	98.2248	1	0
160	3	449.7810	3	2.1343	-0.039315	7.221819e+00	7.255758e+02	1.471435e+01	44.2301	1	1
160	0	452.0476	3	1.0841	0.000000	4.392905e+00	7.822045e+02	1.661075e+01	75.6358	1	0
161	3	453.2805	4	1.0345	0.009322	2.387577e+00	2.301148e+02	9.665622e+00	0.1879	1	1
161	0	454.4474	4	0.5017	0.000000	1.378723e+00	2.409358e+02	5.384333e+00	100.0000	1	0
162	3	455.1647	3	1.3345	0.023318	3.636240e+00	3.821551e+02	8.386506e+00	17.3590	1	1
162	0	456.6315	3	0.9012	0.000000	2.215218e+00	3.880774e+02	6.716163e+00	66.3716	1	0
163	3	457.6650	1	1.1346	0.062092	3.628404e+00	4.067796e+02	7.978106e+00	89.1561	1	1
163	0	458.9486	1	0.6010	0.000000	4.008149e+00	7.197330e+02	6.234559e+00	55.0023	1	0
164	3	459.6820	2	1.9514	0.062081	6.629239e+00	7.088622e+02	1.395340e+01	34.6309	1	1
164	0	461.7657	2	0.4344	0.000000	5.342979e+00	1.038623e+03	7.745275e+00	55.2218	1	0
165	3	462.4825	3	2.2014	-0.000142	8.935757e+00	9.805700e+02	2.322310e+01	63.4519	1	1
165	0	464.8161	3	1.0345	0.000000	2.399641e+00	4.198223e+02	8.483399e+00	62.8518	1	0
166	3	465.9829	2	0.8846	0.155564	7.948330e+00	8.112095e+02	1.598326e+01	95.8543	1	1
166	0	466.9998	2	0.5846	0.000000	1.223894e+01	2.524320e+03	1.842681e+01	87.3162	1	0
167	3	467.7333	4	1.5847	0.015605	2.666033e+00	3.029799e+02	4.784313e+00	74.7897	1	1
167	0	469.4749	4	0.8842	0.000000	2.270830e+00	4.014605e+02	6.321598e+00	73.2632	1	0
168	3	470.4913	1	1.1179	0.099189	3.557217e+00	3.727042e+02	9.422090e+00	100.0000	1	1
168	0	471.7577	1	0.4674	0.000000	7.455946e+00	1.303021e+03	1.262552e+01	92.6186	1	0
169	3	472.4740	2	1.0678	-0.040018	3.546484e+00	3.610462e+02	8.972574e+00	1.8036	1	1
169	0	473.6903	2	0.3175	0.000000	5.553720e+00	1.057567e+03	1.492336e+01	70.7892	1	0
170	3	474.4066	3	2.0841	-0.008125	3.947038e+00	4.104733e+02	7.443689e+00	67.0862	1	1
170	0	476.6393	3	1.0006	0.000000	3.761944e+00	6.443777e+02	1.747690e+01	74.1656	1	0
171	3	477.7888	4	1.9172	-0.106146	7.406636e+00	7.428654e+02	1.069073e+01	98.4076	1	1
171	0	479.8382	4	0.7174	0.000000	8.678985e+00	1.571051e+03	1.322625e+01	100.0000	1	0
172	3	480.7045	1	2.0173	0.016274	2.384350e+00	2.952274e+02	6.108711e+00	82.6342	1	1
172	0	482.8539	1	0.3513	0.000000	4.112868e+00	7.189931e+02	1.199217e+01	93.6469	1	0
173	3	483.5702	3	2.1842	-0.071752	5.021476e+00	8.405521e+02	1.801462e+01	37.4365	1	1
173	0	485.9029	3	0.6843	0.000000	9.546094e+00	1.735867e+03	2.155453e+01	89.4294	1	0
174	3	486.7195	4	1.3847	-0.035946	5.383878e+00	5.624712e+02	9.566301e+00	1.6270	1	1
174	0	488.2531	4	0.6678	0.000000	2.639932e+00	4.795773e+02	7.435107e+00	69.9490	1	0
175	3	489.0532	1	1.2179	0.068544	5.412175e+00	5.989892e+02	1.009719e+01	66.3080	1	1
175	0	490.4034	1	0.5012	0.000000	4.750810e+00	9.786274e+02	6.706757e+00	54.2431	1	0
176	3	491.1201	2	0.8513	0.036943	8.272675e+00	9.929141e+02	1.956953e+01	13.0412	1	1
176	0	492.1037	2	0.3844	0.000000	6.538324e+00	1.320652e+03	9.491343e+00	53.5753	1	0
177	3	492.8205	4	0.6845	0.038790	3.800703e+00	3.647657e+02	7.390430e+00	21.2623	1	1
177	0	493.6538	4	0.4680	0.000000	5.066627e+00	9.343660e+02	1.656728e+01	100.0000	1	0
178	3	494.3707	1	0.7346	0.074955	4.721735e+00	6.066333e+02	7.163190e+00	100.0000	1	1
178	0	495.2543	1	0.3011	0.000000	5.136599e+00	9.033278e+02	7.579012e+00	55.3224	1	0
179	3	495.9710	2	1.1178	0.020140	9.654951e+00	9.184511e+02	2.026155e+01	64.7841	1	1
179	0	497.2211	2	0.3678	0.000000	9.739194e+00	1.744475e+03	1.535145e+01	53.7167	1	0
180	3	497.9379	3	2.4014	0.039891	3.881530e+00	4.416303e+02	9.308652e+00	27.4262	1	1
180	0	500.4716	3	0.7187	0.000000	2.060606e+00	3.822214e+02	9.432725e+00	53.9675	1	0
181	3	501.3384	4	0.6011	0.008714	6.075050e+00	6.079728e+02	1.024183e+01	33.2190	1	1
181	0	502.0718	4	0.6012	0.000000	8.679123e+00	1.726967e+03	2.815222e+01	89.7584	1	0
182	3	502.8053	3	1.0678	-0.231506	7.519671e+00	7.625435e+02	2.202483e+01	99.1809	0	1
182	0	504.0055	3	1.0012	0.000000	1.420748e+01	2.527440e+03	1.966410e+01	53.2067	1	0
183	3	505.1463	1	1.1341	0.109963	3.757227e+00	4.452513e+02	1.074862e+01	100.0000	1	1
183	0	506.4127	1	0.5176	0.000000	7.357449e+00	1.340538e+03	9.574483e+00	55.3227	1	0
184	3	507.1394	2	1.0345	0.089164	6.309404e+00	6.050048e+02	1.021508e+01	88.5032	1	1
184	0	508.3286	2	0.4174	0.000000	1.320390e+01	2.459679e+03	2.153352e+01	90.9884	1	0
185	3	509.0451	3	2.2170	-0.109150	7.230208e+00	7.962065e+02	1.253810e+01	71.7134	1	1
185	0	511.3942	3	1.0344	0.000000	1.264890e+01	2.197140e+03	3.062835e+01	79.4998	1	0
186	3	512.5771	1	0.9174	0.064148	4.614746e+00	5.083163e+02	6.733107e+00	26.1707	1	1
186	0	513.6269	1	0.3348	0.000000	6.322918e+00	1.176145e+03	1.053679e+01	57.5655	1	0
187	3	514.3433	2	0.4845	0.007262	1.115139e+01	1.114172e+03	1.871508e+01	28.5867	0	1
187	0	515.0597	2	0.3678	0.000000	1.320857e+01	2.791856e+03	1.865501e+01	53.2798	1	0
188	3	515.7096	4	0.5511	0.177577	1.671090e+01	1.711138e+03	1.918115e+01	75.1016	0	1
188	0	516.4258	4	0.7679	0.000000	1.249492e+01	2.435316e+03	2.094533e+01	96.2714	1	0
189	3	517.3421	2	0.4847	0.161617	2.036641e+01	1.959438e+03	2.526115e+01	44.9663	1	1
189	0	518.0586	2	0.3847	0.000000	8.766957e+00	1.908274e+03	2.117307e+01	90.4287	1	0
190	3	518.7752	3	2.3007	-0.006617	7.590863e+00	9.244447e+02	1.351727e+01	92.5545	1	1
190	0	521.2081	3	0.9847	0.000000	4.147802e+00	7.310332e+02	9.564966e+00	69.3457	1	0
191	3	522.3417	1	1.7347	0.109963	4.895994e+00	1.194306e+03	1.074862e+01	100.0000	1	1
191	0	524.2253	1	0.5511	0.000000	9.125692e+00	1.792783e+03	1.301903e+01	54.3750	1	0
192	3	524.9420	4	1.7013	-0.019554	3.930575e+00	4.926465e+02	7.675924e+00	67.4679	1	1
192	0	526.7757	4	0.5179	0.000000	3.096030e+00	5.523777e+02	5.980605e+00	68.9890	1	0
193	1	540.0279	3	2.0179	-0.212732	3.163003e+01	3.068230e+03	4.231848e+01	61.2881	1	1
193	0	542.2006	3	1.4335	0.000000	8.356677e+00	1.494053e+03	2.488433e+01	63.5947	1	0
194	1	543.7662	2	0.8177	-0.063074	4.621054e+00	4.546006e+02	1.348337e+01	0.0000	1	1
194	0	544.7324	2	0.4513	0.000000	5.287968e+00	1.072706e+03	6.855691e+00	54.7148	1	0
195	1	545.4488	1	0.9674	-0.167722	1.628594e+01	1.673824e+03	2.222780e+01	73.3338	1	1
195	0	546.5485	1	0.7011	0.000000	9.425071e+00	1.853383e+03	1.238295e+01	54.4466	1	0
196	1	547.3815	4	1.5006	-0.129249	1.650637e+01	1.946489e+03	2.864547e+01	90.3836	1	1
196	0	549.0144	4	0.9008	0.000000	9.214176e+00	1.651358e+03	1.744284e+01	93.2610	1	0
197	1	550.0641	3	2.2172	-0.085354	7.117065e+00	7.668062e+02	1.227957e+01	53.9633	1	1
197	0	552.4299	3	0.9177	0.000000	5.445250e+00	9.621150e+02	9.226908e+00	98.1455	1	0
198	1	553.4961	2	0.7680	0.028863	3.485507e+00	3.689508e+02	4.816816e+00	62.8362	1	1
198	0	554.4127	2	0.3181	0.000000	5.009336e+00	9.107808e+02	1.048198e+01	89.7975	1	0
199	1	555.1295	1	2.0186	-0.029092	1.275273e+01	1.302378e+03	2.140487e+01	55.6908	1	1
199	0	557.2970	1	0.4012	0.000000	3.630210e+00	7.248010e+02	9.550974e+00	100.0000	1	0
200	1	558.0138	4	0.8012	-0.228730	1.407664e+01	1.637371e+03	2.199738e+01	97.0376	0	1
200	0	558.9473	4	1.1345	0.000000	1.879176e+01	3.430493e+03	2.715834e+01	93.3442	1	0
201	1	560.2141	2	0.9679	0.005348	3.935616e+00	3.763874e+02	1.127141e+01	2.0952	1	1
201	0	561.3143	2	0.3679	0.000000	5.034689e+00	8.766919e+02	1.139896e+01	81.3832	1	0
202	1	562.0310	3	1.2347	-0.085127	8.105603e+00	7.751530e+02	1.791736e+01	88.8167	1	1
202	0	563.3980	3	0.8513	0.000000	6.699879e+00	1.195385e+03	2.095675e+01	84.4621	1	0
203	1	564.3981	1	0.7512	-0.039043	3.699066e+00	3.991988e+02	1.083042e+01	5.2269	1	1
203	0	565.2981	1	0.3679	0.000000	3.209959e+00	6.720287e+02	6.955524e+00	99.2343	1	0
204	1	566.0149	4	0.9347	-0.155239	1.358924e+01	1.635563e+03	2.456971e+01	87.9697	1	1
204	0	567.0985	4	0.6680	0.000000	1.232503e+01	2.119992e+03	1.458645e+01	55.6029	1	0
205	1	567.8986	1	0.6012	-0.169852	1.454820e+01	1.382534e+03	1.712303e+01	63.0641	0	1
205	0	568.6488	1	0.4177	0.000000	1.500205e+01	2.693632e+03	1.771560e+01	70.5261	1	0
206	1	569.2915	3	1.3669	-0.042755	8.028387e+00	7.806565e+02	1.117553e+01	4.1112	1	1
206	0	570.8070	3	0.9508	0.000000	6.014990e+00	1.071722e+03	1.378041e+01	86.0445	1	0
207	1	571.8900	2	0.6675	-0.113270	2.582020e+00	2.714146e+02	1.086923e+01	100.0000	1	1
207	0	572.6897	2	0.4678	0.000000	1.118300e+01	2.300839e+03	1.472023e+01	94.2460	1	0
208	1	573.4062	4	1.5177	-0.093064	1.592240e+01	1.520179e+03	2.041836e+01	69.7597	1	1
208	0	575.0722	4	0.9013	0.000000	4.289684e+00	8.052010e+02	9.373686e+00	54.5747	1	0
209	3	588.6686	4	1.1848	0.159073	2.304874e+01	2.754004e+03	4.443829e+01	66.4341	1	1
209	0	590.0021	4	1.0512	0.000000	1.238944e+01	2.589224e+03	2.301008e+01	92.0779	1	0
210	3	591.1855	2	0.8181	0.225653	2.155399e+01	2.217493e+03	2.655127e+01	75.3461	0	1
210	0	592.1523	2	0.4678	0.000000	1.314958e+01	2.450349e+03	1.918925e+01	54.1855	1	0
211	3	592.7857	3	1.4014	0.009941	9.675599e+00	1.256797e+03	2.036317e+01	64.7785	1	1
211	0	594.3194	3	0.9848	0.000000	4.640328e+00	8.274321e+02	1.481140e+01	75.7616	1	0
212	3	595.4529	1	1.1012	0.167762	6.974977e+00	7.612731e+02	1.642219e+01	95.8897	1	1
212	0	596.6865	1	1.0178	0.000000	1.502474e+01	3.328517e+03	2.889791e+01	93.6348	1	0
213	3	597.8532	4	0.8846	0.049370	5.230415e+00	5.047576e+02	1.447064e+01	7.1400	1	1
213	0	598.8868	4	0.5845	0.000000	2.158611e+00	3.906724e+02	4.787361e+00	100.0000	1	0
214	3	599.6034	3	2.2515	0.007041	1.278100e+01	1.219349e+03	3.271940e+01	48.2569	1	1
214	0	602.0039	3	1.0846	0.000000	1.710808e+00	3.048505e+02	5.820832e+00	86.5988	1	0
215	3	603.2374	2	0.9179	0.160732	2.054392e+01	2.011761e+03	2.848640e+01	60.7024	1	1
215	0	604.2876	2	0.3511	0.000000	6.509232e+00	1.157571e+03	9.933542e+00	55.0800	1	0
216	3	605.0127	1	2.3664	0.059951	5.572051e+00	1.033703e+03	1.419792e+01	39.5736	1	1
216	0	607.5114	1	0.4678	0.000000	4.487817e+00	8.215140e+02	1.044423e+01	100.0000	1	0
217	3	608.2278	3	1.5677	-0.048819	1.401212e+01	1.609365e+03	4.253573e+01	54.3584	1	1
217	0	609.9439	3	0.9010	0.000000	4.098902e+00	7.143789e+02	8.103549e+00	70.6559	1	0
218	3	610.9935	2	0.8508	0.088143	4.849090e+00	4.796914e+02	8.375691e+00	100.0000	1	1
218	0	611.9765	2	0.7184	0.000000	8.856247e+00	1.809027e+03	1.763163e+01	98.5111	1	0
219	3	612.8435	4	0.8172	0.006723	2.266400e+00	2.491228e+02	7.342437e+00	11.1069	1	1
219	0	613.8091	4	0.7509	0.000000	5.595641e+00	1.052270e+03	1.897583e+01	100.0000	1	0
220	3	614.7090	1	1.4510	0.070533	7.956569e+00	1.014485e+03	1.232485e+01	54.3749	1	1
220	0	616.2917	1	0.6518	0.000000	5.532361e+00	1.028663e+03	1.167201e+01	97.2611	1	0
221	3	617.0753	4	0.8006	0.064171	2.215871e+00	2.433923e+02	1.025948e+01	5.1253	1	1
221	0	618.0245	4	0.3675	0.000000	3.815397e+00	6.680137e+02	4.982804e+00	55.1420	1	0
222	3	618.7409	1	0.9015	0.193234	5.650868e+00	6.217021e+02	1.866227e+01	100.0000	0	1
222	0	619.7746	1	0.5510	0.000000	1.214777e+01	2.291651e+03	1.892498e+01	54.2362	1	0
223	3	620.4739	3	1.3175	0.014007	5.396561e+00	5.795490e+02	1.278038e+01	78.3495	1	1
223	0	621.9399	3	0.7682	0.000000	8.724453e+00	1.588448e+03	3.097922e+01	63.9253	1	0
224	3	622.8571	2	0.5512	0.137223	1.353268e+01	1.308010e+03	1.783118e+01	47.7092	1	1
224	0	623.5739	2	0.3344	0.000000	4.448321e+00	9.287558e+02	5.463649e+00	53.3051	1	0
225	3	624.2906	4	0.6847	0.075993	4.109029e+00	3.960335e+02	9.030458e+00	92.1534	1	1
225	0	625.1242	4	0.7177	0.000000	2.960686e+00	5.407265e+02	5.587963e+00	87.3837	1	0
226	3	625.9742	2	0.5179	0.139524	9.388825e+00	9.130194e+02	1.365681e+01	100.0000	1	1
226	0	626.6910	2	0.3011	0.000000	1.107973e+01	2.437170e+03	1.658482e+01	87.3022	1	0
227	3	627.4078	3	2.2346	-0.053897	3.818314e+00	5.384277e+02	1.205196e+01	56.8186	1	1
227	0	629.7748	3	1.5513	0.000000	5.560952e+00	1.044650e+03	2.727522e+01	59.3250	1	0
228	3	631.4750	1	1.0681	0.118707	4.642335e+00	5.252742e+02	1.175520e+01	89.0749	1	1
228	0	632.6920	1	0.7011	0.000000	8.262428e+00	1.564550e+03	1.020475e+01	54.1446	1	0
229	3	633.5254	4	1.5346	0.004736	8.791661e+00	8.844757e+02	1.172267e+01	67.3714	1	1
229	0	635.1924	4	0.7012	0.000000	4.145589e+00	8.016123e+02	1.048366e+01	100.0000	1	0
230	3	636.0424	2	0.7178	-0.002846	8.998131e+00	9.209177e+02	1.389478e+01	50.4346	1	1
230	0	636.9092	2	0.4844	0.000000	9.318926e+00	1.865361e+03	2.268338e+01	71.9095	1	0
231	3	637.6352	3	1.3839	-0.000142	7.131342e+00	8.332406e+02	1.991751e+01	63.5658	1	1
231	0	639.1763	3	1.1678	0.000000	5.407350e+00	9.997486e+02	2.279375e+01	60.4511	1	0
232	3	640.4842	1	0.7175	0.196244	1.359629e+01	1.594051e+03	2.217989e+01	79.0529	0	1
232	0	641.3339	1	0.6675	0.000000	1.144823e+01	2.094963e+03	1.600982e+01	54.6348	1	0
233	3	642.1503	2	1.5007	0.423930	3.161833e+01	4.550103e+03	4.756557e+01	23.8330	0	1
233	0	643.7996	2	0.6178	0.000000	2.664510e+01	5.152256e+03	3.839627e+01	54.0965	1	0
234	3	644.5661	3	2.5672	-0.074820	4.411586e+00	4.753796e+02	1.205052e+01	85.0653	1	1
234	0	647.2818	3	2.7501	0.000000	9.737774e+00	1.796754e+03	2.032291e+01	56.6481	1	0
235	3	650.1643	1	2.3502	0.046181	3.441603e+00	4.332500e+02	6.712978e+00	74.4717	1	1
235	0	652.6468	1	1.1840	0.000000	6.848249e+00	1.343196e+03	2.026940e+01	96.7446	1	0
236	3	653.9630	4	1.5005	0.068544	2.816593e+00	2.940765e+02	7.197724e+00	17.2955	1	1
236	0	655.7457	4	1.3510	0.000000	3.863475e+00	7.462297e+02	9.318976e+00	100.0000	1	0
237	3	657.2457	3	1.7514	-0.082085	3.273737e+00	3.123833e+02	9.644723e+00	82.7616	1	1
237	0	659.1459	3	1.3013	0.000000	4.097801e+00	7.195643e+02	6.080817e+00	75.6835	1	0
238	3	660.5795	2	1.2512	0.184445	1.204870e+01	1.167946e+03	1.803853e+01	95.6336	0	1
238	0	661.9631	2	0.4678	0.000000	1.458003e+01	2.754313e+03	2.001173e+01	53.7768	1	0
239	3	662.5965	4	1.1012	0.005894	5.279511e+00	5.168277e+02	1.390698e+01	10.4093	1	1
239	0	663.8301	4	0.8345	0.000000	1.518170e+00	2.675523e+02	4.240914e+00	63.8667	1	0
240	3	664.8135	1	1.7347	0.043075	2.545475e+00	2.551713e+02	9.004769e+00	14.3343	1	1
240	0	666.6805	1	0.4845	0.000000	6.351025e+00	1.132570e+03	1.559417e+01	87.4354	1	0
241	3	667.3973	3	2.0014	-0.056983	6.945516e+00	7.638723e+02	1.530558e+01	48.6039	1	1
241	0	669.5475	3	1.3180	0.000000	7.029404e+00	1.252251e+03	2.345333e+01	60.4362	1	0
242	3	670.9978	2	0.8512	0.092548	6.288957e+00	6.033630e+02	1.125039e+01	24.7010	1	1
242	0	671.9980	2	0.3345	0.000000	3.564631e+00	7.480841e+02	8.664929e+00	64.8061	1	0
243	3	672.7233	4	1.2339	0.003311	1.149380e+01	1.253837e+03	1.539394e+01	28.6872	1	1
243	0	674.0895	4	0.5344	0.000000	3.287466e+00	5.885771e+02	6.939920e+00	62.6681	1	0
244	3	674.8150	1	1.4015	0.085947	4.297596e+00	4.577227e+02	9.991146e+00	72.6286	1	1
244	0	676.3722	1	0.3842	0.000000	4.743997e+00	8.169210e+02	7.545501e+00	55.4023	1	0
245	3	677.0887	2	0.7844	-0.057676	1.023240e+01	1.117446e+03	2.431501e+01	27.5774	1	1
245	0	678.0215	2	0.2513	0.000000	3.476865e+00	6.670619e+02	7.110317e+00	57.5687	1	0
246	3	678.7380	1	1.0006	0.232633	1.529177e+01	2.261931e+03	2.980243e+01	86.9577	1	1
246	0	679.8708	1	0.5846	0.000000	9.413617e+00	1.669901e+03	1.585723e+01	98.5187	1	0
247	3	680.5874	4	0.9844	0.048409	3.782277e+00	4.013021e+02	8.127432e+00	82.8187	1	1
247	0	681.7203	4	0.6011	0.000000	3.416760e+00	5.974097e+02	4.781471e+00	55.2337	1	0
248	3	682.4701	3	1.9004	-0.014858	2.152205e+00	2.118498e+02	8.226099e+00	98.2267	1	1
248	0	684.5026	3	0.6679	0.000000	1.172196e+01	2.159167e+03	3.680813e+01	70.0199	1	0
249	3	685.3191	2	0.5179	-0.119484	3.674648e+00	3.815665e+02	1.161445e+01	100.0000	0	1
249	0	686.0356	2	0.3508	0.000000	1.249055e+01	2.585571e+03	1.849257e+01	53.8308	1	0
250	3	686.6686	4	0.7508	-0.035481	4.079822e+00	4.076162e+02	5.967181e+00	22.9671	1	1
250	0	687.8348	4	0.7845	0.000000	8.180067e+00	1.610514e+03	1.844678e+01	97.9462	1	0
251	3	688.7679	1	0.8008	0.156250	5.681700e+00	6.743745e+02	1.512293e+01	100.0000	1	1
251	0	689.7176	1	0.6008	0.000000	1.046279e+01	2.033283e+03	1.446459e+01	54.3438	1	0
252	3	690.4507	3	1.1180	0.055682	2.682612e+00	2.864171e+02	8.395297e+00	11.0321	1	1
252	0	691.7177	3	0.5510	0.000000	9.077629e+00	1.584630e+03	2.161888e+01	91.3284	1	0
253	3	692.4345	1	0.7844	0.194722	6.668868e+00	7.467106e+02	1.860725e+01	100.0000	0	1
253	0	693.3511	1	0.6180	0.000000	1.439877e+01	2.894725e+03	1.974547e+01	53.2627	1	0
254	3	694.1179	4	0.6679	-0.067434	4.026789e+00	4.707144e+02	6.516073e+00	98.4729	1	1
254	0	694.9181	4	0.5178	0.000000	9.468655e+00	1.749538e+03	1.621014e+01	97.2974	1	0
255	3	695.6350	3	1.1845	-0.020324	4.873328e+00	4.772934e+02	9.276531e+00	56.0764	1	1
255	0	696.9517	3	0.4844	0.000000	6.461558e+00	1.145964e+03	2.013022e+01	72.3314	1	0
256	3	697.6685	2	0.6345	-0.053981	4.180994e+00	4.091992e+02	6.285196e+00	35.3329	1	1
256	0	698.4353	2	0.2677	0.000000	6.668752e+00	1.212044e+03	1.052742e+01	61.4831	1	0
257	1	711.6874	4	-0.0153	1.977311	1.042170e+02	4.675669e+03	1.042170e+02	100.0000	0	1
257	0	711.8268	4	0.7680	0.000000	6.421332e+01	6.208303e+03	1.040468e+02	46.8110	1	0
258	1	712.7432	3	1.4339	-0.002674	2.333439e+01	2.429158e+03	4.312044e+01	71.4489	1	1
258	0	714.3260	3	1.1010	0.000000	4.434094e+00	7.651503e+02	1.470644e+01	69.7452	1	0
259	1	715.5756	2	0.6841	-0.077365	9.601638e+00	9.801346e+02	1.144355e+01	56.2369	1	1
259	0	716.3921	2	0.4508	0.000000	6.077323e+00	1.282168e+03	1.089896e+01	91.7286	1	0
260	1	717.1084	1	1.0346	-0.042755	9.858657e+00	1.083015e+03	1.161059e+01	56.4183	1	1
260	0	718.2914	1	0.9177	0.000000	1.569018e+01	3.185293e+03	4.090277e+01	93.7228	1	0
261	1	719.3577	4	0.6845	-0.214171	1.146885e+01	1.191890e+03	2.038444e+01	100.0000	0	1
261	0	720.1907	4	0.6514	0.000000	1.623378e+01	2.827031e+03	2.039169e+01	54.2640	1	0
262	1	720.9903	3	1.5839	-0.061257	1.109452e+01	1.087920e+03	1.697501e+01	67.2873	1	1
262	0	722.7232	3	0.7507	0.000000	3.304005e+00	5.860820e+02	1.274247e+01	73.5531	1	0
263	1	723.6062	1	1.9683	-0.010498	7.418764e+00	8.059111e+02	1.185294e+01	92.4020	1	1
263	0	725.7229	1	0.5184	0.000000	5.287148e+00	1.004439e+03	1.241180e+01	90.4868	1	0
264	1	726.7897	2	1.2679	-0.055942	6.651613e+00	6.647055e+02	8.359062e+00	94.4142	1	1
264	0	728.1899	2	0.3512	0.000000	3.047729e+00	5.650258e+02	3.051465e+00	54.8650	1	0
265	1	728.9068	1	0.9011	-0.029403	4.188807e+00	4.055909e+02	6.005680e+00	4.6407	1	1
265	0	729.9402	1	0.3343	0.000000	6.760284e+00	1.203765e+03	1.421055e+01	87.6604	1	0
266	1	730.6569	2	0.6512	0.010416	9.482420e+00	9.590280e+02	1.382306e+01	24.2299	1	1
266	0	731.4406	2	0.2843	0.000000	1.082806e+00	2.108343e+02	1.780551e+00	56.0585	1	0
267	1	732.1572	4	0.8179	0.007895	6.569145e+00	6.788037e+02	1.576960e+01	90.5042	1	1
267	0	733.1239	4	0.6680	0.000000	9.769760e+00	1.775545e+03	1.618837e+01	90.7484	1	0
268	1	733.9408	3	1.3013	-0.045182	1.624029e+01	1.613634e+03	2.621681e+01	58.4971	0	1
268	0	735.3744	3	0.6845	0.000000	1.289600e+01	2.344919e+03	1.800646e+01	53.1876	1	0
269	1	736.2078	4	0.5011	-0.189793	6.986681e+00	7.991718e+02	1.823795e+01	100.0000	0	1
269	0	736.9246	4	0.6513	0.000000	1.678854e+01	3.155231e+03	2.211421e+01	53.5449	1	0
270	1	737.7247	2	0.8845	-0.029403	3.666672e+00	3.533314e+02	7.801336e+00	18.0264	1	1
270	0	738.7415	2	0.4845	0.000000	4.057218e+00	7.113877e+02	8.056342e+00	97.0154	1	0
271	1	739.4676	1	0.7012	-0.053001	3.477448e+00	3.887019e+02	6.008219e+00	5.8791	1	1
271	0	740.3083	1	0.3846	0.000000	3.464032e+00	6.328681e+02	5.081618e+00	55.2117	1	0
272	1	741.0253	3	1.1515	-0.050759	8.793964e+00	8.428129e+02	1.456256e+01	49.2208	1	1
272	0	742.3255	3	0.7512	0.000000	6.718336e+00	1.179930e+03	1.804578e+01	74.5989	1	0
