Trial	Type	Target/Home(1,0)	Target #	Time(s)	Xpos	Ypos	Xvel	Yvel	Xaccel	Yaccel	Xerror	Yerror	Xprojection	Yprojection
1	1	0	3	0.647898	2.87	-7.89	4.43	-12.18	6.83	-18.80	2.87	-0.00	-0.00	-7.89
1	1	1	3	0.774086	2.87	-7.89	0.00	0.00	-35.09	96.50	2.87	-0.00	-0.00	-7.89
1	1	1	3	0.791398	2.87	-7.89	0.00	0.00	0.00	0.00	2.87	-0.00	-0.00	-7.89
1	1	1	3	0.807796	2.87	-7.89	0.00	0.00	0.00	0.00	2.87	-0.00	-0.00	-7.89
1	1	1	3	0.824587	2.87	-7.89	0.00	0.00	0.00	0.00	2.87	-0.00	-0.00	-7.89
1	1	1	3	0.841294	2.86	-7.62	-0.63	16.00	-37.89	957.65	2.86	-0.00	-0.00	-7.62
1	1	1	3	0.857874	2.87	-7.89	0.64	-16.12	76.65	-1937.25	2.87	-0.00	-0.00	-7.89
1	1	1	3	0.874512	2.86	-7.62	-0.64	16.06	-76.54	1934.45	2.86	-0.00	-0.00	-7.62
1	1	1	3	0.891221	2.86	-7.62	0.00	0.00	38.04	-961.45	2.86	-0.00	-0.00	-7.62
1	1	1	3	0.907929	2.86	-7.62	0.00	0.00	0.00	0.00	2.86	-0.00	-0.00	-7.62
1	1	1	3	0.924521	2.87	-7.89	0.64	-16.11	38.42	-971.00	2.87	-0.00	-0.00	-7.89
1	1	1	3	0.941226	2.86	-7.62	-0.63	16.00	-76.05	1922.15	2.86	-0.00	-0.00	-7.62
1	1	1	3	0.957912	2.86	-7.62	0.00	0.00	37.94	-958.91	2.86	-0.00	-0.00	-7.62
1	1	1	3	0.974460	2.87	-7.89	0.64	-16.15	38.62	-976.03	2.87	-0.00	-0.00	-7.89
1	1	1	3	0.991239	2.86	-7.62	-0.63	15.93	-75.65	1912.06	2.86	-0.00	-0.00	-7.62
1	1	1	3	1.007867	3.06	-7.54	12.36	4.83	781.49	-667.65	3.06	-0.00	-0.00	-7.54
1	1	1	3	1.024513	2.86	-7.62	-12.35	-4.82	-1484.63	-579.81	2.86	-0.00	-0.00	-7.62
1	1	1	3	1.041250	2.86	-7.62	0.00	0.00	737.93	288.19	2.86	-0.00	-0.00	-7.62
1	1	1	3	1.058012	2.87	-7.89	0.63	-15.95	37.64	-951.33	2.87	-0.00	-0.00	-7.89
1	1	1	3	1.074620	2.86	-7.62	-0.64	16.09	-76.33	1929.19	2.86	-0.00	-0.00	-7.62
1	1	1	3	1.091387	3.06	-7.54	12.26	4.79	769.21	-674.25	3.06	-0.00	-0.00	-7.54
1	1	1	3	1.107948	3.08	-7.81	0.79	-16.23	-692.85	-1269.26	3.08	-0.00	-0.00	-7.81
1	1	1	3	1.124569	2.87	-7.89	-12.52	-4.74	-800.40	691.31	2.87	-0.00	-0.00	-7.89
1	1	1	3	1.141275	3.06	-7.54	11.67	20.81	1448.04	1529.24	3.06	-0.00	-0.00	-7.54
1	1	1	3	1.158389	3.06	-7.54	0.00	0.00	-682.09	-1215.73	3.06	-0.00	-0.00	-7.54
1	1	1	3	1.174638	3.08	-7.81	0.80	-16.54	49.37	-1018.02	3.08	-0.00	-0.00	-7.81
1	1	1	3	1.191223	3.08	-7.81	0.00	0.00	-48.37	997.36	3.08	-0.00	-0.00	-7.81
1	1	1	3	1.207910	3.12	-8.88	2.59	-64.10	155.02	-3841.49	3.12	0.00	-0.00	-8.88
1	1	1	3	1.224561	3.16	-10.21	2.35	-79.66	-14.29	-934.54	3.16	0.00	-0.00	-10.21
1	1	1	3	1.241274	3.19	-11.79	1.97	-94.51	-22.84	-888.46	3.19	0.00	-0.00	-11.79
1	1	1	3	1.258169	3.20	-12.31	0.51	-31.02	-86.35	3757.75	3.20	0.00	-0.00	-12.31
1	1	1	3	1.274800	3.20	-12.57	0.24	-15.74	-16.30	919.21	3.20	0.00	-0.00	-12.57
1	1	1	3	1.291487	3.22	-13.88	1.01	-78.20	46.16	-3743.56	3.22	0.00	-0.00	-13.88
1	1	1	3	1.308171	3.24	-16.22	1.29	-140.11	16.65	-3710.16	3.24	0.00	-0.00	-16.22
1	1	1	3	1.324588	3.26	-18.28	0.79	-126.01	-30.06	858.57	3.26	0.00	-0.00	-18.28
1	1	1	3	1.341298	3.76	-20.78	29.88	-149.32	1740.53	-1395.05	3.76	0.00	-0.00	-20.78
1	1	1	3	1.357984	4.26	-24.05	30.17	-195.95	17.48	-2794.22	4.26	0.00	-0.00	-24.05
1	1	1	3	1.374716	5.24	-26.71	58.80	-159.16	1711.33	2198.83	5.24	0.00	-0.00	-26.71
1	1	1	3	1.391279	6.23	-30.41	59.66	-223.01	51.85	-3855.38	6.23	0.00	-0.00	-30.41
1	1	1	3	1.407918	7.45	-33.01	72.99	-156.33	801.21	4008.06	7.45	0.00	-0.00	-33.01
1	1	1	3	1.424582	8.18	-35.45	44.12	-146.52	-1732.36	588.64	8.18	0.00	-0.00	-35.45
1	1	1	3	1.441361	8.67	-37.42	29.43	-117.69	-875.47	1717.96	8.67	0.00	-0.00	-37.42
1	1	1	3	1.457970	9.17	-39.66	29.91	-134.58	28.75	-1016.90	9.17	0.00	-0.00	-39.66
1	1	1	3	1.474705	9.90	-41.58	43.53	-114.70	813.98	1187.84	9.90	0.00	-0.00	-41.58
1	1	1	3	1.491312	10.62	-43.23	43.59	-99.78	3.64	898.60	10.62	0.00	-0.00	-43.23
1	1	1	3	1.507903	11.11	-44.43	29.11	-71.77	-872.77	1687.93	11.11	0.00	-0.00	-44.43
1	1	1	3	1.524653	11.12	-45.47	0.84	-62.38	-1687.86	561.15	11.12	0.00	-0.00	-45.47
1	1	1	3	1.541229	10.89	-46.05	-13.71	-34.87	-878.03	1659.35	10.89	0.00	-0.00	-46.05
1	1	1	3	1.557949	10.91	-47.09	0.72	-62.34	863.22	-1642.53	10.91	0.00	-0.00	-47.09
1	1	1	3	1.574643	10.92	-48.39	0.84	-77.97	7.36	-936.66	10.92	0.00	-0.00	-48.39
1	1	1	3	1.591856	10.93	-49.43	0.61	-60.44	-13.41	1018.52	10.93	0.00	-0.00	-49.43
1	1	1	3	1.607996	10.46	-50.57	-28.90	-70.66	-1828.32	-632.98	10.46	0.00	-0.00	-50.57
1	1	1	3	1.624697	9.99	-51.70	-28.27	-67.79	37.89	171.36	9.99	0.00	-0.00	-51.70
1	1	1	3	1.641304	9.52	-53.09	-28.64	-83.24	-22.56	-930.17	9.52	0.00	-0.00	-53.09
1	1	1	3	1.657958	9.52	-54.38	0.41	-77.50	1744.09	344.90	9.52	0.00	-0.00	-54.38
1	1	1	3	1.674779	8.79	-55.27	-43.33	-53.24	-2600.01	1442.18	8.79	0.00	-0.00	-55.27
1	1	1	3	1.691400	7.56	-55.46	-74.09	-10.94	-1850.68	2544.74	7.56	0.00	-0.00	-55.46
1	1	1	3	1.707952	4.56	-55.78	-181.13	-19.74	-6466.68	-531.72	4.56	0.00	-0.00	-55.78
1	1	1	3	1.724656	1.78	-56.19	-166.67	-24.70	865.74	-296.70	1.78	0.00	-0.00	-56.19
1	1	1	3	1.741446	0.00	-56.22	-106.01	-1.68	3612.62	1371.21	0.00	0.00	-0.00	-56.22
1	1	1	3	1.757977	-0.51	-55.97	-30.78	15.53	4551.08	1040.96	-0.51	0.00	-0.00	-55.97
1	1	1	3	1.774878	-0.51	-55.97	0.00	0.00	1821.06	-918.85	-0.51	0.00	-0.00	-55.97
1	1	1	3	1.791441	-0.51	-55.97	0.00	0.00	0.00	0.00	-0.51	0.00	-0.00	-55.97
1	1	1	3	1.808052	-0.51	-55.97	0.00	0.00	0.00	0.00	-0.51	0.00	-0.00	-55.97
1	1	1	3	1.825062	-0.25	-55.97	14.95	-0.10	879.17	-5.99	-0.25	0.00	-0.00	-55.97
1	1	1	3	1.841400	-0.25	-56.22	-0.00	-15.57	-915.33	-946.83	-0.25	0.00	-0.00	-56.22
1	1	1	3	1.858232	-0.25	-56.99	-0.00	-45.34	-0.00	-1768.70	-0.25	0.00	-0.00	-56.99
1	1	1	3	1.874747	0.00	-58.00	15.40	-61.65	932.83	-987.76	0.00	0.00	-0.00	-58.00
1	1	1	3	1.891826	0.25	-58.77	14.89	-44.65	-29.86	995.44	0.25	0.00	-0.00	-58.77
1	1	1	3	1.908088	0.51	-59.78	15.64	-62.48	46.04	-1096.21	0.51	0.00	-0.00	-59.78
1	1	1	3	1.924676	0.76	-60.80	15.33	-61.19	-18.64	77.75	0.76	0.00	-0.00	-60.80
1	1	1	3	1.941454	0.51	-61.82	-15.16	-60.81	-1817.44	22.57	0.51	0.00	-0.00	-61.82
1	1	1	3	1.958628	0.51	-63.85	0.00	-118.51	882.72	-3359.71	0.51	0.00	-0.00	-63.85
1	1	1	3	1.974660	0.51	-66.14	0.00	-142.82	0.00	-1516.32	0.51	0.00	-0.00	-66.14
1	1	1	3	1.991361	1.02	-66.90	30.46	-45.35	1823.78	5836.00	1.02	0.00	-0.00	-66.90
1	1	1	3	2.007972	1.53	-68.67	30.62	-106.66	9.49	-3690.93	1.53	0.00	-0.00	-68.67
1	1	1	3	2.024736	2.29	-70.18	45.48	-89.84	886.39	1003.31	2.29	0.00	-0.00	-70.18
1	1	1	3	2.041391	2.03	-70.95	-15.25	-46.31	-3646.05	2613.37	2.03	0.00	-0.00	-70.95
1	1	1	3	2.058062	1.27	-70.97	-45.74	-1.07	-1829.21	2714.15	1.27	0.00	-0.00	-70.97
1	1	1	3	2.074740	1.02	-70.97	-15.25	-0.25	1828.57	49.15	1.02	0.00	-0.00	-70.97
1	1	1	3	2.091423	0.76	-70.97	-15.25	-0.19	0.16	3.28	0.76	0.00	-0.00	-70.97
1	1	1	3	2.108067	1.02	-70.97	15.28	0.19	1834.21	23.01	1.02	0.00	-0.00	-70.97
1	1	1	3	2.124695	1.02	-71.23	0.00	-15.30	-919.04	-931.72	1.02	0.00	-0.00	-71.23
1	1	1	3	2.141325	1.27	-71.98	15.29	-45.65	919.51	-1825.15	1.27	0.00	-0.00	-71.98
1	1	1	3	2.158106	1.02	-72.24	-15.15	-15.40	-1814.37	1802.73	1.02	0.00	-0.00	-72.24
1	1	1	3	2.174850	1.02	-72.75	0.00	-30.39	905.09	-895.11	1.02	0.00	-0.00	-72.75
1	1	1	3	2.191452	0.76	-73.52	-15.32	-46.16	-922.78	-949.88	0.76	0.00	-0.00	-73.52
1	1	1	3	2.208075	0.51	-74.28	-15.30	-46.05	1.08	6.95	0.51	0.00	-0.00	-74.28
1	1	1	3	2.224721	0.00	-74.54	-30.57	-15.39	-916.91	1841.71	0.00	0.00	-0.00	-74.54
1	1	1	3	2.241374	0.00	-75.30	0.00	-45.83	1835.41	-1828.03	0.00	0.00	-0.00	-75.30
1	1	1	3	2.258053	0.25	-76.32	15.25	-60.99	914.54	-908.81	0.25	0.00	-0.00	-76.32
1	1	1	3	2.274993	0.51	-77.34	15.02	-60.00	-13.92	58.43	0.51	0.00	-0.00	-77.34
1	1	1	3	2.291395	0.76	-78.10	15.51	-46.41	29.99	828.63	0.76	0.00	-0.00	-78.10
1	1	1	3	2.308017	0.51	-79.12	-15.30	-61.34	-1853.65	-898.66	0.51	0.00	-0.00	-79.12
1	1	1	3	2.324776	0.51	-79.88	0.00	-45.54	913.12	943.01	0.51	0.00	-0.00	-79.88
1	1	1	3	2.341472	0.25	-80.65	-15.24	-45.79	-912.65	-14.71	0.25	0.00	-0.00	-80.65
1	1	1	3	2.358080	0.25	-81.66	0.00	-61.27	917.47	-932.48	0.25	0.00	-0.00	-81.66
1	1	1	3	2.374661	0.76	-82.68	30.68	-61.18	1850.50	5.44	0.76	0.00	-0.00	-82.68
1	1	1	3	2.391432	1.53	-83.94	45.50	-75.23	883.19	-837.63	1.53	0.00	-0.00	-83.94
1	1	1	3	2.408225	2.80	-85.18	75.67	-73.84	1796.85	82.93	2.80	0.00	-0.00	-85.18
1	1	1	3	2.424974	3.81	-86.41	60.62	-73.67	-898.30	10.15	3.81	0.00	-0.00	-86.41
1	1	1	3	2.441486	4.07	-86.91	15.36	-30.15	-2741.25	2635.68	4.07	0.00	-0.00	-86.91
1	1	1	3	2.458152	3.81	-87.18	-15.22	-15.97	-1834.83	850.84	3.81	0.00	-0.00	-87.18
1	1	1	3	2.474750	3.81	-87.43	0.00	-15.34	916.86	37.76	3.81	0.00	-0.00	-87.43
1	1	1	3	2.491483	3.81	-87.43	0.00	0.00	-0.08	916.84	3.81	0.00	-0.00	-87.43
1	1	1	3	2.508241	3.81	-87.69	0.00	-15.20	0.07	-906.76	3.81	0.00	-0.00	-87.69
1	1	1	3	2.525394	4.32	-88.43	29.57	-43.18	1724.03	-1631.32	4.32	0.00	-0.00	-88.43
1	1	1	3	2.541407	5.08	-88.64	47.46	-13.39	1117.27	1860.17	5.08	0.00	-0.00	-88.64
1	1	1	3	2.558152	5.59	-88.87	30.22	-13.40	-1029.50	-0.80	5.59	0.00	-0.00	-88.87
1	1	1	3	2.574772	5.59	-89.38	0.01	-30.67	-1818.12	-1039.15	5.59	0.00	-0.00	-89.38
1	1	1	3	2.592103	5.33	-89.39	-14.60	-0.89	-842.68	1718.44	5.33	0.00	-0.00	-89.39
1	1	1	3	2.608119	5.08	-89.66	-15.80	-16.83	-75.20	-995.23	5.08	0.00	-0.00	-89.66
1	1	1	3	2.624963	5.33	-90.16	15.03	-29.39	1830.59	-745.42	5.33	0.00	-0.00	-90.16
1	1	1	3	2.641391	5.59	-90.40	15.40	-14.58	22.58	901.14	5.59	0.00	-0.00	-90.40
1	1	1	3	2.658100	5.59	-90.65	0.00	-15.25	-921.73	-40.24	5.59	0.00	-0.00	-90.65
1	1	1	3	2.675345	5.59	-90.65	0.00	0.00	-0.21	884.55	5.59	0.00	-0.00	-90.65
1	1	1	3	2.691582	5.59	-91.16	0.01	-31.40	0.45	-1933.71	5.59	0.00	-0.00	-91.16
1	1	1	3	2.708116	5.33	-91.94	-15.30	-47.15	-925.51	-953.06	5.33	0.00	-0.00	-91.94
1	1	1	3	2.724783	4.83	-92.48	-30.38	-32.25	-905.22	894.37	4.83	0.00	-0.00	-92.48
1	1	1	3	2.741480	4.32	-93.52	-30.36	-62.52	1.58	-1812.86	4.32	0.00	-0.00	-93.52
1	1	1	3	2.758239	4.07	-94.30	-15.13	-46.26	908.51	969.88	4.07	0.00	-0.00	-94.30
1	1	1	3	2.774905	3.81	-94.56	-15.22	-15.91	-5.58	1820.89	3.81	0.00	-0.00	-94.56
1	1	1	3	2.791505	3.81	-95.32	0.00	-46.02	917.30	-1813.52	3.81	0.00	-0.00	-95.32
1	1	1	3	2.808179	3.56	-95.84	-15.22	-31.12	-913.00	893.11	3.56	0.00	-0.00	-95.84
1	1	1	3	2.824896	3.81	-96.34	15.19	-29.88	1819.05	74.54	3.81	0.00	-0.00	-96.34
1	1	1	3	2.841521	3.56	-97.63	-15.26	-77.14	-1831.60	-2843.05	3.56	0.00	-0.00	-97.63
1	1	1	3	2.858281	2.54	-98.68	-60.63	-62.63	-2706.54	865.94	2.54	0.00	-0.00	-98.68
1	1	1	3	2.874858	0.76	-98.71	-107.38	-1.80	-2820.71	3669.89	0.76	0.00	-0.00	-98.71
1	1	1	3	2.891496	-0.51	-98.71	-76.45	-0.10	1859.19	102.19	-0.51	0.00	-0.00	-98.71
1	1	1	3	2.908127	-2.80	-98.67	-137.61	2.30	-3677.49	144.52	-2.80	0.00	-0.00	-98.67
1	0	1	3	2.942074	-2.54	-98.68	-0.86	-33.54	-0.29	-11.40	-2.54	0.00	-0.00	-98.68
1	0	1	3	2.958734	-1.27	-98.70	76.31	-1.48	4632.57	1924.73	-1.27	0.00	-0.00	-98.70
1	0	1	3	2.974764	-0.76	-98.71	31.73	-0.33	-2780.68	71.60	-0.76	0.00	-0.00	-98.71
1	0	1	3	2.991578	-1.02	-98.70	-15.13	0.14	-2787.12	27.57	-1.02	0.00	-0.00	-98.70
1	0	1	3	3.008192	-1.27	-98.70	-15.31	0.18	-10.90	2.47	-1.27	0.00	-0.00	-98.70
1	0	1	3	3.024802	-1.78	-98.69	-30.62	0.47	-921.91	17.82	-1.78	0.00	-0.00	-98.69
1	0	1	3	3.041566	-2.54	-98.68	-45.49	1.00	-887.11	31.20	-2.54	0.00	-0.00	-98.68
1	0	1	3	3.058169	-2.54	-98.68	0.00	0.00	2740.06	-60.03	-2.54	0.00	-0.00	-98.68
1	0	1	3	3.074809	-2.29	-98.68	15.27	-0.37	917.97	-22.48	-2.29	0.00	-0.00	-98.68
1	0	1	3	3.091602	-0.51	-98.71	106.01	-1.50	5403.13	-67.21	-0.51	0.00	-0.00	-98.71
1	0	1	3	3.108171	-0.51	-98.71	0.00	0.00	-6398.10	90.69	-0.51	0.00	-0.00	-98.71
1	0	1	3	3.124869	-0.25	-98.71	15.23	-0.06	912.35	-3.53	-0.25	0.00	-0.00	-98.71
1	0	1	3	3.141541	0.00	-98.71	15.26	-0.02	1.45	2.35	0.00	0.00	-0.00	-98.71
1	0	1	3	3.158132	0.00	-98.71	0.00	0.00	-919.74	1.19	0.00	0.00	-0.00	-98.71
1	0	1	3	3.175049	0.25	-98.71	15.04	0.02	888.94	1.15	0.25	0.00	-0.00	-98.71
1	0	1	3	3.191533	1.27	-98.70	61.73	0.48	2832.18	27.78	1.27	0.00	-0.00	-98.70
1	0	1	3	3.208139	2.80	-97.91	91.86	47.87	1814.53	2854.09	2.80	0.00	-0.00	-97.91
1	0	1	3	3.224944	4.07	-94.81	75.54	184.48	-970.90	8129.60	4.07	0.00	-0.00	-94.81
1	0	1	3	3.241617	5.59	-92.18	91.16	157.49	936.48	-1618.67	5.59	0.00	-0.00	-92.18
1	0	1	3	3.258177	5.84	-88.59	15.22	216.47	-4585.83	3561.57	5.84	0.00	-0.00	-88.59
1	0	1	3	3.274857	5.33	-84.80	-30.38	227.30	-2733.37	648.96	5.33	0.00	-0.00	-84.80
1	0	1	3	3.291525	4.57	-80.52	-45.60	257.21	-913.37	1794.58	4.57	0.00	-0.00	-80.52
1	0	1	3	3.308247	4.06	-76.21	-30.33	257.34	913.05	7.96	4.06	0.00	-0.00	-76.21
1	0	1	3	3.324957	4.32	-73.14	15.12	183.84	2720.16	-4398.88	4.32	0.00	-0.00	-73.14
1	0	1	3	3.341538	4.06	-71.12	-15.29	122.06	-1834.03	-3725.76	4.06	0.00	-0.00	-71.12
1	0	1	3	3.358318	4.32	-69.32	15.06	107.21	1808.47	-884.87	4.32	0.00	-0.00	-69.32
1	0	1	3	3.374862	4.32	-68.04	-0.02	77.04	-911.34	-1823.79	4.32	0.00	-0.00	-68.04
1	0	1	3	3.391621	4.06	-67.04	-15.11	59.90	-900.23	-1022.92	4.06	0.00	-0.00	-67.04
1	0	1	3	3.408267	4.06	-66.02	-0.01	61.25	906.71	81.06	4.06	0.00	-0.00	-66.02
1	0	1	3	3.424938	3.81	-64.51	-15.20	90.81	-910.82	1773.59	3.81	0.00	-0.00	-64.51
1	0	1	3	3.441560	3.56	-63.50	-15.24	60.44	-2.61	-1827.00	3.56	0.00	-0.00	-63.50
1	0	1	3	3.458262	3.05	-63.27	-30.34	13.67	-904.17	-2800.47	3.05	0.00	-0.00	-63.27
1	0	1	3	3.474945	3.05	-62.76	-0.00	30.53	1818.56	1010.75	3.05	0.00	-0.00	-62.76
1	0	1	3	3.491523	3.05	-62.00	-0.01	46.09	-0.12	938.31	3.05	0.00	-0.00	-62.00
1	0	1	3	3.508272	2.80	-60.74	-15.15	75.31	-903.95	1744.59	2.80	0.00	-0.00	-60.74
1	0	1	3	3.525061	1.27	-58.75	-90.76	118.22	-4504.22	2555.89	1.27	0.00	-0.00	-58.75
1	0	1	3	3.541668	-0.25	-56.48	-91.89	137.07	-68.04	1135.28	-0.25	0.00	-0.00	-56.48
1	0	1	3	3.558317	-0.51	-54.44	-15.28	122.35	4601.70	-884.30	-0.51	0.00	-0.00	-54.44
1	0	1	3	3.575001	-4.06	-51.74	-212.73	161.87	-11835.23	2368.59	-4.06	0.00	-0.00	-51.74
1	0	1	3	3.591635	-4.81	-50.14	-45.30	96.06	10065.43	-3956.26	-4.81	0.00	-0.00	-50.14
1	0	1	3	3.608589	-4.81	-48.61	0.08	90.45	2676.92	-330.58	-4.81	0.00	-0.00	-48.61
1	0	1	3	3.625021	-4.81	-47.33	0.08	77.79	-0.32	-770.43	-4.81	0.00	-0.00	-47.33
1	0	1	3	3.641672	-5.06	-45.26	-14.88	124.51	-897.99	2805.41	-5.06	0.00	-0.00	-45.26
1	0	1	3	3.658292	-7.27	-41.86	-133.11	204.44	-7114.32	4809.34	-7.27	0.00	-0.00	-41.86
1	0	1	3	3.674966	-8.45	-38.52	-70.76	200.44	3739.32	-239.79	-8.45	0.00	-0.00	-38.52
1	0	1	3	3.691577	-9.12	-35.74	-40.45	166.97	1825.18	-2014.53	-9.12	0.00	-0.00	-35.74
1	0	1	3	3.708454	-9.54	-33.52	-25.00	131.64	915.13	-2093.59	-9.54	0.00	-0.00	-33.52
1	0	1	3	3.725070	-9.52	-32.47	1.31	63.37	1583.38	-4108.79	-9.52	0.00	-0.00	-32.47
1	0	1	3	3.741938	-9.52	-32.20	0.34	15.62	-57.52	-2830.61	-9.52	0.00	-0.00	-32.20
1	0	1	3	3.758365	-9.26	-30.69	15.80	92.25	941.14	4664.95	-9.26	0.00	-0.00	-30.69
1	0	1	3	3.774933	-9.24	-30.16	0.76	31.87	-908.03	-3644.79	-9.24	0.00	-0.00	-30.16
1	0	1	3	3.791669	-9.00	-29.17	14.82	59.06	840.23	1624.53	-9.00	0.00	-0.00	-29.17
1	0	1	3	3.808301	-8.96	-27.85	2.07	79.53	-766.23	1230.87	-8.96	0.00	-0.00	-27.85
1	0	1	3	3.824911	-8.93	-26.79	1.85	63.86	-13.66	-943.32	-8.93	0.00	-0.00	-26.79
1	0	1	3	3.841735	-8.88	-25.19	3.09	94.85	74.04	1842.05	-8.88	0.00	-0.00	-25.19
1	0	1	3	3.858300	-8.39	-23.75	29.15	87.43	1573.21	-448.07	-8.39	0.00	-0.00	-23.75
1	0	1	3	3.875017	-7.50	-23.24	53.24	30.19	1441.05	-3424.20	-7.50	0.00	-0.00	-23.24
1	0	1	3	3.891673	-7.06	-23.12	26.94	7.55	-1579.30	-1359.17	-7.06	0.00	-0.00	-23.12
1	0	1	3	3.908312	-6.37	-22.52	41.53	35.60	877.20	1685.81	-6.37	0.00	-0.00	-22.52
1	0	1	3	3.924974	-5.89	-21.60	28.49	55.48	-782.94	1192.98	-5.89	0.00	-0.00	-21.60
1	0	1	3	3.941735	-5.66	-21.40	13.94	11.97	-868.09	-2595.44	-5.66	0.00	-0.00	-21.40
1	0	1	3	3.958320	-5.19	-20.99	28.36	24.41	869.90	750.10	-5.19	0.00	-0.00	-20.99
1	0	1	3	3.974956	-4.71	-20.58	28.54	24.65	10.36	14.02	-4.71	0.00	-0.00	-20.58
1	0	1	3	3.991619	-4.47	-20.12	14.50	28.03	-842.53	203.17	-4.47	0.00	-0.00	-20.12
1	0	1	3	4.008299	-3.99	-19.96	28.71	9.53	851.87	-1109.36	-3.99	0.00	-0.00	-19.96
1	0	1	3	4.025030	-3.75	-20.00	14.39	-2.79	-855.81	-736.11	-3.75	0.00	-0.00	-20.00
1	0	1	3	4.041651	-3.75	-19.49	0.20	31.12	-853.66	2040.08	-3.75	0.00	-0.00	-19.49
1	0	1	3	4.058460	-3.25	-18.03	29.32	86.91	1732.16	3318.70	-3.25	0.00	-0.00	-18.03
1	0	1	3	4.075081	-3.01	-17.29	14.86	44.00	-869.93	-2581.39	-3.01	0.00	-0.00	-17.29
1	0	1	3	4.091673	-3.00	-16.00	0.43	77.83	-869.46	2038.67	-3.00	0.00	-0.00	-16.00
1	0	1	3	4.108342	-2.75	-14.24	15.17	105.86	883.97	1681.70	-2.75	0.00	-0.00	-14.24
1	0	1	3	4.125021	-2.73	-11.90	1.20	140.03	-837.38	2048.66	-2.73	0.00	-0.00	-11.90
1	0	1	3	4.141798	-2.68	-9.02	2.70	171.67	89.51	1886.14	-2.68	0.00	-0.00	-9.02
1	0	1	3	4.158499	-2.85	-7.35	-9.85	99.87	-751.80	-4299.34	-2.85	0.00	-0.00	-7.35
2	1	0	1	4.183969	-2.71	-5.19	-0.65	-1.24	-0.15	-0.30	-2.71	0.00	-0.00	-5.19
2	1	1	1	4.200847	-2.44	-3.26	15.66	114.43	966.22	6852.98	-2.44	0.00	-0.00	-3.26
2	1	1	1	4.217115	-2.44	-1.83	0.00	87.58	-962.72	-1650.46	-2.44	0.00	-0.00	-1.83
2	1	1	1	4.234030	-2.73	-1.37	-17.04	27.57	-1007.42	-3547.15	-2.73	0.00	-0.00	-1.37
2	1	1	1	4.250618	-2.82	-1.17	-5.27	11.52	709.50	-967.77	-2.82	0.00	-0.00	-1.17
2	1	1	1	4.267193	-2.82	-1.17	0.00	0.00	318.12	-695.08	-2.82	0.00	-0.00	-1.17
2	1	1	1	4.283996	-2.90	-0.97	-4.65	12.42	-276.87	739.45	-2.90	0.00	-0.00	-0.97
2	1	1	1	4.300742	-2.90	-0.97	0.00	0.00	277.81	-741.95	-2.90	0.00	-0.00	-0.97
2	1	1	1	4.317448	-2.36	-0.94	31.97	1.23	1913.63	73.67	-2.36	0.00	-0.00	-0.94
2	1	1	1	4.334089	-2.36	-0.94	0.00	0.00	-1921.22	-73.97	-2.36	0.00	-0.00	-0.94
2	1	1	1	4.350710	-2.36	-0.94	0.00	0.00	0.00	0.00	-2.36	0.00	-0.00	-0.94
2	1	1	1	4.367103	-2.09	-0.93	16.46	0.91	1003.95	55.53	-2.09	0.00	-0.00	-0.93
2	1	1	1	4.384038	-1.55	-0.88	32.25	2.74	932.28	107.92	-1.55	0.00	-0.00	-0.88
2	1	1	1	4.400569	-0.99	-0.79	33.45	5.38	72.70	159.74	-0.99	0.00	-0.00	-0.79
2	1	1	1	4.416998	-1.82	-0.91	-50.34	-7.03	-5100.18	-755.53	-1.82	0.00	-0.00	-0.91
2	1	1	1	4.434211	-2.36	-0.94	-31.47	-2.01	1096.39	291.68	-2.36	0.00	-0.00	-0.94
2	1	1	1	4.450489	-2.36	-0.94	0.00	0.00	1933.34	123.66	-2.36	0.00	-0.00	-0.94
2	1	1	1	4.467321	-2.63	-0.96	-15.91	-0.68	-945.49	-40.65	-2.63	0.00	-0.00	-0.96
2	1	1	1	4.483658	-2.17	1.77	28.41	167.01	2712.92	10264.48	-2.17	0.00	0.00	1.77
2	1	1	1	4.500785	-2.92	4.17	-43.91	139.91	-4222.19	-1582.04	-2.92	0.00	0.00	4.17
2	1	1	1	4.517388	-3.82	7.19	-54.30	181.95	-625.92	2531.93	-3.82	0.00	0.00	7.19
2	1	1	1	4.533825	-4.61	9.92	-48.31	166.07	364.05	-966.39	-4.61	0.00	0.00	9.92
2	1	1	1	4.550418	-5.14	11.91	-31.68	120.19	1002.55	-2764.58	-5.14	0.00	0.00	11.91
2	1	1	1	4.567099	-5.44	13.72	-17.99	108.08	820.50	-725.92	-5.44	0.00	0.00	13.72
2	1	1	1	4.584479	-5.53	16.12	-5.47	138.39	720.52	1743.83	-5.53	0.00	0.00	16.12
2	1	1	1	4.600488	-5.61	18.77	-4.51	165.41	59.75	1687.46	-5.61	0.00	0.00	18.77
2	1	1	1	4.617288	-5.66	21.66	-3.25	172.04	75.12	394.82	-5.66	0.00	0.00	21.66
2	1	1	1	4.633716	-5.69	23.49	-1.57	111.38	102.01	-3692.29	-5.69	0.00	0.00	23.49
2	1	1	1	4.650547	-5.49	28.22	11.48	280.92	775.77	10072.85	-5.49	0.00	0.00	28.22
2	1	1	1	4.667048	-5.51	31.06	-1.04	172.30	-758.59	-6582.42	-5.51	0.00	0.00	31.06
2	1	1	1	4.683691	-5.53	35.70	-1.21	278.71	-10.26	6393.71	-5.53	0.00	0.00	35.70
2	1	1	1	4.700426	-5.54	39.04	-0.62	199.69	34.78	-4721.65	-5.54	0.00	0.00	39.04
2	1	1	1	4.717237	-5.55	42.12	-0.45	183.22	10.26	-979.67	-5.55	0.00	0.00	42.12
2	1	1	1	4.733696	-2.03	44.73	213.61	158.42	13005.64	-1507.04	-2.03	0.00	0.00	44.73
2	1	1	1	4.750630	-0.25	47.57	105.04	167.94	-6411.36	562.62	-0.25	0.00	0.00	47.57
2	1	1	1	4.767225	0.25	50.88	30.66	199.30	-4482.13	1889.76	0.25	0.00	0.00	50.88
2	1	1	1	4.783666	1.27	53.41	61.87	153.85	1898.24	-2764.47	1.27	0.00	0.00	53.41
2	1	1	1	4.800444	1.53	55.95	15.15	151.29	-2784.59	-152.65	1.53	0.00	0.00	55.95
2	1	1	1	4.817263	1.27	59.01	-15.11	181.94	-1799.22	1822.29	1.27	0.00	0.00	59.01
2	1	1	1	4.833681	1.02	62.32	-15.49	201.77	-22.89	1208.09	1.02	0.00	0.00	62.32
2	1	1	1	4.850532	1.02	64.10	0.00	105.69	919.01	-5701.58	1.02	0.00	0.00	64.10
2	1	1	1	4.866906	1.27	68.17	15.53	248.37	948.55	8713.53	1.27	0.00	0.00	68.17
2	1	1	1	4.884013	1.53	70.45	14.86	133.56	-39.09	-6710.57	1.53	0.00	0.00	70.45
2	1	1	1	4.900506	1.78	71.97	15.41	92.21	33.37	-2507.08	1.78	0.00	0.00	71.97
2	1	1	1	4.917032	1.53	73.76	-15.38	108.14	-1863.47	963.61	1.53	0.00	0.00	73.76
2	1	1	1	4.933595	1.53	75.29	0.00	92.18	928.72	-963.61	1.53	0.00	0.00	75.29
2	1	1	1	4.950292	1.53	77.32	0.00	121.91	0.01	1780.68	1.53	0.00	0.00	77.32
2	1	1	1	4.967103	1.27	78.85	-15.13	91.09	-899.85	-1833.64	1.27	0.00	0.00	78.85
2	1	1	1	4.983657	1.27	79.62	0.00	46.11	913.71	-2717.04	1.27	0.00	0.00	79.62
2	1	1	1	5.000280	1.27	80.13	0.00	30.61	-0.00	-932.18	1.27	0.00	0.00	80.13
2	1	1	1	5.017057	1.27	81.65	0.00	90.99	0.01	3598.57	1.27	0.00	0.00	81.65
2	1	1	1	5.033637	1.02	83.44	-15.34	107.64	-925.28	1004.09	1.02	0.00	0.00	83.44
2	1	1	1	5.050490	0.76	85.98	-15.09	151.12	14.71	2579.82	0.76	0.00	0.00	85.98
2	1	1	1	5.066887	0.25	88.53	-31.03	155.34	-971.99	257.64	0.25	0.00	0.00	88.53
2	1	1	1	5.083846	-0.25	92.09	-30.00	210.02	60.56	3224.16	-0.25	0.00	0.00	92.09
2	1	1	1	5.100345	-0.25	94.64	-0.00	154.19	1818.36	-3383.75	-0.25	0.00	0.00	94.64
2	1	1	1	5.116803	0.00	95.40	15.46	46.40	939.28	-6549.73	-0.00	0.00	0.00	95.40
2	1	1	1	5.133924	0.51	95.40	29.72	-0.08	832.77	-2714.37	0.51	0.00	0.00	95.40
2	1	1	1	5.150170	0.76	95.91	15.66	31.22	-865.33	1926.44	0.76	0.00	0.00	95.91
2	1	1	1	5.167066	0.76	96.42	0.00	30.12	-926.79	-65.19	0.76	0.00	0.00	96.42
2	1	1	1	5.183704	0.51	96.67	-15.29	15.39	-918.96	-884.94	0.51	0.00	0.00	96.67
2	1	1	1	5.200473	0.00	99.98	-30.34	197.30	-897.53	10847.41	-0.00	0.00	0.00	99.98
2	1	1	1	5.216888	-0.25	101.00	-15.50	61.97	904.21	-8243.91	-0.25	0.00	0.00	101.00
2	0	1	1	5.241966	-0.51	101.00	-0.10	19.27	-0.02	3.68	-0.51	0.00	0.00	101.00
2	0	1	1	5.258843	-0.25	101.00	15.07	0.06	898.97	-1138.28	-0.25	0.00	0.00	101.00
2	0	1	1	5.275177	-0.25	101.00	0.00	0.00	-922.83	-3.49	-0.25	0.00	0.00	101.00
2	0	1	1	5.291928	-0.25	101.00	0.00	0.00	0.00	0.00	-0.25	0.00	0.00	101.00
2	0	1	1	5.308570	-0.25	101.00	0.00	0.00	0.00	0.00	-0.25	0.00	0.00	101.00
2	0	1	1	5.325314	-0.51	101.00	-15.19	-0.06	-907.32	-3.43	-0.51	0.00	0.00	101.00
2	0	1	1	5.341857	-0.51	101.00	0.00	0.00	918.40	3.47	-0.51	0.00	0.00	101.00
2	0	1	1	5.358527	-0.51	101.00	0.00	0.00	0.00	0.00	-0.51	0.00	0.00	101.00
2	0	1	1	5.375837	-0.51	101.00	0.00	0.00	0.00	0.00	-0.51	0.00	0.00	101.00
2	0	1	1	5.391851	-0.51	101.00	0.00	0.00	0.00	0.00	-0.51	0.00	0.00	101.00
2	0	1	1	5.408629	-0.51	101.00	0.00	0.00	0.00	0.00	-0.51	0.00	0.00	101.00
2	0	1	1	5.425154	-0.51	101.00	0.00	0.00	0.00	0.00	-0.51	0.00	0.00	101.00
2	0	1	1	5.441890	-0.51	101.00	0.00	0.00	0.00	0.00	-0.51	0.00	0.00	101.00
2	0	1	1	5.458677	-1.53	100.99	-60.61	-0.61	-3610.15	-36.37	-1.53	0.00	0.00	100.99
2	0	1	1	5.475245	-1.78	96.66	-15.35	-261.33	2731.71	-15736.36	-1.78	0.00	0.00	96.66
2	0	1	1	5.492017	-1.02	92.60	45.49	-242.05	3627.34	1149.65	-1.02	0.00	0.00	92.60
2	0	1	1	5.508580	-0.76	87.77	15.36	-291.71	-1819.31	-2998.30	-0.76	0.00	0.00	87.77
2	0	1	1	5.525296	-0.51	80.39	15.22	-441.24	-8.42	-8945.07	-0.51	0.00	0.00	80.39
2	0	1	1	5.541911	-0.51	72.25	0.00	-489.98	-915.88	-2933.69	-0.51	0.00	0.00	72.25
2	0	1	1	5.558871	-0.25	66.91	15.00	-314.94	884.47	10321.32	-0.25	0.00	0.00	66.91
2	0	1	1	5.575322	0.25	60.80	30.93	-371.13	968.14	-3415.86	0.25	0.00	0.00	60.80
2	0	1	1	5.592051	0.51	56.73	15.21	-243.43	-939.76	7634.11	0.51	0.00	0.00	56.73
2	0	1	1	5.608606	0.76	53.93	15.36	-169.22	9.48	4482.10	0.76	0.00	0.00	53.93
2	0	1	1	5.625221	0.76	50.11	-0.00	-229.70	-924.73	-3639.85	0.76	0.00	0.00	50.11
2	0	1	1	5.642012	1.02	46.54	15.14	-212.43	901.83	1028.41	1.02	0.00	0.00	46.54
2	0	1	1	5.658590	1.27	42.72	15.33	-230.66	11.14	-1099.46	1.27	0.00	0.00	42.72
2	0	1	1	5.675283	1.27	38.90	-0.01	-228.71	-918.57	116.53	1.27	0.00	0.00	38.90
2	0	1	1	5.691894	1.27	35.85	-0.01	-183.88	-0.02	2698.77	1.27	0.00	0.00	35.85
2	0	1	1	5.708592	1.27	31.52	-0.01	-259.19	-0.40	-4510.34	1.27	0.00	0.00	31.52
2	0	1	1	5.725228	1.27	28.72	-0.01	-168.36	0.08	5459.85	1.27	0.00	0.00	28.72
2	0	1	1	5.742002	1.27	26.17	-0.02	-151.82	-0.14	986.07	1.27	0.00	0.00	26.17
2	0	1	1	5.758600	1.27	24.64	-0.01	-92.08	0.22	3599.57	1.27	0.00	0.00	24.64
2	0	1	1	5.775255	1.02	23.38	-15.23	-75.74	-913.87	981.11	1.02	0.00	0.00	23.38
2	0	1	1	5.791990	0.76	23.14	-15.17	-14.63	3.72	3651.38	0.76	0.00	0.00	23.14
2	0	1	1	5.808608	1.02	21.35	15.26	-107.86	1831.32	-5609.78	1.02	0.00	0.00	21.35
2	0	1	1	5.825424	1.27	17.51	15.00	-228.22	-15.75	-7157.50	1.27	0.00	0.00	17.51
2	0	1	1	5.841921	1.27	14.70	-0.08	-170.16	-914.29	3519.43	1.27	0.00	0.00	14.70
2	0	1	1	5.859010	1.27	13.42	-0.05	-74.73	1.71	5584.32	1.27	0.00	0.00	13.42
2	0	1	1	5.875339	1.27	12.66	-0.04	-46.96	0.72	1701.09	1.27	0.00	0.00	12.66
2	0	1	1	5.891948	1.27	12.15	-0.03	-30.79	0.61	973.28	1.27	0.00	0.00	12.15
2	0	1	1	5.908645	1.26	11.89	-0.02	-15.32	0.87	926.58	1.26	0.00	0.00	11.89
2	0	1	1	5.925228	1.01	11.66	-15.14	-13.95	-911.99	82.63	1.01	0.00	0.00	11.66
2	0	1	1	5.941999	1.01	11.15	-0.02	-30.46	901.57	-984.33	1.01	0.00	0.00	11.15
3	1	0	2	5.959120	1.26	9.07	0.21	1.52	0.04	0.26	0.00	9.07	1.26	-0.00
3	1	1	2	5.975794	1.25	7.01	-0.46	-123.49	-40.43	-7497.28	0.00	7.01	1.25	-0.00
3	1	1	2	5.992080	1.25	6.50	-0.19	-31.74	16.80	5633.55	0.00	6.50	1.25	-0.00
3	1	1	2	6.008736	1.01	6.54	-14.61	2.53	-865.85	2057.28	0.00	6.54	1.01	-0.00
3	1	1	2	6.025286	1.01	6.54	0.00	0.00	882.80	-152.74	0.00	6.54	1.01	-0.00
3	1	1	2	6.042030	1.00	6.28	-0.06	-15.37	-3.38	-917.99	0.00	6.28	1.00	-0.00
3	1	1	2	6.058609	1.00	5.51	-0.22	-46.66	-9.81	-1887.54	0.00	5.51	1.00	-0.00
3	1	1	2	6.075371	0.99	3.95	-0.83	-92.93	-36.64	-2759.98	0.00	3.95	0.99	-0.00
3	1	1	2	6.091979	0.98	3.69	-0.24	-15.76	35.76	4646.44	0.00	3.69	0.98	-0.00
3	1	1	2	6.108617	0.97	3.16	-0.64	-31.63	-24.05	-953.77	0.00	3.16	0.97	-0.00
3	1	1	2	6.125384	0.97	3.16	0.00	0.00	38.14	1886.29	0.00	3.16	0.97	-0.00
3	1	1	2	6.141978	0.97	3.16	0.00	0.00	0.00	0.00	0.00	3.16	0.97	-0.00
3	1	1	2	6.158633	0.74	3.22	-13.75	3.70	-825.38	221.91	0.00	3.22	0.74	-0.00
3	1	1	2	6.175390	0.74	3.22	0.00	0.00	820.33	-220.55	0.00	3.22	0.74	-0.00
3	1	1	2	6.192080	0.74	3.22	0.00	0.00	0.00	0.00	0.00	3.22	0.74	-0.00
3	1	1	2	6.208709	0.74	2.96	-0.19	-15.69	-11.73	-943.30	0.00	2.96	0.74	-0.00
3	1	1	2	6.225317	0.74	3.22	0.20	15.71	23.50	1890.39	0.00	3.22	0.74	-0.00
3	1	1	2	6.242077	0.74	3.22	0.00	0.00	-11.65	-937.19	0.00	3.22	0.74	-0.00
3	1	1	2	6.258589	0.74	3.22	0.00	0.00	0.00	0.00	0.00	3.22	0.74	-0.00
3	1	1	2	6.275339	0.50	3.27	-14.37	2.76	-858.22	164.81	0.00	3.27	0.50	-0.00
3	1	1	2	6.292017	0.50	3.27	0.00	0.00	861.92	-165.52	0.00	3.27	0.50	-0.00
3	1	1	2	6.308779	-0.25	3.30	-45.13	1.71	-2692.70	102.21	0.00	3.30	-0.25	0.00
3	1	1	2	6.325346	-1.39	3.00	-68.34	-17.79	-1400.98	-1176.98	0.00	3.00	-1.39	0.00
3	1	1	2	6.342050	-3.71	2.68	-139.27	-19.26	-4246.05	-88.29	0.00	2.68	-3.71	0.00
3	1	1	2	6.358674	-6.19	2.98	-148.97	17.97	-583.48	2239.41	0.00	2.98	-6.19	0.00
3	1	1	2	6.375388	-8.61	3.11	-145.10	7.83	231.31	-606.82	0.00	3.11	-8.61	0.00
3	1	1	2	6.392189	-11.26	3.18	-157.57	4.28	-741.67	-210.94	0.00	3.18	-11.26	0.00
3	1	1	2	6.408775	-13.10	3.21	-110.56	1.78	2834.02	-151.18	0.00	3.21	-13.10	0.00
3	1	1	2	6.425436	-15.18	3.23	-124.99	1.35	-866.06	-25.22	0.00	3.23	-15.18	0.00
3	1	1	2	6.442113	-17.46	3.49	-136.99	15.46	-719.49	845.95	0.00	3.49	-17.46	0.00
3	1	1	2	6.458690	-19.53	3.51	-124.81	0.79	735.16	-884.94	0.00	3.51	-19.53	0.00
3	1	1	2	6.475458	-21.25	4.00	-102.56	29.50	1326.44	1711.89	0.00	4.00	-21.25	0.00
3	1	1	2	6.492056	-22.35	4.97	-66.27	58.24	2186.59	1731.63	0.00	4.97	-22.35	0.00
3	1	1	2	6.508756	-23.23	5.68	-52.55	42.92	821.47	-917.54	0.00	5.68	-23.23	0.00
3	1	1	2	6.525392	-24.10	6.39	-52.25	42.66	18.26	-15.35	0.00	6.39	-24.10	0.00
3	1	1	2	6.542004	-24.24	6.85	-8.27	27.76	2647.24	-897.16	0.00	6.85	-24.24	0.00
3	1	1	2	6.559077	-27.59	8.06	-196.79	70.54	-11041.94	2505.82	0.00	8.06	-27.59	0.00
3	1	1	2	6.575661	-30.03	8.79	-146.94	44.08	3005.91	-1595.23	0.00	8.79	-30.03	0.00
3	1	1	2	6.592095	-31.41	9.50	-84.09	43.04	3823.78	-63.22	0.00	9.50	-31.41	0.00
3	1	1	2	6.608712	-33.92	10.00	-150.67	30.52	-4006.59	-753.45	0.00	10.00	-33.92	0.00
3	1	1	2	6.625481	-36.35	10.74	-145.31	43.59	319.39	779.43	0.00	10.74	-36.35	0.00
3	1	1	2	6.642092	-38.66	11.91	-138.58	70.88	405.40	1642.65	0.00	11.91	-38.66	0.00
3	1	1	2	6.658716	-40.63	12.41	-118.90	29.83	1183.54	-2469.27	0.00	12.41	-40.63	0.00
3	1	1	2	6.675406	-42.68	12.68	-122.44	16.31	-212.02	-810.36	0.00	12.68	-42.68	0.00
3	1	1	2	6.692672	-44.45	12.95	-103.00	15.33	1125.85	-56.68	0.00	12.95	-44.45	0.00
3	1	1	2	6.708755	-46.30	12.98	-114.50	2.30	-715.04	-810.23	0.00	12.98	-46.30	0.00
3	1	1	2	6.725404	-47.08	13.00	-47.34	0.88	4034.27	-84.95	0.00	13.00	-47.08	0.00
3	1	1	2	6.742133	-47.61	13.01	-31.39	0.56	953.42	-19.01	0.00	13.01	-47.61	0.00
3	1	1	2	6.758762	-48.66	13.02	-63.10	1.09	-1907.07	31.50	0.00	13.02	-48.66	0.00
3	1	1	2	6.775414	-52.06	13.08	-204.37	3.14	-8483.92	123.30	0.00	13.08	-52.06	0.00
3	1	1	2	6.792056	-54.15	13.11	-125.54	1.68	4736.60	-87.96	0.00	13.11	-54.15	0.00
3	1	1	2	6.808709	-55.46	13.12	-78.31	0.96	2836.07	-42.93	0.00	13.12	-55.46	0.00
3	1	1	2	6.825474	-55.72	13.12	-15.55	0.18	3743.65	-46.45	0.00	13.12	-55.72	0.00
3	1	1	2	6.842022	-56.24	13.13	-31.50	0.37	-963.86	10.99	0.00	13.13	-56.24	0.00
3	1	1	2	6.858996	-56.50	13.13	-15.35	0.18	951.37	-11.25	0.00	13.13	-56.50	0.00
3	1	1	2	6.875427	-54.67	13.11	111.05	-1.32	7692.61	-90.70	0.00	13.11	-54.67	0.00
3	1	1	2	6.892231	-53.37	13.09	77.65	-0.99	-1987.57	19.25	0.00	13.09	-53.37	0.00
3	1	1	2	6.908710	-54.93	13.11	-95.01	1.21	-10477.74	133.36	0.00	13.11	-54.93	0.00
3	1	1	2	6.925551	-56.76	13.14	-108.33	1.27	-790.75	3.63	0.00	13.14	-56.76	0.00
3	1	1	2	6.942147	-58.58	13.16	-109.79	1.18	-87.87	-5.34	0.00	13.16	-58.58	0.00
3	1	1	2	6.958841	-60.66	13.18	-124.59	1.22	-886.56	2.67	0.00	13.18	-60.66	0.00
3	1	1	2	6.975482	-62.22	13.19	-93.63	0.85	1860.05	-22.58	0.00	13.19	-62.22	0.00
3	1	1	2	6.992160	-63.52	13.20	-77.79	0.66	949.93	-11.15	0.00	13.20	-63.52	0.00
3	1	1	2	7.008867	-64.66	11.28	-68.50	-115.12	555.99	-6930.45	0.00	11.28	-64.66	0.00
3	1	1	2	7.025606	-65.14	8.08	-28.50	-191.10	2389.70	-4539.08	0.00	8.08	-65.14	0.00
3	1	1	2	7.042160	-67.61	6.58	-149.15	-90.35	-7288.24	6086.39	0.00	6.58	-67.61	0.00
3	1	1	2	7.058928	-69.76	5.33	-128.33	-74.93	1241.41	919.90	0.00	5.33	-69.76	0.00
3	1	1	2	7.075466	-71.39	3.81	-98.44	-91.69	1807.77	-1013.71	0.00	3.81	-71.39	0.00
3	1	1	2	7.092577	-72.70	3.05	-76.54	-44.44	1279.52	2761.21	0.00	3.05	-72.70	0.00
3	1	1	2	7.108813	-73.25	1.78	-33.95	-78.21	2623.57	-2079.84	0.00	1.78	-73.25	0.00
3	1	1	2	7.125695	-73.52	-1.02	-15.93	-165.72	1066.89	-5183.32	0.00	-1.02	-73.52	0.00
3	1	1	2	7.142337	-73.47	-2.80	2.77	-106.90	1124.14	3534.79	0.00	-2.80	-73.47	0.00
3	1	1	2	7.158945	-73.31	-5.58	9.57	-167.64	409.06	-3657.24	0.00	-5.58	-73.31	0.00
3	1	1	2	7.175448	-73.13	-7.59	10.96	-121.84	84.31	2775.63	0.00	-7.59	-73.13	0.00
3	1	1	2	7.192162	-73.10	-7.84	1.58	-14.97	-561.14	6393.67	0.00	-7.84	-73.10	0.00
3	1	1	2	7.208846	-73.87	-7.84	-46.00	-0.05	-2851.91	894.00	0.00	-7.84	-73.87	0.00
3	1	1	2	7.225493	-74.89	-7.84	-61.46	-0.07	-928.71	-0.95	0.00	-7.84	-74.89	0.00
3	1	1	2	7.242396	-75.18	-7.59	-16.65	14.80	2650.80	879.60	0.00	-7.59	-75.18	0.00
3	1	1	2	7.258902	-75.94	-7.59	-46.47	-0.05	-1806.55	-899.38	0.00	-7.59	-75.94	0.00
3	1	1	2	7.275501	-76.43	-7.85	-29.28	-15.12	1035.75	-908.30	0.00	-7.85	-76.43	0.00
3	1	1	2	7.292201	-76.96	-7.60	-32.13	14.98	-170.95	1802.44	0.00	-7.60	-76.96	0.00
3	1	1	2	7.308827	-77.86	-6.09	-54.10	90.71	-1321.45	4554.93	0.00	-6.09	-77.86	0.00
3	1	1	2	7.325558	-78.81	-3.05	-56.29	181.49	-130.62	5425.75	0.00	-3.05	-78.81	0.00
3	1	1	2	7.342230	-80.64	-1.02	-109.97	121.94	-3220.20	-3571.47	0.00	-1.02	-80.64	0.00
3	1	1	2	7.358841	-82.15	1.78	-91.12	168.44	1135.07	2799.11	0.00	1.78	-82.15	0.00
3	1	1	2	7.375561	-83.88	3.56	-103.15	106.34	-719.62	-3714.01	0.00	3.56	-83.88	0.00
3	1	1	2	7.392202	-85.31	5.33	-86.26	106.58	1015.17	14.32	0.00	5.33	-85.31	0.00
3	1	1	2	7.408855	-86.03	6.09	-42.89	45.54	2603.75	-3665.45	0.00	6.09	-86.03	0.00
3	1	1	2	7.425583	-86.76	6.60	-43.53	30.19	-38.00	-917.51	0.00	6.60	-86.76	0.00
3	1	1	2	7.442180	-87.86	8.61	-66.38	121.29	-1376.42	5488.93	0.00	8.61	-87.86	0.00
3	1	1	2	7.458943	-89.01	9.86	-68.49	74.74	-126.32	-2776.76	0.00	9.86	-89.01	0.00
3	1	1	2	7.475627	-89.40	10.86	-23.75	59.83	2681.56	-894.12	0.00	10.86	-89.40	0.00
3	1	1	2	7.492382	-90.33	11.61	-55.63	44.62	-1902.35	-907.62	0.00	11.61	-90.33	0.00
3	1	1	2	7.509084	-90.56	11.86	-13.43	14.89	2526.66	-1780.06	0.00	11.86	-90.56	0.00
3	1	1	2	7.525523	-90.81	11.86	-15.60	0.03	-132.28	-903.60	0.00	11.86	-90.81	0.00
3	1	1	2	7.542213	-91.33	11.86	-30.73	0.07	-906.58	1.91	0.00	11.86	-91.33	0.00
3	1	1	2	7.558839	-92.10	11.86	-46.28	0.10	-934.78	1.88	0.00	11.86	-92.10	0.00
3	1	1	2	7.575522	-92.35	11.86	-15.37	0.03	1852.46	-3.91	0.00	11.86	-92.35	0.00
3	1	1	2	7.592239	-92.35	11.86	0.00	0.00	919.46	-1.89	0.00	11.86	-92.35	0.00
3	1	1	2	7.608936	-92.35	11.86	0.00	0.00	0.00	0.00	0.00	11.86	-92.35	0.00
3	1	1	2	7.625766	-92.10	11.86	15.24	-0.03	905.36	-1.86	0.00	11.86	-92.10	0.00
3	1	1	2	7.642277	-92.10	11.86	0.00	0.00	-922.80	1.90	0.00	11.86	-92.10	0.00
3	1	1	2	7.658986	-92.35	11.86	-15.35	0.03	-918.48	1.89	0.00	11.86	-92.35	0.00
3	1	1	2	7.675821	-91.84	11.86	30.46	-0.06	2721.13	-5.62	0.00	11.86	-91.84	0.00
3	1	1	2	7.692225	-91.84	11.86	0.00	0.00	-1857.14	3.84	0.00	11.86	-91.84	0.00
3	1	1	2	7.708994	-91.58	11.86	15.29	-0.03	911.96	-1.91	0.00	11.86	-91.58	0.00
3	1	1	2	7.725909	-91.33	11.86	15.16	-0.03	-7.74	0.00	0.00	11.86	-91.33	0.00
3	1	1	2	7.742250	-91.33	11.86	0.00	0.00	-927.86	1.96	0.00	11.86	-91.33	0.00
3	1	1	2	7.758905	-91.36	11.61	-1.91	-14.90	-114.95	-894.85	0.00	11.61	-91.36	0.00
3	1	1	2	7.775610	-91.39	9.11	-1.61	-149.41	17.98	-8052.22	0.00	9.11	-91.39	0.00
3	1	1	2	7.792316	-91.11	6.34	16.53	-165.72	1086.14	-976.18	0.00	6.34	-91.11	0.00
3	1	1	2	7.808877	-90.42	5.08	41.37	-76.37	1500.04	5395.69	0.00	5.08	-90.42	0.00
3	1	1	2	7.825654	-90.71	4.57	-16.79	-30.20	-3466.94	2751.95	0.00	4.57	-90.71	0.00
3	1	1	2	7.842239	-91.22	4.57	-30.72	0.00	-839.58	1820.94	0.00	4.57	-91.22	0.00
3	1	1	2	7.858943	-91.51	3.81	-17.34	-45.54	801.11	-2726.77	0.00	3.81	-91.51	0.00
3	1	1	2	7.875584	-91.78	3.31	-16.48	-30.50	51.26	903.75	0.00	3.31	-91.78	0.00
3	1	1	2	7.892441	-92.04	3.05	-15.62	-15.06	51.10	915.96	0.00	3.05	-92.04	0.00
3	1	1	2	7.909065	-92.34	1.53	-17.59	-91.73	-118.15	-4612.00	0.00	1.53	-92.34	0.00
3	1	1	2	7.925651	-93.11	-1.02	-46.44	-153.37	-1739.67	-3716.06	0.00	-1.02	-93.11	0.00
3	1	1	2	7.942296	-93.87	-1.02	-45.85	-0.00	35.17	9214.06	0.00	-1.02	-93.87	0.00
3	1	1	2	7.958969	-95.14	-1.27	-76.11	-15.26	-1814.81	-914.97	0.00	-1.27	-95.14	0.00
3	1	1	2	7.975481	-96.66	-1.27	-92.45	-0.00	-989.49	923.88	0.00	-1.27	-96.66	0.00
3	1	1	2	7.992228	-98.19	-1.27	-91.15	-0.00	77.59	0.00	0.00	-1.27	-98.19	0.00
3	1	1	2	8.009007	-98.19	-1.27	0.00	0.00	5432.34	0.01	0.00	-1.27	-98.19	0.00
3	1	1	2	8.025753	-98.70	-1.27	-30.39	-0.00	-1814.62	-0.00	0.00	-1.27	-98.70	0.00
3	1	1	2	8.042285	-98.45	-1.27	15.39	0.00	2768.97	0.01	0.00	-1.27	-98.45	0.00
3	1	1	2	8.059014	-98.19	-1.27	15.21	0.00	-10.81	-0.00	0.00	-1.27	-98.19	0.00
3	0	1	2	8.082778	-98.70	-1.27	-12.21	-0.16	-1.51	-0.02	0.00	-1.27	-98.70	0.00
3	0	1	2	8.099623	-98.95	-1.27	-15.10	-0.00	-171.76	9.34	0.00	-1.27	-98.95	0.00
3	0	1	2	8.115818	-98.95	-1.27	0.00	0.00	932.64	0.00	0.00	-1.27	-98.95	0.00
3	0	1	2	8.132631	-98.70	-1.27	15.13	0.00	900.07	0.00	0.00	-1.27	-98.70	0.00
3	0	1	2	8.149215	-98.70	-1.27	0.00	0.00	-912.48	-0.00	0.00	-1.27	-98.70	0.00
3	0	1	2	8.165910	-98.19	-1.27	30.48	0.00	1825.71	0.00	0.00	-1.27	-98.19	0.00
3	0	1	2	8.182778	-98.19	-1.27	0.00	0.00	-1806.92	-0.00	0.00	-1.27	-98.19	0.00
3	0	1	2	8.199173	-98.19	-1.27	0.00	0.00	0.00	0.00	0.00	-1.27	-98.19	0.00
3	0	1	2	8.216134	-98.19	-1.27	0.00	0.00	0.00	0.00	0.00	-1.27	-98.19	0.00
3	0	1	2	8.232603	-98.19	-1.27	0.00	0.00	0.00	0.00	0.00	-1.27	-98.19	0.00
3	0	1	2	8.249400	-98.19	-1.27	0.00	0.00	0.00	0.00	0.00	-1.27	-98.19	0.00
3	0	1	2	8.266087	-98.19	-1.02	-0.18	15.24	-10.65	913.48	0.00	-1.02	-98.19	0.00
3	0	1	2	8.282553	-97.68	-1.27	31.08	-15.45	1898.53	-1863.85	0.00	-1.27	-97.68	0.00
3	0	1	2	8.299363	-96.41	-1.02	75.50	15.13	2642.09	1819.03	0.00	-1.02	-96.41	0.00
3	0	1	2	8.315844	-95.14	-1.27	77.37	-15.43	113.58	-1854.40	0.00	-1.27	-95.14	0.00
3	0	1	2	8.332658	-92.85	-1.02	136.00	15.13	3487.14	1817.53	0.00	-1.02	-92.85	0.00
3	0	1	2	8.349347	-89.54	-1.27	198.38	-15.24	3737.74	-1819.64	0.00	-1.27	-89.54	0.00
3	0	1	2	8.365775	-84.45	-1.27	309.75	0.00	6779.62	927.75	0.00	-1.27	-84.45	0.00
3	0	1	2	8.382697	-79.11	-1.27	315.75	0.00	354.39	0.01	0.00	-1.27	-79.11	0.00
3	0	1	2	8.399121	-73.51	-1.27	340.82	0.00	1526.49	0.02	0.00	-1.27	-73.51	0.00
3	0	1	2	8.415783	-68.17	-1.27	320.68	0.00	-1209.09	0.02	0.00	-1.27	-68.17	0.00
3	0	1	2	8.432306	-63.59	-1.27	277.20	0.00	-2631.27	0.01	0.00	-1.27	-63.59	0.00
3	0	1	2	8.449161	-59.26	-1.27	256.65	0.00	-1219.38	0.02	0.00	-1.27	-59.26	0.00
3	0	1	2	8.466162	-56.46	-1.27	164.64	0.00	-5411.70	-0.03	0.00	-1.27	-56.46	0.00
3	0	1	2	8.482472	-54.68	-1.27	109.22	0.00	-3398.23	-0.03	0.00	-1.27	-54.68	0.00
3	0	1	2	8.499068	-52.65	-1.27	122.67	0.00	810.61	0.02	0.00	-1.27	-52.65	0.00
3	0	1	2	8.515909	-50.86	-1.27	105.77	0.00	-1003.38	-0.00	0.00	-1.27	-50.86	0.00
3	0	1	2	8.532434	-49.34	-1.27	92.40	0.00	-808.98	-0.00	0.00	-1.27	-49.34	0.00
3	0	1	2	8.549053	-48.83	-1.27	30.63	0.00	-3717.27	-0.06	0.00	-1.27	-48.83	0.00
3	0	1	2	8.565776	-48.58	-1.02	14.86	15.20	-942.77	908.91	0.00	-1.02	-48.58	0.00
3	0	1	2	8.582403	-48.32	-1.27	15.67	-15.29	48.50	-1833.67	0.00	-1.27	-48.32	0.00
3	0	1	2	8.599346	-47.56	-1.27	45.06	0.00	1734.71	902.31	0.00	-1.27	-47.56	0.00
3	0	1	2	8.615690	-46.79	-1.27	46.72	0.00	101.34	0.00	0.00	-1.27	-46.79	0.00
3	0	1	2	8.632571	-46.28	-1.27	30.15	0.00	-981.17	-0.02	0.00	-1.27	-46.28	0.00
3	0	1	2	8.649030	-45.27	-1.27	61.85	0.00	1925.93	0.04	0.00	-1.27	-45.27	0.00
3	0	1	2	8.665674	-44.50	-1.27	45.87	0.00	-959.97	-0.02	0.00	-1.27	-44.50	0.00
3	0	1	2	8.682429	-42.98	-1.27	91.14	0.00	2701.42	0.07	0.00	-1.27	-42.98	0.00
3	0	1	2	8.699324	-40.94	-1.27	120.52	0.00	1739.46	0.07	0.00	-1.27	-40.94	0.00
3	0	1	2	8.715574	-39.16	-1.27	109.64	0.00	-669.63	0.01	0.00	-1.27	-39.16	0.00
3	0	1	2	8.732309	-36.36	-1.27	167.32	0.01	3446.46	0.17	0.00	-1.27	-36.36	0.00
3	0	1	2	8.748956	-33.05	-1.27	198.80	0.01	1891.01	0.20	0.00	-1.27	-33.05	0.00
3	0	1	2	8.765646	-31.97	-2.28	64.39	-60.68	-8053.25	-3636.11	0.00	-2.28	-31.97	0.00
3	0	1	2	8.782349	-30.68	-2.54	77.54	-15.06	787.39	2731.00	0.00	-2.54	-30.68	0.00
3	0	1	2	8.799106	-30.15	-2.79	31.79	-14.99	-2730.06	4.33	0.00	-2.79	-30.15	0.00
3	0	1	2	8.815896	-29.63	-2.79	30.43	0.02	-80.96	894.19	0.00	-2.79	-29.63	0.00
3	0	1	2	8.832716	-28.61	-2.79	60.77	0.05	1803.51	1.67	0.00	-2.79	-28.61	0.00
3	0	1	2	8.849209	-26.57	-2.78	124.02	0.13	3835.05	4.43	0.00	-2.78	-26.57	0.00
3	0	1	2	8.865548	-24.52	-2.78	125.28	0.16	77.27	2.04	0.00	-2.78	-24.52	0.00
3	0	1	2	8.882490	-23.46	-3.03	62.27	-14.59	-3719.21	-870.29	0.00	-3.03	-23.46	0.00
3	0	1	2	8.899230	-21.67	-3.02	107.31	0.25	2690.60	886.34	0.00	-3.02	-21.67	0.00
3	0	1	2	8.915922	-20.90	-3.02	46.16	0.13	-3662.97	-7.38	0.00	-3.02	-20.90	0.00
3	0	1	2	8.932695	-20.64	-3.02	15.32	0.05	-1838.73	-4.88	0.00	-3.02	-20.64	0.00
3	0	1	2	8.948930	-19.87	-3.02	47.51	0.15	1982.71	6.50	0.00	-3.02	-19.87	0.00
3	0	1	2	8.965855	-19.61	-3.02	15.20	0.05	-1909.07	-5.84	0.00	-3.02	-19.61	0.00
3	0	1	2	8.982620	-18.84	-3.01	46.05	0.17	1840.42	7.02	0.00	-3.01	-18.84	0.00
3	0	1	2	8.998854	-18.33	-3.01	31.73	0.13	-882.26	-2.52	0.00	-3.01	-18.33	0.00
3	0	1	2	9.015838	-17.55	-3.01	45.53	0.20	812.66	4.44	0.00	-3.01	-17.55	0.00
3	0	1	2	9.032274	-16.26	-3.00	78.53	0.42	2007.72	12.91	0.00	-3.00	-16.26	0.00
3	0	1	2	9.048933	-15.74	-3.00	31.04	0.19	-2850.88	-13.50	0.00	-3.00	-15.74	0.00
3	0	1	2	9.065574	-15.23	-3.00	31.10	0.21	3.81	1.12	0.00	-3.00	-15.23	0.00
3	0	1	2	9.082623	-14.71	-2.99	30.39	0.23	-41.73	0.90	0.00	-2.99	-14.71	0.00
4	1	0	4	9.098904	-13.93	-2.99	-1.53	-0.33	-0.17	-0.04	0.00	-2.99	-13.93	0.00
4	1	1	4	9.115896	-13.41	-2.98	30.58	0.29	1890.00	36.39	0.00	-2.98	-13.41	0.00
4	1	1	4	9.132155	-13.15	-2.98	16.00	0.16	-897.08	-7.76	0.00	-2.98	-13.15	0.00
4	1	1	4	9.149038	-12.37	-2.97	46.29	0.53	1794.34	21.62	0.00	-2.97	-12.37	0.00
4	1	1	4	9.165652	-11.59	-2.96	47.17	0.64	52.61	6.53	0.00	-2.96	-11.59	0.00
4	1	1	4	9.182209	-9.75	-2.92	111.03	2.05	3857.16	85.01	0.00	-2.92	-9.75	0.00
4	1	1	4	9.198886	-8.16	-2.88	95.37	2.72	-939.34	40.23	0.00	-2.88	-8.16	0.00
4	1	1	4	9.215724	-6.82	-2.82	79.55	3.44	-939.22	43.01	-0.00	-2.82	-6.82	0.00
4	1	1	4	9.232158	-6.28	-2.79	32.87	1.90	-2840.29	-93.97	-0.00	-2.79	-6.28	0.00
4	1	1	4	9.248859	-6.01	-2.77	16.24	1.07	-996.09	-49.46	-0.00	-2.77	-6.01	0.00
4	1	1	4	9.265401	-5.73	-2.75	16.44	1.19	12.17	7.14	-0.00	-2.75	-5.73	0.00
4	1	1	4	9.282556	-5.73	-2.75	0.00	0.00	-958.20	-69.24	-0.00	-2.75	-5.73	0.00
4	1	1	4	9.298875	-5.73	-2.75	0.00	0.00	0.00	0.00	-0.00	-2.75	-5.73	0.00
4	1	1	4	9.315450	-5.46	-2.73	16.45	1.31	992.45	78.84	-0.00	-2.73	-5.46	0.00
4	1	1	4	9.332438	-4.91	-2.68	32.24	2.97	929.21	97.95	-0.00	-2.68	-4.91	0.00
4	1	1	4	9.349080	-4.09	-2.58	49.67	5.94	1047.88	178.71	-0.00	-2.58	-4.09	0.00
4	1	1	4	9.365396	-2.70	-2.32	84.74	16.13	2148.86	624.47	-0.00	-2.32	-2.70	0.00
4	1	1	4	9.382302	-2.06	-2.25	37.93	3.99	-2768.33	-718.25	-0.00	-2.25	-2.06	0.00
4	1	1	4	9.399004	-1.69	-2.54	22.12	-17.35	-946.74	-1277.56	-0.00	-2.54	-1.69	0.00
4	1	1	4	9.415423	-0.50	-3.01	72.57	-28.70	3072.59	-691.39	-0.00	-3.01	-0.50	0.00
4	1	1	4	9.432128	-0.25	-3.04	14.87	-1.86	-3454.27	1606.87	-0.00	-3.04	-0.25	0.00
4	1	1	4	9.448984	0.25	-2.79	30.07	15.15	901.87	1008.71	-0.00	-2.79	0.25	-0.00
4	1	1	4	9.465671	1.16	-2.55	54.21	14.34	1446.94	-48.23	-0.00	-2.55	1.16	-0.00
4	1	1	4	9.482230	1.88	-2.07	43.75	28.80	-632.09	873.06	-0.00	-2.07	1.88	-0.00
4	1	1	4	9.499049	3.08	-2.26	71.04	-11.06	1622.99	-2370.00	-0.00	-2.26	3.08	-0.00
4	1	1	4	9.515649	4.82	-2.30	105.19	-2.42	2057.18	520.20	-0.00	-2.30	4.82	-0.00
4	1	1	4	9.532331	6.65	-1.72	109.43	34.35	253.92	2204.42	0.00	-1.72	6.65	-0.00
4	1	1	4	9.548688	7.74	-1.50	66.87	13.77	-2602.05	-1258.33	0.00	-1.50	7.74	-0.00
4	1	1	4	9.565695	9.10	-1.01	79.95	28.65	769.42	874.98	0.00	-1.01	9.10	-0.00
4	1	1	4	9.582213	10.38	-1.01	77.41	-0.09	-153.83	-1739.53	0.00	-1.01	10.38	-0.00
4	1	1	4	9.599116	12.19	0.76	106.86	104.98	1742.52	6216.03	0.00	0.76	12.19	-0.00
4	1	1	4	9.615406	14.21	1.02	124.18	15.55	1062.94	-5490.29	0.00	1.02	14.21	-0.00
4	1	1	4	9.632085	16.49	1.27	136.52	15.18	740.11	-22.02	0.00	1.27	16.49	-0.00
4	1	1	4	9.648719	18.02	1.27	92.01	0.04	-2676.12	-910.56	0.00	1.27	18.02	-0.00
4	1	1	4	9.665333	19.80	1.27	107.43	0.03	928.24	-0.24	0.00	1.27	19.80	-0.00
4	1	1	4	9.682051	21.84	1.27	121.97	0.03	869.63	-0.28	0.00	1.27	21.84	-0.00
4	1	1	4	9.698622	22.87	1.02	62.27	-15.28	-3602.40	-923.88	0.00	1.02	22.87	-0.00
4	1	1	4	9.715639	23.37	1.27	29.20	14.90	-1943.33	1773.71	0.00	1.27	23.37	-0.00
4	1	1	4	9.732236	23.63	1.27	15.35	0.00	-834.53	-897.57	0.00	1.27	23.63	-0.00
4	1	1	4	9.748869	23.88	1.27	15.32	0.00	-2.04	-0.00	0.00	1.27	23.88	-0.00
4	1	1	4	9.765239	25.41	1.27	93.37	0.01	4767.91	0.64	0.00	1.27	25.41	-0.00
4	1	1	4	9.782323	27.20	1.02	104.98	-14.84	679.86	-869.36	0.00	1.02	27.20	-0.00
4	1	1	4	9.798667	29.49	1.02	140.19	0.01	2153.93	908.39	0.00	1.02	29.49	-0.00
4	1	1	4	9.815604	32.04	1.02	150.28	0.01	596.01	-0.06	0.00	1.02	32.04	-0.00
4	1	1	4	9.831944	32.29	1.02	15.58	0.00	-8244.09	-0.30	0.00	1.02	32.29	-0.00
4	1	1	4	9.848705	32.54	1.27	14.65	15.15	-55.20	903.83	0.00	1.27	32.54	-0.00
4	1	1	4	9.865266	33.06	1.02	31.28	-15.33	1003.80	-1840.58	0.00	1.02	33.06	-0.00
4	1	1	4	9.882178	34.07	1.27	59.70	15.02	1680.43	1794.69	0.00	1.27	34.07	-0.00
4	1	1	4	9.898626	35.86	1.02	108.84	-15.44	2987.76	-1851.82	0.00	1.02	35.86	-0.00
4	1	1	4	9.915564	38.15	1.02	135.22	0.00	1557.65	911.60	0.00	1.02	38.15	-0.00
4	1	1	4	9.932156	40.43	1.27	137.61	15.32	144.19	923.05	0.00	1.27	40.43	-0.00
4	1	1	4	9.948966	41.46	1.02	60.98	-15.11	-4558.66	-1810.31	0.00	1.02	41.46	-0.00
4	1	1	4	9.965248	41.96	1.02	31.26	0.00	-1825.47	928.34	0.00	1.02	41.96	-0.00
4	1	1	4	9.982189	42.22	1.02	15.02	0.00	-958.49	-0.01	0.00	1.02	42.22	-0.00
4	1	1	4	9.998463	42.47	1.02	15.64	0.00	37.91	0.00	0.00	1.02	42.47	-0.00
4	1	1	4	10.015176	43.24	1.02	45.68	0.00	1797.46	0.02	0.00	1.02	43.24	-0.00
4	1	1	4	10.032078	44.00	1.02	45.17	0.00	-30.28	-0.00	0.00	1.02	44.00	-0.00
4	1	1	4	10.049053	45.53	1.02	89.94	0.00	2637.68	0.03	0.00	1.02	45.53	-0.00
4	1	1	4	10.065200	46.80	1.02	78.79	0.00	-690.40	-0.01	0.00	1.02	46.80	-0.00
4	1	1	4	10.081941	48.07	1.02	76.00	0.00	-166.91	-0.01	0.00	1.02	48.07	-0.00
4	1	1	4	10.098659	48.59	0.76	30.72	-15.21	-2708.49	-909.86	0.00	0.76	48.59	-0.00
4	1	1	4	10.115283	48.58	1.02	-0.28	15.30	-1864.87	1835.04	0.00	1.02	48.58	-0.00
4	1	1	4	10.131946	48.83	1.02	15.27	0.00	933.21	-917.91	0.00	1.02	48.83	-0.00
4	1	1	4	10.148580	49.60	0.76	46.17	-15.29	1857.61	-919.06	0.00	0.76	49.60	-0.00
4	1	1	4	10.165558	50.61	-1.27	59.34	-119.84	775.80	-6158.08	0.00	-1.27	50.61	-0.00
4	1	1	4	10.181808	52.37	-2.03	108.14	-46.90	3003.01	4488.87	0.00	-2.03	52.37	-0.00
4	1	1	4	10.198765	53.35	-2.79	58.03	-44.88	-2955.37	119.19	0.00	-2.79	53.35	-0.00
4	1	1	4	10.215667	54.60	-3.30	73.69	-29.97	926.30	881.67	0.00	-3.30	54.60	-0.00
4	1	1	4	10.231876	55.62	-3.30	62.89	-0.01	-665.90	1848.29	0.00	-3.30	55.62	-0.00
4	1	1	4	10.248809	56.37	-3.55	44.24	-14.95	-1101.34	-882.18	0.00	-3.55	56.37	-0.00
4	1	1	4	10.265568	57.55	-4.82	70.57	-75.32	1571.15	-3601.98	0.00	-4.82	57.55	-0.00
4	1	1	4	10.281816	58.48	-5.82	57.22	-61.89	-821.95	826.07	0.00	-5.82	58.48	-0.00
4	1	1	4	10.298832	59.62	-7.07	67.17	-73.53	584.77	-683.62	0.00	-7.07	59.62	-0.00
4	1	1	4	10.315138	60.10	-7.32	29.59	-15.32	-2304.93	3569.64	0.00	-7.32	60.10	-0.00
4	1	1	4	10.332036	61.61	-7.58	89.18	-14.88	3526.71	25.93	0.00	-7.58	61.61	-0.00
4	1	1	4	10.348426	63.57	-8.32	119.37	-45.71	1841.87	-1880.79	0.00	-8.32	63.57	-0.00
4	1	1	4	10.365432	64.01	-8.82	26.26	-29.20	-5474.79	971.03	0.00	-8.82	64.01	-0.00
4	1	1	4	10.381654	64.24	-9.07	13.70	-15.28	-774.31	858.08	0.00	-9.07	64.24	-0.00
4	1	1	4	10.398471	64.75	-9.07	30.54	-0.08	1001.27	903.56	0.00	-9.07	64.75	-0.00
4	1	1	4	10.415365	65.01	-9.07	15.20	-0.04	-908.13	2.47	0.00	-9.07	65.01	-0.00
4	1	1	4	10.431688	65.26	-9.07	15.73	-0.04	32.49	-0.06	0.00	-9.07	65.26	-0.00
4	1	1	4	10.448655	65.52	-9.07	15.13	-0.04	-35.25	0.12	0.00	-9.07	65.52	-0.00
4	1	1	4	10.465104	65.52	-9.07	0.00	0.00	-919.95	2.37	0.00	-9.07	65.52	-0.00
4	1	1	4	10.481781	65.78	-9.07	15.39	-0.04	923.04	-2.35	0.00	-9.07	65.78	-0.00
4	1	1	4	10.498754	65.78	-9.07	0.00	0.00	-907.00	2.31	0.00	-9.07	65.78	-0.00
4	1	1	4	10.515224	65.78	-9.07	0.00	0.00	0.00	0.00	0.00	-9.07	65.78	-0.00
4	1	1	4	10.532161	66.03	-9.07	15.16	-0.04	894.92	-2.25	0.00	-9.07	66.03	-0.00
4	1	1	4	10.548406	66.29	-9.07	15.80	-0.04	39.65	-0.07	0.00	-9.07	66.29	-0.00
4	1	1	4	10.565337	66.29	-9.07	0.00	0.00	-933.30	2.32	0.00	-9.07	66.29	-0.00
4	1	1	4	10.581642	66.03	-9.07	-15.74	0.04	-965.50	2.40	0.00	-9.07	66.03	-0.00
4	1	1	4	10.598270	66.55	-9.07	30.87	-0.08	2803.56	-6.94	0.00	-9.07	66.55	-0.00
4	1	1	4	10.615329	67.06	-9.08	30.09	-0.07	-45.96	0.21	0.00	-9.08	67.06	-0.00
4	1	1	4	10.631681	67.57	-9.08	31.39	-0.07	79.30	-0.09	0.00	-9.08	67.57	-0.00
4	1	1	4	10.648458	68.09	-9.08	30.59	-0.07	-47.61	0.21	0.00	-9.08	68.09	-0.00
4	1	1	4	10.665338	68.34	-9.08	15.20	-0.03	-911.66	2.14	0.00	-9.08	68.34	-0.00
4	1	1	4	10.681742	68.86	-9.08	31.28	-0.07	980.11	-2.16	0.00	-9.08	68.86	-0.00
4	1	1	4	10.698536	69.21	-8.34	20.86	44.35	-620.14	2645.19	0.00	-8.34	69.21	-0.00
4	1	1	4	10.715324	69.91	-6.59	41.66	104.22	1238.89	3566.34	0.00	-6.59	69.91	-0.00
4	1	1	4	10.731926	70.54	-5.07	38.31	90.97	-202.13	-798.16	0.00	-5.07	70.54	-0.00
4	1	1	4	10.748268	70.88	-3.81	20.46	77.37	-1092.05	-832.27	0.00	-3.81	70.88	-0.00
4	1	1	4	10.764951	71.45	-2.29	34.44	91.23	837.79	830.90	0.00	-2.29	71.45	-0.00
4	1	1	4	10.781691	71.73	-1.53	16.42	45.54	-1076.54	-2729.52	0.00	-1.53	71.73	-0.00
4	1	1	4	10.798484	72.24	-1.27	30.60	15.14	844.51	-1810.54	0.00	-1.27	72.24	-0.00
4	1	1	4	10.814901	72.75	-1.02	31.24	15.49	39.05	21.27	0.00	-1.02	72.75	-0.00
4	1	1	4	10.831970	72.74	1.78	-0.86	163.91	-1880.53	8695.07	0.00	1.78	72.74	-0.00
4	1	1	4	10.848374	72.68	3.30	-3.25	92.88	-145.57	-4330.14	0.00	3.30	72.68	-0.00
4	1	1	4	10.864960	72.90	4.06	13.04	45.84	981.83	-2836.04	0.00	4.06	72.90	-0.00
4	1	1	4	10.881580	72.90	4.06	0.00	0.00	-784.51	-2758.19	0.00	4.06	72.90	-0.00
4	1	1	4	10.898456	73.17	3.81	15.91	-15.01	942.47	-889.21	0.00	3.81	73.17	-0.00
4	1	1	4	10.914876	73.42	3.81	15.51	0.00	-23.85	914.03	0.00	3.81	73.42	-0.00
4	1	1	4	10.931839	73.42	3.81	0.00	0.00	-914.57	-0.13	0.00	3.81	73.42	-0.00
4	1	1	4	10.948216	73.68	3.81	15.56	0.00	949.91	0.13	0.00	3.81	73.68	-0.00
4	1	1	4	10.964976	73.93	3.81	15.20	0.00	-21.31	-0.00	0.00	3.81	73.93	-0.00
4	1	1	4	10.981871	74.44	3.81	30.16	0.00	885.40	0.12	0.00	3.81	74.44	-0.00
4	1	1	4	10.998230	74.95	3.81	31.14	0.00	60.18	0.00	0.00	3.81	74.95	-0.00
4	1	1	4	11.015077	75.72	3.81	45.36	0.01	844.15	0.10	0.00	3.81	75.72	-0.00
4	1	1	4	11.031545	75.97	3.81	15.47	0.00	-1815.29	-0.24	0.00	3.81	75.97	-0.00
4	1	1	4	11.048254	76.74	3.81	45.73	0.01	1811.26	0.22	0.00	3.81	76.74	-0.00
4	1	1	4	11.065047	77.50	3.81	45.50	0.01	-13.65	-0.01	0.00	3.81	77.50	-0.00
4	1	1	4	11.081521	78.01	3.81	30.92	0.00	-885.08	-0.11	0.00	3.81	78.01	-0.00
4	1	1	4	11.098421	78.26	3.81	15.07	0.00	-937.94	-0.11	0.00	3.81	78.26	-0.00
4	1	1	4	11.114759	78.77	3.81	31.18	0.00	985.97	0.11	0.00	3.81	78.77	-0.00
4	1	1	4	11.131716	79.03	3.81	15.02	0.00	-952.95	-0.11	0.00	3.81	79.03	-0.00
4	1	1	4	11.148413	79.79	3.81	45.76	0.01	1841.16	0.20	0.00	3.81	79.79	-0.00
4	1	1	4	11.164920	80.81	3.81	61.72	0.01	966.69	0.09	0.00	3.81	80.81	-0.00
4	1	1	4	11.181454	80.81	3.81	0.00	0.00	-3732.65	-0.40	0.00	3.81	80.81	-0.00
4	1	1	4	11.198426	81.32	3.81	30.01	0.00	1768.35	0.18	0.00	3.81	81.32	-0.00
4	1	1	4	11.214727	81.83	3.81	31.25	0.00	75.81	0.00	0.00	3.81	81.83	-0.00
4	1	1	4	11.231785	82.35	3.56	30.53	-14.87	-42.37	-871.69	0.00	3.56	82.35	-0.00
4	1	1	4	11.248088	82.60	3.56	15.62	0.00	-914.32	911.94	0.00	3.56	82.60	-0.00
4	1	1	4	11.264833	83.11	3.56	30.41	0.00	883.53	0.07	0.00	3.56	83.11	-0.00
4	1	1	4	11.281458	83.93	2.03	49.00	-91.65	1118.16	-5513.05	0.00	2.03	83.93	-0.00
4	1	1	4	11.298153	84.96	-1.02	62.07	-182.83	782.56	-5461.30	0.00	-1.02	84.96	-0.00
4	1	1	4	11.315048	85.22	-1.27	14.86	-15.05	-2794.38	9930.37	0.00	-1.27	85.22	-0.00
4	1	1	4	11.331478	85.97	-1.78	45.91	-30.95	1889.92	-967.73	0.00	-1.78	85.97	-0.00
4	1	1	4	11.348218	86.71	-2.80	44.00	-60.72	-114.12	-1778.31	0.00	-2.80	86.71	-0.00
4	1	1	4	11.364716	87.15	-4.32	27.09	-92.29	-1024.84	-1913.23	0.00	-4.32	87.15	-0.00
4	1	1	4	11.381485	87.76	-6.85	35.98	-150.78	530.33	-3488.34	0.00	-6.85	87.76	-0.00
4	1	1	4	11.398268	88.65	-8.36	53.11	-89.98	1020.24	3622.80	0.00	-8.36	88.65	-0.00
4	1	1	4	11.414760	88.57	-9.11	-4.50	-45.61	-3492.69	2690.61	0.00	-9.11	88.57	-0.00
4	1	1	4	11.431685	88.80	-9.36	13.57	-14.81	1067.43	1820.06	0.00	-9.36	88.80	-0.00
4	1	1	4	11.448162	88.75	-9.86	-3.29	-30.34	-1022.95	-942.94	0.00	-9.86	88.75	-0.00
4	1	1	4	11.464867	89.26	-9.86	30.64	-0.04	2030.83	1814.01	0.00	-9.86	89.26	-0.00
4	1	1	4	11.482015	89.46	-10.36	11.63	-29.13	-1108.34	-1696.41	0.00	-10.36	89.46	-0.00
4	1	1	4	11.498038	89.72	-10.36	15.98	-0.02	271.32	1816.66	0.00	-10.36	89.72	-0.00
4	1	1	4	11.515035	89.72	-10.36	0.00	0.00	-940.21	1.42	0.00	-10.36	89.72	-0.00
4	1	1	4	11.531379	89.72	-10.36	0.00	0.00	0.00	0.00	0.00	-10.36	89.72	-0.00
4	1	1	4	11.548067	89.72	-10.36	0.00	0.00	0.00	0.00	0.00	-10.36	89.72	-0.00
4	1	1	4	11.564984	89.72	-10.36	0.00	0.00	0.00	0.00	0.00	-10.36	89.72	-0.00
4	1	1	4	11.581413	89.72	-10.36	0.00	0.00	0.00	0.00	0.00	-10.36	89.72	-0.00
4	1	1	4	11.598046	89.72	-10.36	0.00	0.00	0.00	0.00	0.00	-10.36	89.72	-0.00
4	1	1	4	11.614674	89.72	-10.36	0.00	0.00	0.00	0.00	0.00	-10.36	89.72	-0.00
4	1	1	4	11.631548	89.72	-10.36	0.00	0.00	0.00	0.00	0.00	-10.36	89.72	-0.00
4	1	1	4	11.647973	89.72	-10.36	0.00	0.00	0.00	0.00	0.00	-10.36	89.72	-0.00
4	1	1	4	11.664817	89.75	-10.11	1.69	14.81	100.33	879.42	0.00	-10.11	89.75	-0.00
4	1	1	4	11.681413	89.75	-10.11	0.00	0.00	-101.83	-892.58	0.00	-10.11	89.75	-0.00
4	1	1	4	11.697883	89.77	-9.86	1.69	15.16	102.44	920.70	0.00	-9.86	89.77	-0.00
4	1	1	4	11.715036	89.69	-8.11	-4.66	102.29	-370.28	5079.34	0.00	-8.11	89.69	-0.00
4	1	1	4	11.731469	89.89	-5.59	11.70	153.45	995.85	3113.14	0.00	-5.59	89.89	-0.00
4	1	1	4	11.748004	90.02	-2.80	7.86	168.68	-232.32	920.94	0.00	-2.80	90.02	-0.00
4	1	1	4	11.764885	90.04	-1.78	1.53	60.22	-374.93	-6424.66	0.00	-1.78	90.04	-0.00
4	1	1	4	11.781333	90.05	-1.27	0.52	30.92	-61.22	-1781.45	0.00	-1.27	90.05	-0.00
4	1	1	4	11.798028	90.31	-1.02	15.43	15.23	893.02	-939.58	0.00	-1.02	90.31	-0.00
4	1	1	4	11.814696	90.29	2.03	-1.03	183.12	-987.75	10071.77	0.00	2.03	90.29	-0.00
4	1	1	4	11.831565	90.25	3.31	-2.23	75.31	-70.89	-6391.07	0.00	3.31	90.25	-0.00
4	1	1	4	11.847883	90.25	3.31	0.00	0.00	136.49	-4614.88	0.00	3.31	90.25	-0.00
4	1	1	4	11.864713	90.23	3.81	-1.19	30.16	-70.68	1792.24	0.00	3.81	90.23	-0.00
4	1	1	4	11.881654	90.41	5.33	10.49	89.75	689.55	3517.55	0.00	5.33	90.41	-0.00
4	1	1	4	11.898295	90.36	6.09	-2.88	45.59	-803.68	-2653.98	0.00	6.09	90.36	-0.00
4	1	1	4	11.914631	90.36	6.09	0.00	0.00	176.38	-2790.75	0.00	6.09	90.36	-0.00
4	1	1	4	11.931596	90.60	6.34	14.01	14.89	825.64	877.95	0.00	6.34	90.60	-0.00
4	1	1	4	11.947986	90.60	6.34	0.00	0.00	-854.64	-908.78	0.00	6.34	90.60	-0.00
4	1	1	4	11.964925	90.58	6.60	-1.06	14.90	-62.85	879.93	0.00	6.60	90.58	-0.00
4	1	1	4	11.981275	90.84	6.60	15.60	0.01	1019.25	-911.24	0.00	6.60	90.84	-0.00
4	1	1	4	11.998112	91.09	6.60	15.15	0.01	-26.83	-0.01	0.00	6.60	91.09	-0.00
4	1	1	4	12.014546	91.60	6.60	31.04	0.01	967.06	0.36	0.00	6.60	91.60	-0.00
4	1	1	4	12.031441	92.37	6.60	45.29	0.02	843.22	0.29	0.00	6.60	92.37	-0.00
4	1	1	4	12.047842	92.62	6.60	15.55	0.01	-1813.17	-0.67	0.00	6.60	92.62	-0.00
4	1	1	4	12.064588	93.13	6.60	30.46	0.01	890.18	0.31	0.00	6.60	93.13	-0.00
4	1	1	4	12.081394	93.13	6.60	0.00	0.00	-1812.42	-0.64	0.00	6.60	93.13	-0.00
4	1	1	4	12.098092	93.13	6.60	0.00	0.00	0.00	0.00	0.00	6.60	93.13	-0.00
4	1	1	4	12.114759	93.13	6.60	0.00	0.00	0.00	0.00	0.00	6.60	93.13	-0.00
4	1	1	4	12.131486	93.39	6.60	15.25	0.01	911.55	0.32	0.00	6.60	93.39	-0.00
4	1	1	4	12.147974	93.64	6.60	15.47	0.01	13.33	0.00	0.00	6.60	93.64	-0.00
4	1	1	4	12.164455	93.64	6.60	0.00	0.00	-938.50	-0.33	0.00	6.60	93.64	-0.00
4	1	1	4	12.181358	93.66	6.35	1.03	-14.94	61.09	-884.01	0.00	6.35	93.66	-0.00
4	1	1	4	12.197891	93.64	6.60	-1.06	15.28	-126.33	1828.06	0.00	6.60	93.64	-0.00
4	1	1	4	12.214690	93.64	6.60	0.00	0.00	62.85	-909.50	0.00	6.60	93.64	-0.00
4	1	1	4	12.231485	93.92	6.35	16.22	-15.04	965.85	-895.22	0.00	6.35	93.92	-0.00
4	1	1	4	12.247811	93.92	6.35	0.00	0.00	-993.54	920.88	0.00	6.35	93.92	-0.00
4	1	1	4	12.264386	94.15	6.60	14.34	15.25	864.91	919.78	0.00	6.60	94.15	-0.00
4	1	1	4	12.281155	94.41	6.60	15.21	0.01	52.05	-908.86	0.00	6.60	94.41	-0.00
4	1	1	4	12.297877	94.66	6.60	15.25	0.01	2.47	-0.00	0.00	6.60	94.66	-0.00
4	1	1	4	12.314714	94.93	6.35	16.17	-15.00	54.60	-891.19	0.00	6.35	94.93	-0.00
4	1	1	4	12.331444	94.92	6.60	-1.03	15.10	-1028.04	1799.29	0.00	6.60	94.92	-0.00
4	1	1	4	12.347808	94.93	6.35	1.05	-15.44	127.25	-1866.32	0.00	6.35	94.93	-0.00
4	1	1	4	12.364404	95.17	6.60	14.33	15.23	799.85	1847.76	0.00	6.60	95.17	-0.00
4	1	1	4	12.381147	94.93	6.35	-14.20	-15.09	-1704.04	-1811.10	0.00	6.35	94.93	-0.00
4	1	1	4	12.397761	96.46	6.35	92.08	0.03	6396.84	910.15	0.00	6.35	96.46	-0.00
4	1	1	4	12.414658	97.13	3.31	39.13	-179.97	-3133.62	-10652.84	0.00	3.31	97.13	-0.00
4	1	1	4	12.431186	97.18	0.76	3.22	-153.80	-2172.37	1583.34	0.00	0.76	97.18	-0.00
4	0	1	4	12.448098	97.18	-1.02	7.81	-0.08	0.63	-0.01	0.00	-1.02	97.18	-0.00
4	0	1	4	12.464964	97.18	-1.02	0.00	0.00	-462.85	4.85	0.00	-1.02	97.18	-0.00
4	0	1	4	12.481489	97.18	-1.02	0.00	0.00	0.00	0.00	0.00	-1.02	97.18	-0.00
4	0	1	4	12.497722	97.18	-1.02	0.00	0.00	0.00	0.00	0.00	-1.02	97.18	-0.00
4	0	1	4	12.514745	97.18	-1.02	0.00	0.00	0.00	0.00	0.00	-1.02	97.18	-0.00
4	0	1	4	12.531098	97.18	-1.02	0.00	0.00	0.00	0.00	0.00	-1.02	97.18	-0.00
4	0	1	4	12.547728	97.18	-1.02	0.00	0.00	0.00	0.00	0.00	-1.02	97.18	-0.00
4	0	1	4	12.564660	97.43	-1.02	15.03	-0.00	887.40	-0.00	0.00	-1.02	97.43	-0.00
4	0	1	4	12.581205	97.17	-1.27	-15.56	-15.37	-1848.56	-929.19	0.00	-1.27	97.17	-0.00
4	0	1	4	12.597653	97.43	-1.02	15.65	15.46	1897.49	1874.91	0.00	-1.02	97.43	-0.00
4	0	1	4	12.614595	97.43	-1.27	-0.18	-15.01	-934.16	-1798.85	0.00	-1.27	97.43	-0.00
4	0	1	4	12.631051	97.43	-1.02	0.18	15.46	21.76	1851.61	0.00	-1.02	97.43	-0.00
4	0	1	4	12.647922	97.18	-1.02	-15.08	0.00	-904.62	-916.18	0.00	-1.02	97.18	-0.00
4	0	1	4	12.664662	97.17	-1.27	-0.18	-15.19	890.14	-907.62	0.00	-1.27	97.17	-0.00
4	0	1	4	12.681245	97.18	-1.02	0.18	15.34	21.69	1841.13	0.00	-1.02	97.18	-0.00
4	0	1	4	12.697979	97.18	-1.02	0.00	0.00	-10.80	-916.58	0.00	-1.02	97.18	-0.00
4	0	1	4	12.714302	97.18	-1.02	0.00	0.00	0.00	0.00	0.00	-1.02	97.18	-0.00
4	0	1	4	12.731183	97.18	-1.02	0.00	0.00	0.00	0.00	0.00	-1.02	97.18	-0.00
4	0	1	4	12.747910	97.18	-1.02	0.00	0.00	0.00	0.00	0.00	-1.02	97.18	-0.00
4	0	1	4	12.764312	96.41	-1.02	-46.53	0.00	-2837.13	0.00	0.00	-1.02	96.41	-0.00
4	0	1	4	12.780911	94.36	2.03	-123.61	183.88	-4643.11	11077.64	0.00	2.03	94.36	-0.00
4	0	1	4	12.797933	92.77	4.07	-93.62	119.36	1761.82	-3790.37	0.00	4.07	92.77	-0.00
4	0	1	4	12.814325	91.67	5.59	-67.02	92.73	1622.43	-1624.72	0.00	5.59	91.67	-0.00
4	0	1	4	12.830892	90.58	6.60	-65.64	61.00	83.46	-1915.50	0.00	6.60	90.58	-0.00
4	0	1	4	12.847891	89.46	7.86	-66.00	74.07	-21.21	769.35	0.00	7.86	89.46	-0.00
4	0	1	4	12.864518	88.47	10.11	-59.83	135.57	371.06	3698.90	0.00	10.11	88.47	-0.00
4	0	1	4	12.881053	87.00	11.60	-88.66	90.08	-1743.48	-2751.04	0.00	11.60	87.00	-0.00
4	0	1	4	12.897892	85.50	13.08	-88.86	87.72	-11.91	-140.54	0.00	13.08	85.50	-0.00
4	0	1	4	12.914520	84.10	13.81	-84.42	43.93	267.29	-2633.43	0.00	13.81	84.10	-0.00
4	0	1	4	12.931138	82.34	15.02	-105.82	72.76	-1288.18	1735.24	0.00	15.02	82.34	-0.00
4	0	1	4	12.947644	80.56	16.21	-108.04	72.38	-134.51	-23.04	0.00	16.21	80.56	-0.00
4	0	1	4	12.964235	79.52	16.20	-62.48	-0.48	2746.19	-4391.51	0.00	16.20	79.52	-0.00
4	0	1	4	12.980795	78.74	16.20	-46.97	-0.37	936.78	6.50	0.00	16.20	78.74	-0.00
4	0	1	4	12.997828	77.19	16.18	-91.37	-0.75	-2606.89	-22.40	0.00	16.18	77.19	-0.00
4	0	1	4	13.014520	75.84	16.41	-80.80	13.57	633.05	858.08	0.00	16.41	75.84	-0.00
4	0	1	4	13.031200	74.80	16.40	-62.31	-0.59	1108.63	-848.84	0.00	16.40	74.80	-0.00
4	0	1	4	13.047740	74.28	16.40	-31.43	-0.31	1867.10	17.11	0.00	16.40	74.28	-0.00
4	0	1	4	13.064130	73.24	16.39	-63.46	-0.63	-1954.23	-20.06	0.00	16.39	73.24	-0.00
4	0	1	4	13.081119	72.72	16.38	-30.62	-0.31	1932.86	18.78	0.00	16.38	72.72	-0.00
4	0	1	4	13.097754	72.20	16.37	-31.28	-0.33	-39.75	-0.78	0.00	16.37	72.20	-0.00
4	0	1	4	13.114532	71.16	16.36	-62.06	-0.67	-1834.25	-20.36	0.00	16.36	71.16	-0.00
4	0	1	4	13.130891	69.91	16.11	-76.28	-15.27	-869.03	-892.54	0.00	16.11	69.91	-0.00
4	0	1	4	13.147810	68.03	16.33	-111.09	12.61	-2057.98	1647.65	0.00	16.33	68.03	-0.00
4	0	1	4	13.164127	66.46	16.31	-95.97	-1.23	927.19	-847.76	0.00	16.31	66.46	-0.00
4	0	1	4	13.180916	64.69	16.05	-105.47	-15.33	-566.12	-839.76	0.00	16.05	64.69	-0.00
4	0	1	4	13.197831	63.71	15.80	-58.36	-14.59	2784.89	43.45	0.00	15.80	63.71	-0.00
4	0	1	4	13.214098	63.41	13.68	-17.87	-130.65	2489.26	-7135.24	0.00	13.68	63.41	-0.00
4	0	1	4	13.231076	63.49	12.00	4.72	-98.87	1330.32	1871.87	0.00	12.00	63.49	-0.00
4	0	1	4	13.247758	61.82	11.26	-100.38	-44.13	-6300.01	3281.30	0.00	11.26	61.82	-0.00
4	0	1	4	13.264136	59.58	10.77	-136.56	-30.39	-2209.11	839.20	0.00	10.77	59.58	-0.00
4	0	1	4	13.280981	57.69	9.78	-112.44	-58.36	1431.98	-1660.35	0.00	9.78	57.69	-0.00
4	0	1	4	13.297659	55.86	8.30	-109.45	-88.62	179.18	-1814.41	0.00	8.30	55.86	-0.00
4	0	1	4	13.314614	54.01	6.81	-109.09	-87.84	21.28	46.08	0.00	6.81	54.01	-0.00
4	0	1	4	13.330750	52.37	5.57	-102.10	-77.43	433.22	645.16	0.00	5.57	52.37	-0.00
4	0	1	4	13.347751	50.99	3.81	-80.77	-103.52	1254.57	-1534.92	0.00	3.81	50.99	-0.00
4	0	1	4	13.364235	49.31	2.03	-101.98	-107.50	-1286.23	-241.21	0.00	2.03	49.31	-0.00
4	0	1	4	13.380773	47.57	0.25	-105.19	-107.57	-194.13	-4.63	0.00	0.25	47.57	-0.00
4	0	1	4	13.397508	45.27	-1.02	-137.46	-76.00	-1928.82	1887.03	0.00	-1.02	45.27	-0.00
4	0	1	4	13.414344	42.99	-0.51	-135.50	30.21	116.82	6308.25	0.00	-0.51	42.99	-0.00
4	0	1	4	13.430708	41.21	-0.25	-108.69	15.54	1638.16	-896.10	0.00	-0.25	41.21	-0.00
4	0	1	4	13.447423	39.94	-0.25	-76.10	0.00	1949.67	-929.98	0.00	-0.25	39.94	-0.00
4	0	1	4	13.464263	38.41	-0.25	-90.64	0.00	-863.42	0.00	0.00	-0.25	38.41	-0.00
4	0	1	4	13.480753	37.14	0.00	-77.09	15.43	822.02	935.53	0.00	0.00	37.14	-0.00
4	0	1	4	13.497573	35.87	-0.25	-75.68	-15.12	83.59	-1816.46	0.00	-0.25	35.87	-0.00
4	0	1	4	13.514022	34.09	0.00	-108.21	15.47	-1977.43	1859.71	0.00	0.00	34.09	-0.00
4	0	1	4	13.530759	32.31	-0.51	-106.64	-30.40	93.46	-2740.31	0.00	-0.51	32.31	-0.00
4	0	1	4	13.547348	30.53	0.25	-107.17	46.00	-31.88	4605.47	0.00	0.25	30.53	-0.00
4	0	1	4	13.564341	27.98	0.00	-149.65	-14.97	-2499.53	-3588.10	0.00	0.00	27.98	-0.00
4	0	1	4	13.581151	26.71	0.25	-75.74	15.13	4396.48	1790.80	0.00	0.25	26.71	-0.00
4	0	1	4	13.597767	25.18	-0.25	-91.87	-30.62	-970.71	-2753.65	0.00	-0.25	25.18	-0.00
4	0	1	4	13.614209	23.66	0.00	-92.75	15.47	-53.72	2803.16	0.00	0.00	23.66	-0.00
4	0	1	4	13.630913	22.13	-0.25	-91.47	-15.23	76.94	-1837.92	0.00	-0.25	22.13	-0.00
4	0	1	4	13.647316	20.35	-0.25	-108.57	0.00	-1042.88	928.45	0.00	-0.25	20.35	-0.00
4	0	1	4	13.664037	18.56	-0.51	-106.83	-15.20	104.65	-909.33	0.00	-0.51	18.56	-0.00
4	0	1	4	13.681012	16.53	-0.25	-119.60	14.98	-752.39	1777.96	0.00	-0.25	16.53	-0.00
4	0	1	4	13.697738	15.77	-0.25	-45.64	0.00	4422.02	-895.46	0.00	-0.25	15.77	-0.00
4	0	1	4	13.713974	15.00	-0.51	-47.41	-15.65	-109.19	-964.07	0.00	-0.51	15.00	-0.00
4	0	1	4	13.730898	14.74	-0.76	-15.69	-14.99	1874.48	39.21	0.00	-0.76	14.74	-0.00
4	0	1	4	13.747533	14.23	-0.76	-30.63	0.00	-898.22	901.33	0.00	-0.76	14.23	-0.00
4	0	1	4	13.763994	13.72	-0.76	-30.96	0.00	-19.83	0.03	0.00	-0.76	13.72	-0.00
4	0	1	4	13.780846	12.70	-0.76	-60.49	0.01	-1752.49	0.39	0.00	-0.76	12.70	-0.00
5	1	0	4	13.797429	11.44	-0.51	0.83	-0.04	0.06	-0.00	0.00	-0.51	11.44	-0.00
5	1	1	4	13.814601	10.42	-0.51	-59.32	0.01	-3502.65	2.49	0.00	-0.51	10.42	-0.00
5	1	1	4	13.830819	9.65	-0.51	-47.12	0.01	752.27	0.01	0.00	-0.51	9.65	-0.00
5	1	1	4	13.847257	9.64	-0.76	-1.01	-15.38	2805.09	-935.72	0.00	-0.76	9.64	-0.00
5	1	1	4	13.864098	9.38	-0.76	-15.15	0.01	-839.77	913.43	0.00	-0.76	9.38	-0.00
5	1	1	4	13.880602	9.40	-0.51	1.03	15.31	980.85	927.08	0.00	-0.51	9.40	-0.00
5	1	1	4	13.897517	9.14	-0.51	-15.06	0.00	-951.55	-904.83	0.00	-0.51	9.14	-0.00
5	1	1	4	13.913872	8.39	-0.25	-46.04	15.51	-1894.10	948.48	0.00	-0.25	8.39	-0.00
5	1	1	4	13.930521	7.63	-0.25	-45.86	0.00	10.50	-931.78	0.00	-0.25	7.63	-0.00
5	1	1	4	13.947266	6.36	0.00	-75.71	15.18	-1782.37	906.70	0.00	0.00	6.36	-0.00
5	1	1	4	13.964274	5.60	0.00	-44.87	0.00	1813.10	-892.76	0.00	0.00	5.60	-0.00
5	1	1	4	13.980993	5.59	-0.25	-0.35	-15.20	2663.30	-909.19	0.00	-0.25	5.59	-0.00
5	1	1	4	13.997294	5.59	-0.25	0.00	0.00	21.18	932.51	0.00	-0.25	5.59	-0.00
5	1	1	4	14.014100	5.59	-0.25	0.00	0.00	0.00	0.00	0.00	-0.25	5.59	-0.00
5	1	1	4	14.030646	5.85	0.00	15.72	15.36	950.32	928.28	0.00	0.00	5.85	-0.00
5	1	1	4	14.047717	5.85	-0.25	-0.32	-14.89	-940.03	-1771.81	0.00	-0.25	5.85	-0.00
5	1	1	4	14.063925	5.83	-0.51	-1.02	-15.59	-42.75	-43.49	0.00	-0.51	5.83	-0.00
5	1	1	4	14.080766	5.59	-0.25	-14.14	15.01	-779.51	1817.19	0.00	-0.25	5.59	-0.00
5	1	1	4	14.097130	5.85	0.00	15.90	15.53	1835.80	31.84	0.00	0.00	5.85	-0.00
5	1	1	4	14.114107	6.61	-0.25	44.67	-14.97	1694.58	-1796.78	0.00	-0.25	6.61	-0.00
5	1	1	4	14.130963	8.39	-0.25	105.71	-0.00	3621.39	888.10	0.00	-0.25	8.39	-0.00
5	1	1	4	14.147383	11.19	0.00	170.66	15.49	3955.73	943.40	0.00	0.00	11.19	-0.00
5	1	1	4	14.164149	14.74	0.76	211.26	45.46	2421.40	1787.84	0.00	0.76	14.74	-0.00
5	1	1	4	14.180759	18.49	1.77	225.82	60.84	876.84	925.69	0.00	1.77	18.49	-0.00
5	1	1	4	14.197121	19.74	2.02	76.59	15.40	-9120.36	-2777.17	0.00	2.02	19.74	-0.00
5	1	1	4	14.214084	23.29	2.28	209.52	14.98	7835.96	-24.38	0.00	2.28	23.29	-0.00
5	1	1	4	14.230455	25.85	2.28	156.06	0.12	-3265.17	-907.70	0.00	2.28	25.85	-0.00
5	1	1	4	14.247311	29.17	2.28	196.87	0.11	2420.54	-0.69	0.00	2.28	29.17	-0.00
5	1	1	4	14.263829	32.48	2.28	200.76	0.08	235.78	-1.84	0.00	2.28	32.48	-0.00
5	1	1	4	14.280684	35.29	2.28	166.41	0.05	-2038.12	-1.81	0.00	2.28	35.29	-0.00
5	1	1	4	14.297402	38.35	2.29	182.95	0.04	989.51	-0.43	0.00	2.29	38.35	-0.00
5	1	1	4	14.313799	40.64	2.29	139.87	0.03	-2627.38	-1.01	0.00	2.29	40.64	-0.00
5	1	1	4	14.330396	42.68	2.29	122.81	0.02	-1028.13	-0.41	0.00	2.29	42.68	-0.00
5	1	1	4	14.347055	45.23	2.29	152.93	0.02	1807.97	0.08	0.00	2.29	45.23	-0.00
5	1	1	4	14.364235	47.52	2.29	133.43	0.02	-1134.60	-0.32	0.00	2.29	47.52	-0.00
5	1	1	4	14.380871	49.30	2.29	107.17	0.01	-1578.89	-0.28	0.00	2.29	49.30	-0.00
5	1	1	4	14.397346	51.08	2.29	108.20	0.01	62.77	-0.06	0.00	2.29	51.08	-0.00
5	1	1	4	14.414144	52.36	2.29	75.80	0.01	-1928.87	-0.22	0.00	2.29	52.36	-0.00
5	1	1	4	14.430615	53.12	2.29	46.38	0.00	-1786.20	-0.17	0.00	2.29	53.12	-0.00
5	1	1	4	14.447069	54.14	2.29	61.90	0.00	943.36	0.06	0.00	2.29	54.14	-0.00
5	1	1	4	14.463627	55.16	2.29	61.51	0.00	-23.71	-0.02	0.00	2.29	55.16	-0.00
5	1	1	4	14.480354	56.43	2.29	76.11	0.01	873.11	0.04	0.00	2.29	56.43	-0.00
5	1	1	4	14.497350	56.69	2.29	14.98	0.00	-3596.83	-0.25	0.00	2.29	56.69	-0.00
5	1	1	4	14.513750	57.45	2.29	46.57	0.00	1926.43	0.12	0.00	2.29	57.45	-0.00
5	1	1	4	14.530434	58.21	2.29	45.78	0.00	-47.57	-0.01	0.00	2.29	58.21	-0.00
5	1	1	4	14.547489	59.49	2.29	74.64	0.00	1692.13	0.09	0.00	2.29	59.49	-0.00
5	1	1	4	14.563747	60.25	2.29	46.98	0.00	-1701.41	-0.11	0.00	2.29	60.25	-0.00
5	1	1	4	14.580686	61.01	2.29	45.09	0.00	-111.63	-0.01	0.00	2.29	61.01	-0.00
5	1	1	4	14.597223	61.52	2.29	30.79	0.00	-864.66	-0.05	0.00	2.29	61.52	-0.00
5	1	1	4	14.613883	61.78	2.29	15.28	0.00	-930.83	-0.05	0.00	2.29	61.78	-0.00
5	1	1	4	14.630271	62.54	2.29	46.60	0.00	1911.12	0.09	0.00	2.29	62.54	-0.00
5	1	1	4	14.646950	64.32	2.29	106.84	0.01	3611.32	0.16	0.00	2.29	64.32	-0.00
5	1	1	4	14.663806	64.59	2.03	15.61	-15.07	-5412.41	-894.18	0.00	2.03	64.59	-0.00
5	1	1	4	14.680386	64.84	2.03	15.35	0.00	-15.37	908.80	0.00	2.03	64.84	-0.00
5	1	1	4	14.697191	65.34	2.29	29.79	15.11	859.16	899.31	0.00	2.29	65.34	-0.00
5	1	1	4	14.713612	66.11	2.29	46.51	0.00	1018.02	-920.32	0.00	2.29	66.11	-0.00
5	1	1	4	14.730709	66.61	2.29	29.78	0.00	-978.49	-0.04	0.00	2.29	66.61	-0.00
5	1	1	4	14.747411	67.89	2.29	76.20	0.00	2779.55	0.11	0.00	2.29	67.89	-0.00
5	1	1	4	14.763893	68.65	2.29	46.33	0.00	-1812.35	-0.08	0.00	2.29	68.65	-0.00
5	1	1	4	14.780482	68.91	2.03	15.82	-15.31	-1838.99	-923.15	0.00	2.03	68.91	-0.00
5	1	1	4	14.796971	69.17	2.03	15.44	0.00	-23.60	928.67	0.00	2.03	69.17	-0.00
5	1	1	4	14.813918	69.42	2.03	15.02	0.00	-24.64	-0.00	0.00	2.03	69.42	-0.00
5	1	1	4	14.830312	70.69	2.29	77.15	15.50	3790.02	945.36	0.00	2.29	70.69	-0.00
5	1	1	4	14.846866	71.45	2.29	46.13	0.00	-1873.99	-936.16	0.00	2.29	71.45	-0.00
5	1	1	4	14.864074	72.48	2.03	59.61	-14.76	783.13	-857.94	0.00	2.03	72.48	-0.00
5	1	1	4	14.880297	73.24	2.03	47.06	0.00	-773.14	910.00	0.00	2.03	73.24	-0.00
5	1	1	4	14.897238	73.75	2.03	30.05	0.00	-1004.47	-0.02	0.00	2.03	73.75	-0.00
5	1	1	4	14.913628	74.51	2.03	46.58	0.00	1008.87	0.02	0.00	2.03	74.51	-0.00
5	1	1	4	14.930617	75.81	0.25	76.49	-104.78	1760.24	-6167.91	0.00	0.25	75.81	-0.00
5	1	1	4	14.947097	76.81	-1.53	60.85	-108.04	-948.54	-197.63	0.00	-1.53	76.81	-0.00
5	1	1	4	14.963791	78.52	-3.81	102.04	-136.90	2467.38	-1728.92	0.00	-3.81	78.52	-0.00
5	1	1	4	14.980411	79.19	-5.33	40.70	-91.39	-3690.75	2738.59	0.00	-5.33	79.19	-0.00
5	1	1	4	14.997059	80.18	-5.84	59.15	-30.36	1108.24	3665.75	0.00	-5.84	80.18	-0.00
5	1	1	4	15.013558	80.59	-7.10	24.79	-76.36	-2082.22	-2788.06	0.00	-7.10	80.59	-0.00
5	1	1	4	15.030417	80.75	-8.10	9.55	-59.58	-904.52	995.69	0.00	-8.10	80.75	-0.00
5	1	1	4	15.046792	80.72	-8.35	-1.56	-15.30	-678.12	2704.15	0.00	-8.35	80.72	-0.00
5	1	1	4	15.063542	80.95	-8.60	13.70	-14.96	911.18	20.20	0.00	-8.60	80.95	-0.00
5	1	1	4	15.080176	80.95	-8.60	0.00	0.00	-823.80	899.27	0.00	-8.60	80.95	-0.00
5	1	1	4	15.096898	80.95	-8.60	0.00	0.00	0.00	0.00	0.00	-8.60	80.95	-0.00
5	1	1	4	15.113783	80.95	-8.60	0.00	0.00	0.00	0.00	0.00	-8.60	80.95	-0.00
5	1	1	4	15.130119	81.21	-8.60	15.66	-0.02	958.58	-1.12	0.00	-8.60	81.21	-0.00
5	1	1	4	15.146732	81.44	-8.85	13.78	-15.07	-112.84	-906.15	0.00	-8.85	81.44	-0.00
5	1	1	4	15.163712	81.72	-8.60	16.64	14.71	168.23	1753.89	0.00	-8.60	81.72	-0.00
5	1	1	4	15.180470	81.98	-8.60	15.26	-0.02	-82.25	-878.85	0.00	-8.60	81.98	-0.00
5	1	1	4	15.196880	81.98	-8.60	0.00	0.00	-930.10	1.06	0.00	-8.60	81.98	-0.00
5	1	1	4	15.213733	81.98	-8.60	0.00	0.00	0.00	0.00	0.00	-8.60	81.98	-0.00
5	1	1	4	15.230352	82.26	-8.35	16.94	15.05	1019.55	905.63	0.00	-8.35	82.26	-0.00
5	1	1	4	15.247177	82.51	-8.35	15.20	-0.02	-103.88	-895.39	0.00	-8.35	82.51	-0.00
5	1	1	4	15.263692	82.77	-8.35	15.48	-0.02	17.31	-0.01	0.00	-8.35	82.77	-0.00
5	1	1	4	15.280071	83.26	-8.60	29.66	-15.33	865.72	-934.70	0.00	-8.60	83.26	-0.00
5	1	1	4	15.296853	83.54	-8.35	16.75	14.91	-769.13	1801.73	0.00	-8.35	83.54	-0.00
5	1	1	4	15.313903	84.05	-8.35	29.99	-0.03	776.16	-876.29	0.00	-8.35	84.05	-0.00
5	1	1	4	15.330187	84.81	-8.35	47.09	-0.04	1050.46	-0.96	0.00	-8.35	84.81	-0.00
5	1	1	4	15.347108	85.30	-8.61	28.74	-14.84	-1084.67	-874.60	0.00	-8.61	85.30	-0.00
5	1	1	4	15.363477	86.35	-8.36	63.98	15.26	2152.52	1838.81	0.00	-8.36	86.35	-0.00
5	1	1	4	15.380050	86.86	-8.36	30.84	-0.03	-1999.32	-922.25	0.00	-8.36	86.86	-0.00
5	1	1	4	15.396724	87.09	-8.61	13.86	-15.06	-1018.32	-901.35	0.00	-8.61	87.09	-0.00
5	1	1	4	15.413523	87.88	-8.36	47.09	14.89	1977.85	1782.69	0.00	-8.36	87.88	-0.00
5	1	1	4	15.430318	88.65	-8.36	45.64	-0.04	-86.00	-888.97	0.00	-8.36	88.65	-0.00
5	1	1	4	15.447038	88.90	-8.36	15.28	-0.01	-1815.94	1.53	0.00	-8.36	88.90	-0.00
5	1	1	4	15.463439	89.14	-8.61	14.12	-15.32	-70.75	-932.99	0.00	-8.61	89.14	-0.00
5	1	1	4	15.480300	89.39	-8.61	15.16	-0.01	61.43	907.54	0.00	-8.61	89.39	-0.00
5	1	1	4	15.496647	89.67	-8.36	17.09	15.34	118.01	939.36	0.00	-8.36	89.67	-0.00
5	1	1	4	15.513316	89.67	-8.36	0.00	0.00	-1025.01	-920.38	0.00	-8.36	89.67	-0.00
5	1	1	4	15.530304	89.69	-8.11	1.36	14.79	79.92	870.50	0.00	-8.11	89.69	-0.00
5	1	1	4	15.546642	89.78	-7.10	5.22	61.62	236.54	2866.67	0.00	-7.10	89.78	-0.00
5	1	1	4	15.563704	89.90	-5.33	7.17	103.62	114.20	2461.33	0.00	-5.33	89.90	-0.00
5	1	1	4	15.580002	89.96	-4.32	3.34	62.17	-235.25	-2543.24	0.00	-4.32	89.96	-0.00
5	1	1	4	15.597088	89.97	-4.07	0.69	14.84	-154.81	-2770.09	0.00	-4.07	89.97	-0.00
5	1	1	4	15.613670	89.97	-4.07	0.00	0.00	-41.72	-895.02	0.00	-4.07	89.97	-0.00
5	1	1	4	15.630249	90.00	-3.31	1.88	45.92	113.44	2769.67	0.00	-3.31	90.00	-0.00
5	1	1	4	15.647006	90.03	-2.29	1.88	60.64	0.20	878.39	0.00	-2.29	90.03	-0.00
5	1	1	4	15.663331	90.05	-1.02	1.43	77.88	-27.83	1055.95	0.00	-1.02	90.05	-0.00
5	1	1	4	15.680009	89.78	2.03	-16.29	183.02	-1062.62	6304.35	0.00	2.03	89.78	-0.00
5	1	1	4	15.696735	89.74	3.31	-2.26	75.95	838.98	-6401.35	0.00	3.31	89.74	-0.00
5	1	1	4	15.713336	89.98	3.81	14.13	30.58	986.96	-2732.88	0.00	3.81	89.98	-0.00
5	1	1	4	15.730205	89.98	3.81	0.00	0.00	-837.35	-1812.63	0.00	3.81	89.98	-0.00
5	1	1	4	15.746987	89.98	3.81	0.00	0.00	0.00	0.00	0.00	3.81	89.98	-0.00
5	1	1	4	15.763499	90.23	3.81	15.42	0.00	933.98	0.07	0.00	3.81	90.23	-0.00
5	1	1	4	15.780174	90.49	3.81	15.27	0.00	-9.09	-0.00	0.00	3.81	90.49	-0.00
5	1	1	4	15.796680	90.74	3.81	15.43	0.00	9.50	0.00	0.00	3.81	90.74	-0.00
5	1	1	4	15.813256	91.00	3.81	15.36	0.00	-3.97	-0.00	0.00	3.81	91.00	-0.00
5	1	1	4	15.829939	91.25	3.81	15.26	0.00	-5.88	-0.00	0.00	3.81	91.25	-0.00
5	1	1	4	15.846939	91.51	3.81	14.98	0.00	-16.75	-0.00	0.00	3.81	91.51	-0.00
5	1	1	4	15.863315	91.51	3.81	0.00	0.00	-914.65	-0.07	0.00	3.81	91.51	-0.00
5	1	1	4	15.879890	91.76	3.81	15.36	0.00	926.80	0.07	0.00	3.81	91.76	-0.00
5	1	1	4	15.896553	92.01	3.81	15.28	0.00	-4.91	-0.00	0.00	3.81	92.01	-0.00
5	1	1	4	15.913448	92.52	3.81	30.14	0.00	879.71	0.06	0.00	3.81	92.52	-0.00
5	1	1	4	15.929797	92.78	3.81	15.57	0.00	-891.08	-0.06	0.00	3.81	92.78	-0.00
5	1	1	4	15.946512	92.79	3.56	0.60	-15.18	-895.65	-908.50	0.00	3.56	92.79	-0.00
5	1	1	4	15.963095	92.78	3.81	-0.61	15.31	-73.04	1838.62	0.00	3.81	92.78	-0.00
5	1	1	4	15.979899	92.78	3.81	0.00	0.00	36.18	-910.79	0.00	3.81	92.78	-0.00
5	1	1	4	15.996751	92.78	3.81	0.00	0.00	0.00	0.00	0.00	3.81	92.78	-0.00
5	1	1	4	16.013493	92.79	3.56	0.60	-15.16	35.97	-905.49	0.00	3.56	92.79	-0.00
5	1	1	4	16.029868	93.04	3.56	15.55	0.00	912.75	925.87	0.00	3.56	93.04	-0.00
5	1	1	4	16.046964	93.81	3.56	44.67	0.00	1703.60	0.09	0.00	3.56	93.81	-0.00
5	1	1	4	16.063188	94.33	3.31	31.95	-15.65	-784.05	-964.64	0.00	3.31	94.33	-0.00
5	1	1	4	16.079849	94.33	3.31	0.00	0.00	-1917.88	939.21	0.00	3.31	94.33	-0.00
5	1	1	4	16.096711	94.33	3.31	0.00	0.00	0.00	0.00	0.00	3.31	94.33	-0.00
5	1	1	4	16.113187	94.58	3.31	15.45	0.00	937.71	0.04	0.00	3.31	94.58	-0.00
5	1	1	4	16.129846	94.83	3.31	15.28	0.00	-10.15	-0.00	0.00	3.31	94.83	-0.00
5	1	1	4	16.146406	95.13	1.78	17.83	-92.07	154.14	-5559.91	0.00	1.78	95.13	-0.00
5	1	1	4	16.163066	95.14	1.02	0.67	-45.79	-1029.98	2777.70	0.00	1.02	95.14	-0.00
5	1	1	4	16.180060	95.14	-1.02	0.00	-119.75	-39.63	-4352.07	0.00	-1.02	95.14	-0.00
5	1	1	4	16.196824	95.65	-1.27	30.17	-15.17	1799.86	6238.60	0.00	-1.27	95.65	-0.00
5	1	1	4	16.213290	96.89	-2.54	75.74	-77.20	2767.13	-3767.10	0.00	-2.54	96.89	-0.00
5	1	1	4	16.229927	97.12	-3.56	13.38	-61.07	-3748.17	969.44	0.00	-3.56	97.12	-0.00
5	1	1	4	16.246438	97.12	-3.56	0.00	0.00	-810.28	3699.16	0.00	-3.56	97.12	-0.00
