Trial	Type	Onset	Target #	Time to Target	Endpoint Error	Est. Avg. Error Mag	Accum. Error x dMagProj	Max Error Mag.	Max Error Pos. (% of trajectory)	Feedback	Target (1)/Return (0)
1	1	0.5497	4	1.8504	-0.221189	1.327733e+01	1.797187e+03	2.386200e+01	65.6271	1	1
1	0	2.5323	4	0.5843	0.000000	1.930660e+01	3.698719e+03	3.713942e+01	71.9252	1	0
2	1	3.2654	1	0.6342	-0.021217	9.292401e-01	9.133462e+01	2.730541e+00	1.3890	1	1
2	0	4.0485	1	0.3343	0.000000	1.756586e+00	3.202950e+02	2.766336e+00	100.0000	1	0
3	1	4.7648	2	0.5179	0.042641	3.612162e+00	3.470359e+02	4.066750e+00	100.0000	1	1
3	0	5.4817	2	0.1515	0.000000	2.259342e+00	4.612608e+02	3.813821e+00	54.6725	1	0
4	1	6.1984	3	1.0012	-0.066746	1.099556e+01	1.147602e+03	3.649800e+01	17.2664	1	1
4	0	7.3319	3	0.3344	0.000000	4.665096e+00	8.887670e+02	6.094660e+00	53.1843	1	0
5	1	8.0487	4	0.6679	0.108043	1.218845e+01	1.177554e+03	2.168124e+01	88.2598	0	1
5	0	8.8487	4	0.3513	0.000000	1.155721e+01	2.102088e+03	1.532642e+01	53.0450	1	0
6	1	9.4823	1	0.7678	-0.126973	9.358961e+00	9.598879e+02	1.229727e+01	79.6702	1	1
6	0	10.3991	1	0.3845	0.000000	9.214735e+00	1.717303e+03	1.111415e+01	56.3338	1	0
7	1	11.1158	3	0.7179	-0.029247	2.110460e+00	2.155157e+02	3.236001e+00	5.0702	1	1
7	0	11.9826	3	0.3346	0.000000	2.936518e+00	5.284445e+02	3.731340e+00	100.0000	1	0
8	1	12.6994	2	0.5177	-0.002660	6.082137e+00	5.817883e+02	7.319736e+00	60.6899	1	1
8	0	13.4162	2	0.2678	0.000000	1.638194e+00	3.166600e+02	2.289077e+00	53.9478	1	0
9	1	14.1330	3	1.3349	-0.071685	1.289329e+01	1.491452e+03	4.038731e+01	85.6224	1	1
9	0	15.6166	3	0.3513	0.000000	6.856188e+00	1.370449e+03	7.359125e+00	51.7974	1	0
10	1	16.3334	2	0.5515	-0.066216	3.531520e+00	3.379900e+02	6.346140e+00	100.0000	1	1
10	0	17.0502	2	0.3010	0.000000	6.628900e+00	1.392076e+03	7.614575e+00	53.4226	1	0
11	1	17.7772	4	0.8012	-0.045062	7.215611e+00	7.571107e+02	1.785368e+01	82.8921	1	1
11	0	18.7337	4	0.3510	0.000000	4.817899e+00	8.792369e+02	7.562732e+00	76.4522	1	0
12	1	19.4504	1	0.6013	-0.025701	1.705294e+00	1.733236e+02	3.048618e+00	59.6547	1	1
12	0	20.1839	1	0.2679	0.000000	3.318748e+00	6.362066e+02	6.210490e+00	100.0000	1	0
13	1	20.9095	3	0.9010	0.016041	2.846449e+00	2.989258e+02	6.537566e+00	10.3682	1	1
13	0	21.9508	3	0.3178	0.000000	1.477427e+00	2.841149e+02	3.686103e+00	100.0000	1	0
14	1	22.6678	4	0.8344	0.021217	9.474279e+00	9.649854e+02	1.912281e+01	40.4433	1	1
14	0	23.6419	4	0.2676	0.000000	1.197566e+00	2.120311e+02	1.780515e+00	54.1613	1	0
15	1	24.3583	2	0.5842	-0.061094	1.355713e+00	1.294395e+02	5.840356e+00	100.0000	1	1
15	0	25.0747	2	0.2677	0.000000	7.556343e+00	1.482492e+03	7.862801e+00	51.5832	1	0
16	1	25.7912	1	0.6176	-0.013262	2.474316e+00	2.410105e+02	4.497540e+00	25.6563	1	1
16	0	26.5409	1	0.2843	0.000000	1.921733e+00	3.544774e+02	6.586748e+00	100.0000	1	0
17	2	39.8035	2	0.8514	0.072067	1.037150e+01	9.851019e+02	1.197033e+01	62.5750	1	1
17	0	40.8037	2	0.4011	0.000000	3.900526e+00	7.701693e+02	4.067541e+00	54.4615	1	0
18	2	41.5205	4	0.7846	-0.039767	2.295249e+00	2.211333e+02	3.813030e+00	100.0000	1	1
18	0	42.4540	4	0.3011	0.000000	2.901446e+00	5.151694e+02	3.299445e+00	82.6993	1	0
19	2	43.1708	1	0.8511	-0.005333	5.571978e+00	5.345087e+02	6.252198e+00	34.9343	1	1
19	0	44.1543	1	0.4011	0.000000	1.190511e+00	2.241390e+02	2.744091e+00	100.0000	1	0
20	2	44.8709	3	0.7346	-0.055793	5.359946e+00	5.371987e+02	6.058526e+00	5.4630	1	1
20	0	45.7544	3	0.3349	0.000000	5.757718e+00	1.110714e+03	6.094660e+00	52.5396	1	0
21	2	46.4712	4	0.6679	0.161254	8.007163e+00	8.145366e+02	1.555495e+01	98.4405	0	1
21	0	47.2714	4	0.4678	0.000000	9.170921e+00	1.688761e+03	1.507931e+01	52.1361	1	0
22	2	47.9048	2	0.6013	0.066746	5.561754e+00	5.280046e+02	6.587127e+00	76.0574	1	1
22	0	48.6549	2	0.3011	0.000000	4.829344e+00	1.060324e+03	6.097382e+00	53.2279	1	0
23	2	49.3717	3	0.7179	-0.055793	4.775520e+00	6.027962e+02	1.394871e+01	10.3139	1	1
23	0	50.2385	3	0.3679	0.000000	3.229013e+00	6.036210e+02	5.081777e+00	54.6408	1	0
24	2	50.9552	1	0.8013	-0.015665	1.770303e+00	1.724708e+02	3.687198e+00	1.0092	1	1
24	0	51.9054	1	0.3515	0.000000	2.419815e+00	4.474906e+02	4.827814e+00	54.2537	1	0
25	2	52.6222	2	0.5846	0.013227	1.528306e+00	1.484002e+02	3.597804e+00	3.7052	1	1
25	0	53.3557	2	0.1678	0.000000	1.244243e+00	2.368197e+02	1.271918e+00	53.8619	1	0
26	2	54.0816	4	1.3007	-0.056091	1.917623e+01	2.029857e+03	3.190477e+01	62.9940	0	1
26	0	55.5227	4	0.4510	0.000000	1.359571e+01	2.497478e+03	2.183844e+01	52.8019	1	0
27	2	56.1560	1	0.5846	0.005249	7.731577e+00	8.520080e+02	1.178576e+01	33.0226	1	1
27	0	56.8808	1	0.3510	0.000000	1.648535e+00	2.947991e+02	2.034795e+00	55.3344	1	0
28	2	57.5973	3	0.9007	0.089942	1.333755e+01	1.314786e+03	2.503786e+01	59.3068	1	1
28	0	58.6301	3	0.3177	0.000000	3.920008e+00	7.294973e+02	6.346642e+00	52.3840	1	0
29	2	59.3565	4	1.0513	-0.170735	6.247896e+00	8.798297e+02	1.629577e+01	100.0000	0	1
29	0	60.5461	4	0.5179	0.000000	2.303870e+01	4.217615e+03	4.029954e+01	88.0475	1	0
30	2	61.2126	2	0.5176	0.015830	7.622638e-01	7.433597e+01	1.526228e+00	100.0000	1	1
30	0	61.9290	2	0.3344	0.000000	2.927499e+00	6.315744e+02	5.081247e+00	63.0221	1	0
31	2	62.6571	3	0.6679	-0.015788	1.917282e+00	1.870398e+02	7.008104e+00	3.7078	1	1
31	0	63.4785	3	0.2843	0.000000	1.853658e+00	3.539255e+02	3.196652e+00	100.0000	1	0
32	2	64.1950	1	0.4011	0.087856	8.178477e+00	8.910842e+02	1.020511e+01	54.5378	1	1
32	0	64.9114	1	0.3010	0.000000	5.047709e+00	9.765464e+02	5.705212e+00	90.5514	1	0
33	2	65.6278	2	0.9341	-0.090180	1.173628e+01	1.944339e+03	2.602714e+01	45.3658	1	1
33	0	66.6940	2	0.3017	0.000000	4.918593e+00	9.994064e+02	6.095778e+00	52.6258	1	0
34	2	67.4104	4	0.6512	0.018419	9.355798e+00	9.747000e+02	1.274583e+01	71.5125	1	1
34	0	68.1937	4	0.3180	0.000000	7.495558e+00	1.466227e+03	1.975762e+01	98.6620	1	0
35	2	68.9100	1	0.8844	-0.058599	4.348875e+00	4.911709e+02	5.640843e+00	10.8012	1	1
35	0	69.9429	1	0.2677	0.000000	3.995087e+00	7.310238e+02	5.081419e+00	54.2908	1	0
36	2	70.6595	3	0.7841	-0.045182	5.233445e+00	5.272139e+02	6.630011e+00	4.5424	1	1
36	0	71.5925	3	0.3178	0.000000	4.696704e+00	8.648323e+02	5.283958e+00	100.0000	1	0
37	2	72.3088	4	0.5842	0.183111	1.360078e+01	1.434595e+03	2.013487e+01	98.0229	1	1
37	0	73.0253	4	0.3844	0.000000	1.139204e+01	2.116823e+03	1.383764e+01	58.1946	1	0
38	2	73.7421	2	0.5679	0.038443	5.180681e+00	6.725016e+02	1.521154e+01	9.9615	1	1
38	0	74.4588	2	0.2507	0.000000	3.956223e+00	8.556431e+02	5.312669e+00	84.9998	1	0
39	2	75.1922	3	0.7515	-0.063407	3.788706e+00	4.132592e+02	6.344882e+00	96.0110	1	1
39	0	76.0924	3	0.2678	0.000000	5.651529e+00	1.041722e+03	6.094206e+00	53.8638	1	0
40	2	76.8093	1	0.6845	0.036254	3.896154e+00	4.633818e+02	4.627779e+00	30.3892	1	1
40	0	77.6427	1	0.3016	0.000000	1.455211e+00	2.779222e+02	2.917838e+00	100.0000	1	0
41	2	78.3595	2	0.6345	0.038841	1.343065e+00	1.317890e+02	3.813169e+00	100.0000	1	1
41	0	79.1430	2	0.2677	0.000000	4.469958e+00	9.602644e+02	5.327396e+00	71.6704	1	0
42	2	79.8597	4	0.7349	0.121735	1.760592e+01	1.698018e+03	2.740736e+01	91.3321	1	1
42	0	80.7432	4	0.3011	0.000000	4.952238e+00	9.379257e+02	8.772264e+00	89.5035	1	0
43	2	81.4600	1	0.6511	0.015543	3.145426e+00	3.485872e+02	7.141480e+00	8.8299	1	1
43	0	82.2433	1	0.2678	0.000000	1.392988e+00	2.520449e+02	3.505623e+00	100.0000	1	0
44	2	82.9602	3	0.8179	0.018664	2.483759e+00	2.439995e+02	6.649059e+00	1.7547	1	1
44	0	83.9104	3	0.2179	0.000000	1.809916e+00	3.529996e+02	2.797408e+00	52.9660	1	0
45	2	84.6271	4	1.2347	0.072067	1.474858e+01	1.472897e+03	2.981341e+01	79.3477	1	1
45	0	85.9939	4	0.3012	0.000000	6.699622e+00	1.269315e+03	7.091416e+00	65.3209	1	0
46	2	86.7107	2	0.5345	0.018714	2.150138e+00	2.053829e+02	3.474001e+00	8.4102	1	1
46	0	87.4371	2	0.2513	0.000000	1.864987e+00	3.398741e+02	2.034801e+00	54.7165	1	0
47	2	88.1536	3	0.7013	-0.005333	2.108368e+00	2.218274e+02	8.280603e+00	4.2542	1	1
47	0	89.0110	3	0.2345	0.000000	1.878106e+00	3.566307e+02	4.567047e+00	77.2562	1	0
48	2	89.7279	1	0.6178	0.018086	3.293542e+00	4.101490e+02	4.969457e+00	39.1102	1	1
48	0	90.4946	1	0.2346	0.000000	9.574305e-01	1.759431e+02	3.494359e+00	100.0000	1	0
49	2	91.2191	2	0.5514	-0.018086	1.496084e+00	1.575045e+02	1.780531e+00	100.0000	1	1
49	0	91.9356	2	0.1510	0.000000	1.262391e+00	2.448482e+02	2.034569e+00	66.2490	1	0
50	2	92.6520	4	0.6675	0.015914	1.209495e+01	1.214980e+03	1.546265e+01	60.9755	1	1
50	0	93.4518	4	0.3345	0.000000	3.833075e+00	6.924143e+02	5.839166e+00	57.9496	1	0
51	2	94.1683	1	0.8840	-0.031403	2.793320e+00	3.432505e+02	4.826979e+00	21.1472	1	1
51	0	95.1845	1	0.2345	0.000000	2.689914e+00	4.869450e+02	3.559304e+00	54.7827	1	0
52	2	95.9009	3	0.8674	-0.018714	3.122418e+00	3.093375e+02	4.572206e+00	4.2331	1	1
52	0	96.9006	3	0.3677	0.000000	5.613294e+00	9.939360e+02	1.514446e+01	79.8004	1	0
53	2	97.6170	4	1.6173	-0.042415	1.293589e+01	1.447197e+03	2.303037e+01	68.1214	1	1
53	0	99.3831	4	0.4176	0.000000	3.831725e+00	7.096523e+02	6.178268e+00	100.0000	1	0
54	2	100.0995	2	0.6015	-0.073745	8.059506e+00	7.749758e+02	1.188597e+01	39.1012	1	1
54	0	100.8493	2	0.3012	0.000000	7.095217e+00	1.454196e+03	7.360083e+00	51.9017	1	0
55	2	101.5657	3	0.9007	-0.117109	9.325475e+00	9.722787e+02	1.203204e+01	75.9639	1	1
55	0	102.5986	3	0.5510	0.000000	1.761997e+01	3.175872e+03	5.279784e+01	76.6486	1	0
56	2	103.3151	1	0.6843	-0.031078	2.116085e+00	2.405857e+02	3.051363e+00	100.0000	1	1
56	0	104.1481	1	0.2343	0.000000	3.625870e+00	6.700329e+02	5.840912e+00	54.5424	1	0
57	2	104.8645	2	0.7675	0.132040	1.346654e+01	1.310326e+03	1.695367e+01	86.3121	1	1
57	0	105.7643	2	0.2517	0.000000	6.991158e+00	1.374175e+03	8.116921e+00	53.6836	1	0
58	2	106.4806	4	1.5846	0.005333	1.445768e+01	1.607794e+03	2.532531e+01	70.6320	1	1
58	0	108.1974	4	0.4845	0.000000	5.745578e+00	1.056063e+03	1.037507e+01	54.9539	1	0
59	2	108.9142	1	0.5517	0.002584	2.018856e+00	2.133809e+02	3.298256e+00	49.0980	1	1
59	0	109.6310	1	0.3344	0.000000	1.394555e+00	2.661840e+02	4.821474e+00	100.0000	1	0
60	2	110.3477	3	0.7846	0.066746	6.040647e+00	5.740488e+02	7.601492e+00	89.1562	1	1
60	0	111.2812	3	0.3510	0.000000	2.975187e+00	5.517808e+02	4.067181e+00	54.6883	1	0
61	2	111.9980	4	1.5679	0.024060	2.209710e+01	2.296675e+03	3.455290e+01	68.1099	1	1
61	0	113.6982	4	0.5179	0.000000	9.753704e+00	1.894283e+03	2.611674e+01	81.2193	1	0
62	2	114.4150	2	0.5678	-0.008021	1.619321e+00	1.540682e+02	5.973056e+00	8.6592	1	1
62	0	115.1318	2	0.3345	0.000000	1.326394e+00	2.868085e+02	1.780617e+00	54.2351	1	0
63	2	115.8608	3	0.7891	-0.034745	5.089151e+00	4.839275e+02	1.855577e+01	0.8019	1	1
63	0	116.7987	3	0.3845	0.000000	4.666101e+00	8.863046e+02	6.598724e+00	58.1829	1	0
64	2	117.5155	1	0.4012	-0.002653	2.167893e+00	2.686746e+02	4.251733e+00	17.7568	1	1
64	0	118.2322	1	0.3846	0.000000	6.026527e+00	1.114594e+03	1.617536e+01	88.8508	1	0
65	1	131.5222	3	0.9512	0.042755	7.478873e+00	7.109403e+02	1.454701e+01	3.8906	1	1
65	0	132.6052	3	0.4511	0.000000	3.637645e+00	6.842843e+02	4.574154e+00	51.4815	1	0
66	1	133.3216	2	1.0841	0.116957	1.342664e+01	1.306396e+03	2.458861e+01	83.8627	1	1
66	0	134.5380	2	0.3176	0.000000	1.221231e+01	2.470820e+03	1.338116e+01	53.4095	1	0
67	1	135.2544	4	0.8008	-0.122057	1.514567e+01	1.445144e+03	2.257884e+01	87.4401	1	1
67	0	136.1874	4	0.3343	0.000000	4.369892e+00	7.879593e+02	9.594205e+00	89.2474	1	0
68	1	136.9037	1	0.4011	-0.124355	5.107638e+00	5.246135e+02	1.211705e+01	100.0000	1	1
68	0	137.6202	1	0.3510	0.000000	5.608501e+00	1.024968e+03	7.609147e+00	53.5721	1	0
69	1	138.3368	2	1.0172	-0.013333	2.061454e+01	2.211906e+03	4.545988e+01	74.6530	1	1
69	0	139.4863	2	0.2177	0.000000	1.271426e+00	2.630258e+02	1.271931e+00	53.2444	1	0
70	1	140.2027	4	1.7009	-0.143017	1.586779e+01	2.051519e+03	2.144609e+01	85.0933	1	1
70	0	142.0359	4	0.4346	0.000000	1.344129e+01	2.503081e+03	2.675008e+01	59.8017	1	0
71	1	142.7527	1	0.3845	-0.013333	9.366935e-01	9.746798e+01	1.448088e+00	8.7889	1	1
71	0	143.4694	1	0.1678	0.000000	1.381133e+00	2.547261e+02	1.526229e+00	52.4100	1	0
72	1	144.3529	3	1.2681	0.210728	5.452028e+00	6.058372e+02	1.990204e+01	100.0000	0	1
72	0	145.7531	3	0.4845	0.000000	2.649146e+01	5.007654e+03	5.480618e+01	86.8611	1	0
73	1	146.3866	1	0.6845	-0.018133	1.291962e+00	1.546039e+02	2.436740e+00	18.5630	1	1
73	0	147.2034	1	0.2512	0.000000	2.155462e+00	4.083499e+02	5.276771e+00	100.0000	1	0
74	1	147.9201	3	0.9679	-0.110657	7.092964e+00	7.110622e+02	1.984476e+01	65.7374	1	1
74	0	149.0203	3	0.4178	0.000000	8.680340e+00	1.663920e+03	1.187485e+01	52.5905	1	0
75	1	149.7372	2	0.8845	0.005291	1.865889e+00	1.794387e+02	4.529413e+00	31.6661	1	1
75	0	150.7538	2	0.1845	0.000000	7.527640e-01	1.410469e+02	2.017372e+00	100.0000	1	0
76	1	151.4707	4	0.5511	-0.039662	3.507877e+00	3.405922e+02	9.334580e+00	75.0887	1	1
76	0	152.1988	4	0.3187	0.000000	3.767558e+00	7.098318e+02	3.813139e+00	51.8116	1	0
77	1	152.9151	3	0.8176	-0.119224	6.918580e+00	6.877062e+02	1.691696e+01	82.0064	1	1
77	0	153.8877	3	0.3845	0.000000	7.048797e+00	1.518748e+03	1.038187e+01	49.7120	1	0
78	1	154.6044	2	0.4679	0.337940	1.772643e+01	1.646576e+03	3.264190e+01	100.0000	0	1
78	0	155.3213	2	0.3011	0.000000	1.614503e+01	2.903010e+03	2.252989e+01	53.0113	1	0
79	1	155.9547	1	0.5011	-0.042080	2.077370e+00	2.201739e+02	4.066847e+00	100.0000	1	1
79	0	156.6805	1	0.2677	0.000000	4.362461e+00	8.145695e+02	6.825826e+00	72.6198	1	0
80	1	157.3970	4	1.1506	-0.010582	5.596232e+00	5.711047e+02	9.673327e+00	45.7700	1	1
80	0	158.6800	4	0.2675	0.000000	3.536666e-01	6.748729e+01	5.087995e-01	51.8617	1	0
81	2	171.9587	2	0.8175	-0.237535	1.614912e+01	1.523607e+03	2.274790e+01	100.0000	0	1
81	0	172.9250	2	0.5676	0.000000	1.885391e+01	4.324299e+03	3.035080e+01	95.6678	1	0
82	2	173.6248	4	0.6176	-0.113867	1.713058e+01	1.927379e+03	2.703565e+01	95.1965	1	1
82	0	174.3745	4	0.6178	0.000000	3.979829e+00	7.092986e+02	7.811239e+00	95.7868	1	0
83	2	175.1410	1	0.8014	-0.021273	1.276910e+00	1.279464e+02	2.490557e+00	16.4878	1	1
83	0	176.0911	1	0.2844	0.000000	2.125994e+00	4.027617e+02	4.940061e+00	100.0000	1	0
84	2	176.8079	3	1.1846	0.018371	7.069051e+00	7.533075e+02	2.457842e+01	45.1725	1	1
84	0	178.1248	3	0.4012	0.000000	4.894220e+00	9.584222e+02	6.348624e+00	54.0257	1	0
85	2	178.8415	4	0.7513	0.039872	2.478940e+01	2.542397e+03	4.406471e+01	59.7897	1	1
85	0	179.7416	4	0.3014	0.000000	3.196247e+00	5.850585e+02	3.813242e+00	54.8692	1	0
86	2	180.4585	2	0.4512	-0.042415	3.766484e+00	3.609185e+02	9.103732e+00	21.9242	1	1
86	0	181.1752	2	0.3512	0.000000	5.209085e+00	1.148211e+03	8.957536e+00	88.8902	1	0
87	2	181.8919	3	0.8850	-0.002674	7.209481e+00	7.768981e+02	3.129055e+01	10.9978	1	1
87	0	182.9255	3	0.5346	0.000000	7.081214e+00	1.312859e+03	2.323659e+01	87.0191	1	0
88	2	183.6423	1	0.6012	-0.042303	1.832764e+00	1.870190e+02	4.066809e+00	100.0000	1	1
88	0	184.3758	1	0.3012	0.000000	6.028226e+00	1.089402e+03	8.366010e+00	55.2716	1	0
89	2	185.0925	2	0.8512	-0.034469	1.767994e+00	1.704466e+02	3.705655e+00	16.2058	1	1
89	0	186.0760	2	0.3511	0.000000	3.032429e+00	6.381798e+02	3.559731e+00	55.2257	1	0
90	2	186.7928	4	0.7346	0.042528	1.693278e+01	1.749192e+03	3.290733e+01	80.9115	1	1
90	0	187.6763	4	0.3344	0.000000	3.811910e+00	6.906714e+02	4.067029e+00	54.7133	1	0
91	2	188.3929	1	0.6845	-0.005181	3.679346e+00	4.253230e+02	7.615190e+00	15.4907	1	1
91	0	189.2265	1	0.2845	0.000000	2.518771e+00	4.698506e+02	6.263884e+00	100.0000	1	0
92	2	189.9526	3	0.6510	-0.032075	3.786180e+00	3.600575e+02	1.097467e+01	13.3626	1	1
92	0	190.7434	3	0.4344	0.000000	5.084040e+00	9.394390e+02	1.673553e+01	81.2517	1	0
93	2	191.4602	4	1.2681	-0.047458	4.122878e+00	5.982713e+02	8.828579e+00	50.0717	1	1
93	0	192.8850	4	0.8678	0.000000	7.158522e+00	1.343725e+03	9.621521e+00	52.4972	1	0
94	2	193.9013	2	0.7008	-0.119934	9.991544e+00	9.892869e+02	1.210823e+01	94.0139	1	1
94	0	194.7344	2	0.3176	0.000000	9.435045e+00	1.827444e+03	1.212970e+01	55.2352	1	0
95	2	195.4608	3	0.9013	-0.032075	4.658668e+00	4.968781e+02	8.838628e+00	78.7907	1	1
95	0	196.5172	3	0.3178	0.000000	1.028129e+00	1.873991e+02	2.957948e+00	100.0000	1	0
96	2	197.2335	1	0.4011	-0.085727	3.451911e+00	4.237583e+02	8.364473e+00	100.0000	1	1
96	0	197.9499	1	0.3344	0.000000	7.350733e+00	1.337783e+03	9.120520e+00	54.8477	1	0
97	2	198.6663	2	0.7010	-0.076975	7.346167e+00	7.147240e+02	1.336816e+01	5.5827	1	1
97	0	199.5160	2	0.3514	0.000000	7.938572e+00	1.614835e+03	9.870680e+00	61.6475	1	0
98	2	200.2326	4	0.6008	-0.066392	4.443966e+00	5.081863e+02	6.593416e+00	88.6081	1	1
98	0	200.9655	4	0.3846	0.000000	8.751889e+00	1.541603e+03	1.660279e+01	82.0898	1	0
99	2	201.6821	1	0.3842	-0.007672	2.641282e+00	2.657793e+02	3.733633e+00	18.7120	1	1
99	0	202.3985	1	0.0848	0.000000	1.677258e+00	3.037537e+02	3.010147e+00	100.0000	1	0
100	2	203.1316	3	0.8345	0.026732	1.147793e+00	1.098279e+02	4.526390e+00	3.4403	1	1
100	0	204.1147	3	0.3178	0.000000	7.225309e+00	1.455725e+03	1.828749e+01	69.9973	1	0
101	2	204.8310	4	0.7342	-0.045062	1.207207e+01	1.225677e+03	2.055288e+01	76.7233	1	1
101	0	205.7140	4	0.3842	0.000000	6.322449e+00	1.180069e+03	9.371052e+00	53.0568	1	0
102	2	206.4305	2	0.6342	0.108942	9.504352e+00	9.265859e+02	1.086659e+01	96.5579	1	1
102	0	207.1968	2	0.3344	0.000000	7.977851e+00	1.705676e+03	9.884339e+00	53.1068	1	0
103	2	207.9133	3	0.9341	-0.151856	1.164241e+01	1.252342e+03	1.938113e+01	93.3993	1	1
103	0	208.9963	3	0.3179	0.000000	5.290170e-01	1.004203e+02	1.014615e+00	100.0000	1	0
104	2	209.7130	1	0.6845	-0.015543	5.951014e-01	6.072292e+01	1.526234e+00	100.0000	1	1
104	0	210.5297	1	0.2178	0.000000	1.866820e+00	3.413915e+02	3.305327e+00	55.6637	1	0
105	2	211.2464	2	0.9346	0.007979	4.936138e+00	4.810959e+02	1.079931e+01	3.0219	1	1
105	0	212.3134	2	0.1510	0.000000	4.990154e-01	9.280492e+01	5.087996e-01	53.4856	1	0
106	2	213.0302	4	0.7511	0.071496	3.665224e+00	3.536205e+02	6.851336e+00	100.0000	1	1
106	0	213.9135	4	0.4179	0.000000	5.616912e+00	1.016208e+03	6.852142e+00	54.1458	1	0
107	2	214.6303	1	0.6846	-0.023618	1.505246e+00	1.562001e+02	2.288990e+00	100.0000	1	1
107	0	215.4638	1	0.2011	0.000000	2.084493e+00	3.743080e+02	3.005020e+00	100.0000	1	0
108	2	216.1806	3	0.7511	-0.175715	7.411564e+00	7.447944e+02	1.703303e+01	100.0000	0	1
108	0	217.0640	3	0.4178	0.000000	1.144849e+01	2.202114e+03	1.899482e+01	51.9745	1	0
109	2	217.6976	4	0.7679	-0.037217	5.174667e+00	5.045889e+02	7.270420e+00	3.2566	1	1
109	0	218.5976	4	0.3179	0.000000	6.182784e+00	1.137616e+03	1.567130e+01	81.9683	1	0
110	2	219.3144	2	0.6517	0.052861	3.813197e+00	3.700565e+02	5.333693e+00	96.8351	1	1
110	0	220.1145	2	0.1678	0.000000	4.719591e+00	8.671235e+02	5.330171e+00	65.1746	1	0
111	2	220.8313	3	0.8344	-0.045423	3.953612e+00	3.842488e+02	4.826430e+00	92.8976	1	1
111	0	221.7981	3	0.3344	0.000000	4.081443e+00	7.503323e+02	4.574362e+00	53.7734	1	0
112	2	222.5250	1	0.6176	0.002591	1.465624e+00	1.592285e+02	2.780612e+00	32.1816	1	1
112	0	223.2817	1	0.3344	0.000000	1.885126e+00	3.680336e+02	5.074946e+00	66.2902	1	0
113	2	223.9985	2	1.1012	0.039662	4.390941e+00	4.226180e+02	6.460886e+00	3.1166	1	1
113	0	225.2319	2	0.1846	0.000000	3.649702e+00	7.655485e+02	3.813650e+00	51.2713	1	0
114	2	225.9571	4	0.8014	0.024060	4.283692e+00	4.116727e+02	5.074058e+00	72.0347	1	1
114	0	226.9068	4	0.1843	0.000000	3.717455e+00	6.714113e+02	5.612001e+00	100.0000	1	0
115	2	227.6323	1	0.7513	-0.041860	3.882663e+00	4.044211e+02	8.601887e+00	84.5020	1	1
115	0	228.5229	1	0.2346	0.000000	2.671068e+00	4.776775e+02	3.305357e+00	55.8855	1	0
116	2	229.2394	3	0.7510	-0.005291	2.648175e+00	2.640369e+02	8.136928e+00	2.7908	1	1
116	0	230.1391	3	0.2846	0.000000	3.029606e+00	5.747448e+02	5.841526e+00	54.2144	1	0
117	2	230.8555	4	0.5847	0.209100	8.568419e+00	8.806927e+02	1.990894e+01	100.0000	0	1
117	0	231.5886	4	0.4844	0.000000	1.347665e+01	2.561029e+03	1.968138e+01	50.0794	1	0
118	2	232.2330	2	0.7179	-0.002597	2.759533e-01	2.757626e+01	5.087983e-01	93.1253	1	1
118	0	233.0880	2	0.1348	0.000000	4.080315e-01	7.992915e+01	5.088006e-01	54.9347	1	0
119	2	233.8044	3	0.9181	-0.032075	1.900559e+00	1.864011e+02	3.051267e+00	100.0000	1	1
119	0	234.8708	3	0.1677	0.000000	2.496583e+00	4.496390e+02	2.797275e+00	53.9371	1	0
120	2	235.5874	1	0.6845	0.041970	4.036575e+00	5.220286e+02	4.818731e+00	35.7141	1	1
120	0	236.4203	1	0.2847	0.000000	2.551606e+00	4.926057e+02	3.813284e+00	51.8822	1	0
121	2	237.1368	2	0.9674	0.192262	9.306720e+00	9.470289e+02	1.864959e+01	92.1605	0	1
121	0	238.2364	2	0.3677	0.000000	1.740805e+01	3.161348e+03	2.992715e+01	61.2083	1	0
122	2	238.8695	4	0.7347	-0.058756	4.583520e+00	5.613962e+02	5.587211e+00	100.0000	1	1
122	0	240.8022	4	0.4508	0.000000	4.323316e+00	8.155245e+02	4.828349e+00	54.5846	1	0
123	2	241.5186	1	0.4343	0.018133	2.008777e+00	2.090263e+02	2.903929e+00	14.2488	1	1
123	0	242.2351	1	0.0846	0.000000	8.128077e-01	1.440113e+02	3.593731e+00	100.0000	1	0
124	2	242.9516	3	0.8511	-0.053001	3.581837e+00	3.627176e+02	5.080918e+00	100.0000	1	1
124	0	243.9350	3	0.3678	0.000000	4.900178e+00	9.461352e+02	6.852731e+00	52.4845	1	0
125	2	244.6517	4	0.7512	-0.091846	4.609611e+00	4.619661e+02	1.269732e+01	4.7039	1	1
125	0	245.5350	4	0.4346	0.000000	1.094305e+01	1.982615e+03	2.318374e+01	72.6118	1	0
126	2	246.2519	2	0.6678	0.042641	3.933045e+00	3.785948e+02	4.319489e+00	90.9925	1	1
126	0	247.0520	2	0.2844	0.000000	3.695327e+00	7.063630e+02	4.315638e+00	71.0584	1	0
127	2	247.7688	3	0.8012	-0.125013	8.573562e+00	8.104476e+02	1.231385e+01	82.8105	1	1
127	0	248.7023	3	0.4345	0.000000	8.078442e+00	1.531831e+03	1.632105e+01	54.3458	1	0
128	2	249.4190	1	0.6680	-0.010389	3.186884e-01	3.121853e+01	1.017558e+00	100.0000	1	1
128	0	250.2191	1	0.2512	0.000000	1.833797e+00	3.448597e+02	3.304646e+00	61.7135	1	0
129	1	263.4712	2	0.8178	0.039767	7.444726e+00	7.138427e+02	1.074655e+01	58.9591	1	1
129	0	264.4442	2	0.2011	0.000000	2.309888e+00	4.153289e+02	3.304935e+00	60.8380	1	0
130	1	265.1607	3	0.8345	-0.069223	7.904324e+00	7.683364e+02	9.399194e+00	2.0881	1	1
130	0	266.1437	3	0.6678	0.000000	6.497155e+00	1.355396e+03	6.599906e+00	61.3037	1	0
131	1	266.9601	1	0.4009	0.015305	5.528194e+00	5.632228e+02	6.786727e+00	44.8096	1	1
131	0	267.6764	1	0.0847	0.000000	1.134255e+00	2.016982e+02	5.376152e+00	100.0000	1	0
132	1	268.3929	4	1.4842	-0.087542	1.195543e+01	1.420357e+03	3.676814e+01	80.3250	1	1
132	0	270.0257	4	0.4012	0.000000	6.947696e+00	1.262814e+03	8.365862e+00	54.8139	1	0
133	1	270.7422	3	0.7011	0.078784	3.272012e+00	3.224961e+02	8.101483e+00	85.4449	1	1
133	0	271.5918	3	0.3680	0.000000	6.793852e+00	1.254932e+03	7.610612e+00	55.1142	1	0
134	1	272.3083	4	0.6676	0.163872	7.586434e+00	7.821865e+02	4.444804e+01	4.7859	1	1
134	0	273.1246	4	0.4675	0.000000	7.389209e+00	1.409080e+03	1.062876e+01	54.1447	1	0
135	1	273.8410	1	0.6675	0.021161	4.999061e+00	4.809413e+02	6.166501e+00	25.4482	1	1
135	0	274.6574	1	0.2345	0.000000	1.111267e+00	1.991429e+02	2.024042e+00	100.0000	1	0
136	1	275.3738	2	0.6847	0.057528	4.984040e+00	4.835577e+02	5.835234e+00	81.0635	1	1
136	0	276.2069	2	0.2510	0.000000	2.503485e+00	5.353193e+02	4.321864e+00	54.3339	1	0
137	1	276.9234	1	0.6180	0.038740	4.479854e+00	4.479033e+02	5.038334e+00	37.3552	1	1
137	0	277.6901	1	0.1677	0.000000	4.103034e+00	7.865705e+02	4.810710e+00	100.0000	1	0
138	1	278.4070	3	0.7844	0.079619	1.024278e+01	1.033500e+03	1.681951e+01	61.3046	1	1
138	0	279.3403	3	0.3511	0.000000	1.032185e+00	1.896731e+02	4.699649e+00	99.8580	1	0
139	1	280.0571	4	0.7513	0.094455	1.051312e+01	1.152879e+03	2.026215e+01	8.8120	1	1
139	0	280.9573	4	0.3343	0.000000	9.489580e+00	1.750962e+03	1.037307e+01	53.3388	1	0
140	1	281.6740	2	0.5846	0.007812	8.487186e-01	8.290947e+01	1.017536e+00	84.8920	1	1
140	0	282.4074	2	0.2011	0.000000	7.512678e-01	1.515692e+02	1.017370e+00	86.6318	1	0
141	1	283.1241	3	0.7847	0.016041	4.223202e+00	4.062392e+02	5.326497e+00	72.5577	1	1
141	0	284.0577	3	0.2678	0.000000	4.613621e-01	9.201169e+01	8.835351e-01	100.0000	1	0
142	1	284.7746	1	0.6510	0.028343	3.225281e+00	4.167866e+02	4.650289e+00	36.3355	1	1
142	0	285.5579	1	0.2679	0.000000	1.755915e+00	3.245977e+02	2.265880e+00	100.0000	1	0
143	1	286.2747	2	1.2346	-0.022897	2.143422e+00	2.689318e+02	2.289028e+00	100.0000	1	1
143	0	287.6416	2	0.1515	0.000000	2.214451e+00	4.469000e+02	2.289129e+00	54.3201	1	0
144	1	288.3583	4	1.3180	0.068136	1.119789e+01	1.219025e+03	1.703331e+01	68.5132	1	1
144	0	289.8086	4	0.3512	0.000000	3.038657e+00	5.636112e+02	9.509259e+00	90.8632	1	0
145	2	303.0606	2	0.4886	0.037861	2.917029e+00	2.951492e+02	3.813312e+00	100.0000	1	1
145	0	303.6976	2	0.3012	0.000000	3.769226e+00	7.992730e+02	3.813851e+00	52.9971	1	0
146	2	304.4142	4	0.7173	0.243720	5.351576e+00	5.071411e+02	2.316995e+01	98.2831	1	1
146	0	305.2638	4	0.3846	0.000000	1.109501e+01	2.104310e+03	1.283587e+01	60.0433	1	0
147	2	305.9797	1	0.6176	0.034108	4.172539e+00	4.772722e+02	5.081714e+00	15.5327	1	1
147	0	306.7460	1	0.2680	0.000000	2.524961e+00	4.540351e+02	3.017338e+00	100.0000	1	0
148	2	307.4626	3	0.6184	0.002674	1.823428e+00	1.878640e+02	4.149115e+00	8.8343	1	1
148	0	308.2296	3	0.3345	0.000000	3.538083e-01	6.067587e+01	3.258651e+00	100.0000	1	0
149	2	308.9454	4	0.7011	-0.039979	1.307892e+01	1.317901e+03	1.777922e+01	6.4072	1	1
149	0	309.7951	4	0.2680	0.000000	2.156332e+00	3.912945e+02	2.288996e+00	53.6801	1	0
150	2	310.5115	2	0.8848	-0.026660	2.685430e+00	2.565590e+02	3.810464e+00	73.8315	1	1
150	0	311.5286	2	0.3345	0.000000	4.175363e+00	7.894490e+02	6.093008e+00	56.3057	1	0
151	2	312.2453	3	0.8180	0.120466	8.943090e+00	9.598025e+02	1.295114e+01	52.2429	1	1
151	0	313.2122	3	0.3677	0.000000	5.372940e+00	9.969118e+02	8.617517e+00	53.6848	1	0
152	2	313.9289	1	0.7680	0.026036	3.214767e+00	3.971566e+02	3.715366e+00	33.7829	1	1
152	0	314.8457	1	0.3011	0.000000	1.684442e+00	3.073927e+02	3.496164e+00	100.0000	1	0
153	2	315.5626	2	0.6845	-0.008021	1.432766e+00	1.363187e+02	8.919528e+00	4.5672	1	1
153	0	316.3795	2	0.2843	0.000000	7.421079e-01	1.325446e+02	1.017558e+00	55.1233	1	0
154	2	317.0960	4	0.5684	-0.018516	6.486698e+00	7.303796e+02	1.183157e+01	86.5990	1	1
154	0	317.8128	4	0.3513	0.000000	6.441415e+00	1.161754e+03	1.303586e+01	66.7567	1	0
155	2	318.5462	1	0.8180	-0.026589	1.591254e+00	1.824404e+02	2.796592e+00	83.7871	1	1
155	0	319.5131	1	0.3512	0.000000	2.205713e+00	4.001054e+02	2.543200e+00	54.8191	1	0
156	2	320.2300	3	0.6177	-0.016041	4.627905e+00	4.896580e+02	7.291337e+00	32.3672	1	1
156	0	320.9800	3	0.4178	0.000000	1.441780e+00	2.738842e+02	2.288863e+00	60.2724	1	0
157	2	321.6968	4	1.3517	-0.282872	1.325587e+01	1.367752e+03	2.662789e+01	100.0000	0	1
157	0	323.1969	4	0.6680	0.000000	2.856033e+01	5.197858e+03	3.444861e+01	52.3156	1	0
158	2	324.0139	2	0.5345	-0.154835	6.776428e+00	6.438553e+02	1.502086e+01	87.4771	1	1
158	0	324.7306	2	0.3512	0.000000	9.695115e+00	1.775207e+03	1.460115e+01	54.7200	1	0
159	2	325.4570	3	0.7677	-0.061257	2.352469e+00	2.379607e+02	9.283623e+00	4.7008	1	1
159	0	326.3808	3	0.3347	0.000000	5.453117e+00	9.832741e+02	5.840695e+00	53.7985	1	0
160	2	327.6477	1	0.6346	0.021105	3.714674e+00	3.580846e+02	5.093900e+00	2.9868	1	1
160	0	328.4227	1	0.2844	0.000000	1.289528e+00	2.325729e+02	1.526230e+00	53.7360	1	0
161	2	329.1391	2	0.9674	-0.010554	1.846210e+01	1.805627e+03	2.741903e+01	76.1964	1	1
161	0	330.2388	2	0.2844	0.000000	1.484012e+00	2.771855e+02	2.034812e+00	55.4375	1	0
162	2	330.9648	4	0.9679	-0.108328	3.846488e+00	4.252802e+02	1.036939e+01	100.0000	0	1
162	0	332.0715	4	0.5009	0.000000	1.416911e+01	2.656491e+03	1.919104e+01	72.0927	1	0
163	2	332.7212	1	0.8008	0.120781	1.103901e+01	1.305147e+03	1.316823e+01	20.1135	1	1
163	0	333.6543	1	0.4177	0.000000	6.758037e+00	1.235653e+03	7.861826e+00	54.2329	1	0
164	2	334.3708	3	0.7174	0.128911	8.028197e+00	7.658013e+02	1.305557e+01	83.7228	1	1
164	0	335.2204	3	0.6342	0.000000	5.998035e+00	1.155297e+03	8.870049e+00	52.4984	1	0
165	2	335.9868	4	0.6679	-0.058756	5.331779e+00	5.361113e+02	5.587211e+00	100.0000	1	1
165	0	336.8032	4	0.5846	0.000000	1.107969e+01	2.114676e+03	2.639704e+01	73.1123	1	0
166	2	337.5197	2	0.6009	-0.065523	5.211899e+00	5.040928e+02	6.346430e+00	100.0000	1	1
166	0	338.2694	2	0.3348	0.000000	4.751243e+00	9.816018e+02	6.349649e+00	53.6004	1	0
167	2	338.9858	3	0.8508	0.005305	3.859016e+00	3.702043e+02	1.521146e+01	1.3214	1	1
167	0	339.9688	3	0.8342	0.000000	8.857874e-01	1.635962e+02	4.013919e+00	97.0182	1	0
168	2	340.9351	1	0.7342	-0.116491	8.085501e+00	9.891608e+02	1.316868e+01	71.2868	1	1
168	0	341.8015	1	0.3846	0.000000	5.518665e+00	9.743094e+02	6.599527e+00	55.4963	1	0
169	2	342.5180	2	0.8507	0.055942	7.658592e+00	7.466243e+02	9.313842e+00	67.6214	1	1
169	0	343.5010	2	0.3342	0.000000	2.420372e+00	4.510643e+02	4.067115e+00	53.8882	1	0
170	2	344.2174	4	1.1846	-0.042415	1.497850e+01	1.567397e+03	2.148798e+01	70.1026	1	1
170	0	345.5503	4	0.5849	0.000000	1.049709e+01	1.906619e+03	1.973153e+01	72.6902	1	0
171	2	346.2839	1	0.7179	0.034287	4.536136e+00	4.653579e+02	6.199116e+00	32.4158	1	1
171	0	347.1507	1	0.3512	0.000000	2.968975e+00	5.364679e+02	3.741942e+00	100.0000	1	0
172	2	347.8675	3	0.8178	0.042528	4.136737e+00	4.076239e+02	7.354765e+00	96.9522	1	1
172	0	348.8176	3	0.3677	0.000000	3.660905e+00	6.637745e+02	1.010519e+01	63.8407	1	0
173	2	349.5343	4	0.8178	0.063913	5.723714e+00	5.729058e+02	1.085952e+01	2.7123	1	1
173	0	350.4845	4	0.5511	0.000000	6.548621e+00	1.158425e+03	1.435526e+01	87.3689	1	0
174	2	351.2014	2	0.7513	0.008000	4.027991e+00	3.882744e+02	6.539374e+00	22.1390	1	1
174	0	352.0848	2	0.3512	0.000000	9.897655e-01	1.966641e+02	1.271789e+00	72.6015	1	0
175	2	352.8016	3	0.6511	-0.056091	4.369931e+00	4.278858e+02	5.959664e+00	7.2098	1	1
175	0	353.5850	3	0.6512	0.000000	5.350767e+00	9.892099e+02	8.614372e+00	58.2955	1	0
176	2	354.3685	1	0.6345	-0.005277	2.972638e-01	3.058445e+01	1.206740e+00	4.4081	1	1
176	0	355.1519	1	0.3677	0.000000	1.623549e+00	2.955939e+02	3.978516e+00	100.0000	1	0
177	2	355.8687	2	0.7179	0.039872	1.257955e+01	1.208937e+03	1.560514e+01	69.8782	1	1
177	0	356.7188	2	0.3344	0.000000	6.937019e-01	1.286632e+02	7.631869e-01	53.6296	1	0
178	2	357.4355	4	0.9680	-0.068856	1.924782e+01	2.206342e+03	3.318009e+01	36.4988	0	1
178	0	358.5358	4	0.4015	0.000000	3.184225e+01	5.855289e+03	3.611286e+01	51.2937	1	0
179	2	359.1791	1	0.5342	-0.015665	2.275109e+00	2.509325e+02	4.481334e+00	21.7197	1	1
179	0	359.8956	1	0.2848	0.000000	2.396541e+00	4.556346e+02	5.475695e+00	89.9562	1	0
180	2	360.6118	3	0.8844	0.026519	4.102699e+00	4.327916e+02	6.590551e+00	11.1138	1	1
180	0	361.6363	3	0.3679	0.000000	3.379494e+00	6.352364e+02	6.846683e+00	59.8329	1	0
181	2	362.3530	4	0.8346	-0.163423	7.761622e+00	7.859904e+02	1.788343e+01	86.5135	1	1
181	0	363.3276	4	0.3011	0.000000	8.090227e+00	1.471991e+03	1.520624e+01	77.4963	1	0
182	2	364.0441	2	0.6008	0.020250	5.053783e+00	5.182948e+02	6.073540e+00	59.5297	1	1
182	0	364.7939	2	0.3012	0.000000	7.866074e-01	1.785595e+02	1.005779e+00	100.0000	1	0
183	2	365.5201	3	0.7680	-0.010666	2.632958e+00	2.625413e+02	1.137322e+01	9.0970	1	1
183	0	366.4432	3	0.3510	0.000000	1.251610e+00	2.381375e+02	2.034482e+00	63.9309	1	0
184	2	367.1596	1	0.5680	-0.010610	2.240643e+00	2.302338e+02	5.088063e+00	6.6654	1	1
184	0	367.8762	1	0.4348	0.000000	1.335479e+00	2.392233e+02	2.797122e+00	59.5323	1	0
185	2	368.5925	2	0.8842	-0.031989	5.736759e+00	5.554089e+02	7.595678e+00	81.5356	1	1
185	0	369.6254	2	0.4846	0.000000	8.150622e+00	1.770497e+03	2.474667e+01	95.5574	1	0
186	2	370.3419	4	0.6843	0.068675	2.332784e+01	2.376730e+03	4.811763e+01	58.0647	1	1
186	0	371.1750	4	0.4675	0.000000	9.140723e+00	1.674242e+03	1.867482e+01	60.1350	1	0
187	2	371.8915	1	0.5675	0.085066	8.332214e+00	8.240664e+02	8.852291e+00	83.4137	1	1
187	0	372.6079	1	0.3343	0.000000	4.682174e+00	8.736560e+02	6.600199e+00	53.7388	1	0
188	2	373.3410	3	0.9010	-0.050759	9.443915e+00	9.411528e+02	1.097827e+01	59.9202	1	1
188	0	374.3739	3	0.3843	0.000000	3.758708e+00	7.043298e+02	4.573414e+00	53.7543	1	0
189	2	375.0904	4	0.7509	0.073939	2.301494e+01	2.411313e+03	3.444093e+01	67.4242	1	1
189	0	375.9900	4	0.4009	0.000000	5.609780e+00	1.022300e+03	6.091925e+00	57.8877	1	0
190	2	376.7064	2	0.5509	0.181965	1.455889e+01	1.385297e+03	1.748607e+01	96.6912	0	1
190	0	377.4229	2	0.3510	0.000000	1.095320e+01	2.087924e+03	1.558595e+01	52.6188	1	0
191	2	378.0560	3	1.0011	0.200479	6.873568e+00	6.445422e+02	1.894739e+01	100.0000	0	1
191	0	379.2056	3	0.4011	0.000000	1.282119e+01	2.213396e+03	2.180142e+01	54.1019	1	0
192	2	379.8391	1	0.7846	0.015914	2.427272e+00	2.343342e+02	3.035768e+00	30.2781	1	1
192	0	380.7725	1	0.2344	0.000000	1.168700e+00	2.103281e+02	3.747383e+00	100.0000	1	0
193	1	394.0245	2	0.7013	0.040085	3.459753e+00	3.323404e+02	4.540087e+00	12.9353	1	1
193	0	394.8746	2	0.3012	0.000000	2.687887e+00	4.825366e+02	3.813030e+00	53.3828	1	0
194	1	395.6002	1	0.7174	-0.044707	3.379480e+00	3.379965e+02	6.754051e+00	1.2506	1	1
194	0	396.4583	1	0.2510	0.000000	3.871403e+00	7.370250e+02	4.573036e+00	57.8259	1	0
195	1	397.1750	3	0.9180	0.034745	6.069016e+00	5.872316e+02	9.341761e+00	28.7091	1	1
195	0	398.2325	3	0.2843	0.000000	3.353882e+00	6.013765e+02	6.093209e+00	53.3136	1	0
196	1	398.9490	4	0.5680	-0.066568	8.693519e+00	8.801664e+02	9.144412e+00	6.4815	1	1
196	0	399.6656	4	0.2842	0.000000	5.964535e+00	1.104053e+03	9.093275e+00	66.1851	1	0
197	1	400.3818	1	0.4180	0.041535	4.636246e+00	4.599126e+02	5.661792e+00	2.8383	1	1
197	0	401.1090	1	0.2846	0.000000	2.807650e+00	5.153192e+02	3.813169e+00	53.4624	1	0
198	1	401.8257	2	0.5845	0.038443	3.914017e+00	3.887230e+02	4.251306e+00	23.0867	1	1
198	0	402.5478	2	0.2842	0.000000	1.453338e+00	3.167564e+02	2.797635e+00	54.1747	1	0
199	1	403.2642	4	0.6509	0.039872	9.058607e+00	9.585300e+02	1.052367e+01	66.2246	1	1
199	0	404.0472	4	0.3512	0.000000	1.263839e+01	2.281842e+03	1.435007e+01	54.6602	1	0
200	1	404.7638	3	0.6674	0.016041	9.176888e-01	8.799207e+01	2.306027e+00	4.2803	1	1
200	0	405.5634	3	0.7009	0.000000	1.588374e+00	2.981920e+02	4.230393e+00	98.8916	1	0
201	1	406.3964	4	0.8344	-0.124355	1.091519e+01	1.098442e+03	1.674263e+01	4.4209	1	1
201	0	407.3796	4	0.5679	0.000000	1.397056e+01	2.527296e+03	2.267591e+01	86.7721	1	0
202	1	408.0959	1	0.3842	0.051767	5.140259e+00	5.040952e+02	5.458243e+00	24.5400	1	1
202	0	408.8124	1	0.1844	0.000000	4.593154e+00	8.423231e+02	5.542799e+00	100.0000	1	0
203	1	409.5288	3	1.0674	0.085354	1.097122e+01	1.095632e+03	2.499986e+01	84.7902	1	1
203	0	410.7283	3	0.4010	0.000000	4.048828e+00	7.555508e+02	5.840527e+00	51.5738	1	0
204	1	411.4448	2	0.6343	-0.106265	4.979439e+00	4.746260e+02	1.011872e+01	100.0000	1	1
204	0	412.2111	2	0.3680	0.000000	9.712199e+00	1.885412e+03	1.012733e+01	53.1340	1	0
205	1	412.9276	4	0.7844	-0.005333	1.681270e+01	1.812223e+03	2.318374e+01	70.4758	1	1
205	0	413.8609	4	0.3512	0.000000	4.479037e+00	8.144291e+02	1.318741e+01	88.0289	1	0
206	1	414.5777	1	0.4012	-0.089706	5.455749e+00	5.340355e+02	8.614927e+00	100.0000	1	1
206	0	415.2944	1	0.3680	0.000000	3.673638e+00	7.245990e+02	4.318017e+00	62.7195	1	0
207	1	416.0113	3	0.7178	0.045423	4.122400e+00	3.940947e+02	6.016032e+00	11.4207	1	1
207	0	416.8613	3	0.7180	0.000000	3.125188e+00	5.855050e+02	4.724787e+00	96.6716	1	0
208	1	417.9949	2	0.6847	0.050489	4.916320e+00	4.778788e+02	5.329681e+00	80.8297	1	1
208	0	418.8283	2	0.2679	0.000000	2.424006e+00	4.957775e+02	5.585654e+00	64.3937	1	0
209	2	432.0804	2	1.2178	-0.010695	9.578986e+00	9.273917e+02	1.106698e+01	43.3255	1	1
209	0	433.4374	2	0.3509	0.000000	9.101255e+00	2.004414e+03	1.409115e+01	63.3048	1	0
210	2	434.1537	4	1.3677	0.066568	1.028903e+01	1.201794e+03	2.641131e+01	26.8712	1	1
210	0	435.6699	4	0.5014	0.000000	8.476513e+00	1.588577e+03	2.209350e+01	55.1095	1	0
211	2	436.3863	1	0.4844	0.041860	6.414870e+00	6.295486e+02	7.363168e+00	28.5721	1	1
211	0	437.1027	1	0.2181	0.000000	1.959693e+00	3.672127e+02	7.611933e+00	100.0000	1	0
212	2	437.8313	3	0.6726	0.018566	9.248716e+00	9.580373e+02	1.484592e+01	67.3817	1	1
212	0	438.6522	3	0.3680	0.000000	9.708390e-01	1.753733e+02	1.271912e+00	55.0614	1	0
213	2	439.3687	4	0.6842	0.018419	6.416045e+00	6.425295e+02	1.763153e+01	14.1330	1	1
213	0	440.1850	4	0.3347	0.000000	3.225028e+00	5.892840e+02	8.861624e+00	59.1255	1	0
214	2	440.9010	2	0.5681	-0.063913	5.071859e+00	4.884546e+02	6.093209e+00	100.0000	1	1
214	0	441.6173	2	0.3680	0.000000	6.026400e+00	1.096545e+03	6.093846e+00	53.7245	1	0
215	2	442.3337	3	0.7351	0.026660	4.916834e+00	5.021679e+02	9.511384e+00	57.8443	1	1
215	0	443.2175	3	0.7503	0.000000	1.300989e+00	2.285673e+02	3.264421e+00	99.5600	1	0
216	2	444.1000	1	0.6512	-0.023805	8.647062e-01	9.695018e+01	2.288979e+00	100.0000	1	1
216	0	444.8997	1	0.3012	0.000000	3.058454e+00	5.932943e+02	5.362223e+00	100.0000	1	0
217	2	445.6159	2	0.5682	0.024060	5.944952e+00	5.665790e+02	6.834544e+00	71.6414	1	1
217	0	446.3325	2	0.3179	0.000000	4.970522e+00	1.148454e+03	7.110185e+00	51.6753	1	0
218	2	447.0489	4	0.8346	0.026732	2.433837e+01	2.452921e+03	3.976149e+01	79.8507	0	1
218	0	448.9830	4	0.4015	0.000000	1.793621e+01	3.280835e+03	2.302050e+01	57.3800	1	0
219	2	449.6164	1	0.6177	0.018323	2.772452e+00	2.766221e+02	3.302234e+00	62.6987	1	1
219	0	450.3664	1	0.3016	0.000000	2.275684e+00	4.300783e+02	4.910501e+00	100.0000	1	0
220	2	451.0833	3	0.6513	0.018468	2.869281e+00	2.776732e+02	4.889940e+00	7.8904	1	1
220	0	451.8834	3	0.2345	0.000000	1.615446e+00	3.161060e+02	2.213396e+00	100.0000	1	0
221	2	452.6002	4	0.7513	0.108901	2.094713e+01	2.247028e+03	3.175786e+01	77.0695	1	1
221	0	453.5003	4	0.5845	0.000000	8.864558e+00	1.657949e+03	1.597500e+01	65.8898	1	0
222	2	454.2171	2	0.6345	0.039557	4.452087e+00	4.327924e+02	5.051092e+00	43.7597	1	1
222	0	454.9839	2	0.3847	0.000000	6.490043e-01	1.467840e+02	7.631935e-01	52.3040	1	0
223	2	455.7008	3	1.0012	0.045423	1.177102e+01	1.254250e+03	1.732709e+01	79.3276	1	1
223	0	456.8509	3	0.5679	0.000000	6.451553e+00	1.199499e+03	1.037589e+01	54.3099	1	0
224	2	457.5677	1	0.6679	-0.012953	2.002173e+00	2.448658e+02	4.614975e+00	12.1149	1	1
224	0	458.3844	1	0.3512	0.000000	1.790560e+00	3.285682e+02	2.289028e+00	54.7542	1	0
225	2	459.1012	2	0.5512	-0.064179	6.324917e+00	6.252767e+02	8.373419e+00	4.3495	1	1
225	0	459.8285	2	0.3346	0.000000	5.061896e+00	9.879010e+02	6.347936e+00	52.5779	1	0
226	2	460.5450	4	0.5179	0.031904	1.413972e+01	1.435473e+03	1.792189e+01	89.4338	1	1
226	0	461.2614	4	0.4845	0.000000	3.138579e+00	5.747652e+02	4.170906e+00	100.0000	1	0
227	2	461.9772	1	0.7345	0.015747	4.952462e+00	6.401534e+02	7.358474e+00	45.7063	1	1
227	0	462.8603	1	0.3676	0.000000	1.349030e+00	2.438796e+02	3.985321e+00	100.0000	1	0
228	2	463.5846	3	0.8519	0.042528	3.350364e+00	3.502509e+02	8.723319e+00	5.8008	1	1
228	0	464.5854	3	0.3511	0.000000	2.623566e+00	4.857079e+02	3.305442e+00	54.1127	1	0
229	2	465.3099	4	0.9345	0.023995	2.551791e+01	2.557389e+03	4.762867e+01	69.7714	1	1
229	0	466.3929	4	0.5338	0.000000	7.979657e+00	1.537035e+03	2.387255e+01	97.6156	1	0
230	2	467.1184	2	0.6346	-0.000000	2.378653e-01	2.275425e+01	5.048772e-01	4.7590	1	1
230	0	467.9019	2	0.3511	0.000000	9.852318e-02	1.812199e+01	2.544023e-01	54.0796	1	0
231	2	468.6250	3	0.9183	-0.053425	5.249421e+00	5.094677e+02	6.566197e+00	57.7895	1	1
231	0	469.6919	3	0.6172	0.000000	4.117389e+00	7.760590e+02	1.016339e+01	94.9080	1	0
232	2	470.4577	1	0.7842	-0.015956	1.981204e+00	2.490396e+02	3.439179e+00	14.4765	1	1
232	0	471.3739	1	0.3515	0.000000	1.859544e+00	3.400843e+02	3.008945e+00	100.0000	1	0
233	2	472.0904	2	0.7011	0.098893	1.381355e+01	1.373338e+03	3.083482e+01	6.0320	1	1
233	0	472.9234	2	0.5679	0.000000	1.064910e+01	2.223308e+03	2.009624e+01	96.3190	1	0
234	2	473.6400	4	0.7677	-0.034469	4.243356e+00	4.322936e+02	5.581577e+00	79.8757	1	1
234	0	474.5563	4	0.4345	0.000000	2.473711e+00	4.355080e+02	3.305317e+00	55.0416	1	0
235	2	475.2727	1	0.6345	0.018180	3.160182e+00	3.094858e+02	4.807101e+00	0.5207	1	1
235	0	476.0558	1	0.3680	0.000000	2.366953e+00	4.477669e+02	4.696673e+00	100.0000	1	0
236	2	476.7723	3	1.0015	0.037416	6.168514e+00	6.032757e+02	1.094211e+01	54.6535	1	1
236	0	477.9219	3	0.3013	0.000000	3.163651e+00	5.542464e+02	1.481218e+01	59.5842	1	0
237	2	478.6383	4	1.4176	-0.122739	2.266503e+01	2.336355e+03	3.134052e+01	83.2241	1	1
237	0	480.2044	4	0.4513	0.000000	2.031318e+01	3.813626e+03	3.731912e+01	93.1099	1	0
238	2	480.9212	2	0.7177	0.084199	5.272404e+00	5.255029e+02	8.365561e+00	100.0000	1	1
238	0	481.7875	2	0.3013	0.000000	7.461248e+00	1.620238e+03	8.121273e+00	53.7607	1	0
239	2	482.5042	3	0.7189	-0.005319	1.776430e+00	1.747415e+02	4.423127e+00	9.3953	1	1
239	0	483.3716	3	0.3011	0.000000	1.035237e+00	1.930654e+02	2.538003e+00	89.3975	1	0
240	2	484.0884	1	0.5678	0.013054	1.739308e+00	1.923294e+02	3.011300e+00	11.9612	1	1
240	0	484.8048	1	0.3182	0.000000	9.946710e-01	1.900796e+02	5.132129e+00	100.0000	1	0
241	2	485.5220	2	0.5844	0.020994	2.433518e+00	2.372523e+02	3.477944e+00	4.8264	1	1
241	0	486.2553	2	0.2512	0.000000	2.064329e+00	3.978270e+02	2.287846e+00	77.6247	1	0
242	2	486.9721	4	0.5512	0.115578	2.978766e+00	3.458908e+02	1.136165e+01	96.6651	1	1
242	0	487.6890	4	0.5510	0.000000	5.749687e+00	1.034817e+03	9.114528e+00	58.7651	1	0
243	2	488.4058	1	0.5844	0.031078	4.108081e+00	4.316289e+02	4.964262e+00	27.6078	1	1
243	0	489.1391	1	0.3344	0.000000	3.574418e+00	6.900071e+02	5.133592e+00	100.0000	1	0
244	2	489.8559	3	0.8679	-0.018566	1.844531e+00	1.831481e+02	6.084585e+00	3.3784	1	1
244	0	490.8727	3	0.3846	0.000000	2.581002e+00	4.756655e+02	6.522181e+00	85.8737	1	0
245	2	491.5894	4	0.9681	0.274783	1.143666e+01	1.178803e+03	2.607513e+01	95.0824	1	1
245	0	492.7064	4	0.4344	0.000000	7.641129e+00	1.400146e+03	1.037096e+01	52.7331	1	0
246	2	493.4232	2	0.5346	-0.125013	9.940952e+00	9.384995e+02	1.208353e+01	1.8666	1	1
246	0	494.1504	2	0.3009	0.000000	3.901516e+00	7.249720e+02	4.067098e+00	53.8980	1	0
247	2	494.8668	3	0.7677	0.026589	1.147200e+01	1.096973e+03	2.309240e+01	47.1156	1	1
247	0	495.7902	3	0.3008	0.000000	2.122991e+00	3.737106e+02	2.288993e+00	55.1922	1	0
248	2	496.5064	1	0.5683	-0.058756	2.970918e+00	3.823374e+02	5.587211e+00	100.0000	1	1
248	0	497.2238	1	0.3677	0.000000	4.759189e+00	8.449441e+02	5.587159e+00	57.1036	1	0
249	2	497.9405	2	1.5345	0.002564	1.071097e+00	2.791212e+02	3.620220e+00	4.5838	1	1
249	0	499.6073	2	0.3513	0.000000	4.507655e-01	1.005754e+02	5.088016e-01	53.3617	1	0
250	2	500.3316	4	0.8511	-0.039767	9.884903e+00	9.526890e+02	1.530205e+01	64.0728	1	1
250	0	501.3312	4	0.3180	0.000000	5.720958e+00	1.066624e+03	1.409688e+01	93.7506	1	0
251	2	502.0471	1	0.7177	-0.033666	3.084153e+00	5.360086e+02	9.872292e+00	22.7218	1	1
251	0	502.9135	1	0.4511	0.000000	3.608412e+00	6.814002e+02	6.852398e+00	53.3005	1	0
252	2	503.6299	3	0.8350	-0.010695	2.888480e+00	2.787604e+02	4.674509e+00	1.7418	1	1
252	0	504.6134	3	0.8169	0.000000	1.431952e+00	2.666009e+02	3.995108e+00	98.0474	1	0
253	2	505.5625	4	0.9841	0.026519	1.450493e+01	1.550908e+03	2.897189e+01	85.7973	1	1
253	0	506.6788	4	0.3518	0.000000	2.677743e+00	4.855242e+02	4.727140e+00	96.1051	1	0
254	2	507.3959	2	0.6178	0.047709	4.493128e+00	4.338966e+02	4.600970e+00	15.5902	1	1
254	0	508.1456	2	0.2009	0.000000	4.276668e+00	7.811096e+02	4.574362e+00	54.1254	1	0
255	2	508.8621	3	1.1666	0.018714	4.756075e+00	4.624920e+02	1.522660e+01	81.7477	1	1
255	0	510.1610	3	0.5179	0.000000	1.897874e+00	3.382652e+02	2.522291e+00	100.0000	1	0
256	2	510.8775	1	0.7844	-0.002591	2.079131e+00	2.751814e+02	4.039018e+00	25.6144	1	1
256	0	511.7940	1	0.2676	0.000000	1.194606e+00	2.168964e+02	2.770309e+00	100.0000	1	0
257	1	525.0446	3	0.7180	0.034561	8.859128e+00	8.511878e+02	2.630101e+01	6.1979	1	1
257	0	525.9113	3	0.3679	0.000000	2.552732e+00	4.879329e+02	3.051537e+00	54.6795	1	0
258	1	526.6282	2	0.6681	-0.002597	4.006449e+00	3.963000e+02	6.022601e+00	1.5031	1	1
258	0	527.4450	2	0.2178	0.000000	3.800712e+00	7.306361e+02	7.848342e+00	67.1614	1	0
259	1	528.1618	1	0.6845	-0.018516	1.251986e+00	1.285245e+02	2.702848e+00	15.6579	1	1
259	0	528.9786	1	0.2845	0.000000	1.823367e+00	3.381267e+02	2.745960e+00	100.0000	1	0
260	1	529.6954	4	1.2679	-0.039453	1.201755e+00	1.340198e+02	3.813077e+00	100.0000	0	1
260	0	531.1123	4	0.3682	0.000000	1.515429e+01	2.833538e+03	2.152070e+01	83.0642	1	0
261	1	531.7542	2	0.4680	0.055220	3.938000e+00	3.981243e+02	5.588338e+00	100.0000	1	1
261	0	532.4707	2	0.3009	0.000000	4.877285e+00	1.069575e+03	5.590479e+00	53.3030	1	0
262	1	533.1872	1	0.5008	0.099150	8.155622e+00	9.246298e+02	1.036127e+01	93.6105	1	1
262	0	533.9035	1	0.3511	0.000000	3.458129e+00	6.606238e+02	4.320853e+00	52.5539	1	0
263	1	534.6295	4	0.9679	-0.039979	7.748948e+00	8.372567e+02	9.158513e+00	11.7752	1	1
263	0	535.7529	4	0.3013	0.000000	5.714584e+00	1.010762e+03	1.077464e+01	75.6709	1	0
264	1	536.4694	3	0.8842	-0.039872	8.629957e+00	8.259886e+02	1.811193e+01	66.8815	1	1
264	0	537.5024	3	0.3172	0.000000	2.019856e+00	3.806173e+02	3.305487e+00	53.8552	1	0
265	1	538.2188	2	0.5514	0.065523	1.057172e+01	1.022569e+03	1.174358e+01	2.3249	1	1
265	0	538.9352	2	0.3177	0.000000	4.528180e+00	8.451999e+02	4.574695e+00	54.8730	1	0
266	1	539.6635	4	1.3847	-0.024060	5.336657e+00	6.109615e+02	1.059002e+01	84.8359	1	1
266	0	541.1844	4	0.4013	0.000000	2.081844e+00	3.793063e+02	2.543212e+00	54.9967	1	0
267	1	541.9010	1	0.6344	0.010362	1.616805e+00	1.687702e+02	2.516160e+00	22.0807	1	1
267	0	542.6841	1	0.2846	0.000000	9.461571e-01	1.763015e+02	3.224442e+00	100.0000	1	0
268	1	543.4004	3	0.8512	-0.010582	2.866268e+00	2.853471e+02	5.031770e+00	4.1679	1	1
268	0	544.4001	3	0.2842	0.000000	1.824467e+00	3.538832e+02	4.809162e+00	80.6554	1	0
269	1	545.1164	4	0.7681	0.026589	3.122436e+00	3.029961e+02	7.432448e+00	2.7589	1	1
269	0	546.0328	4	0.3009	0.000000	3.408112e+00	6.396306e+02	5.819839e+00	75.6354	1	0
270	1	546.7493	2	0.6511	-0.013262	4.069952e+00	3.903147e+02	5.797825e+00	44.4220	1	1
270	0	547.5489	2	0.3011	0.000000	4.286361e+00	8.839632e+02	4.321365e+00	52.1395	1	0
271	1	548.2654	1	0.7510	-0.018371	1.566400e+00	1.560458e+02	2.753295e+00	2.2003	1	1
271	0	549.1485	1	0.3179	0.000000	1.645137e+00	2.983867e+02	2.542878e+00	62.5610	1	0
272	1	549.8652	3	0.8511	-0.042755	5.819724e+00	5.536833e+02	6.462041e+00	31.1707	1	1
272	0	550.8486	3	0.3511	0.000000	3.394851e+00	6.299080e+02	4.067181e+00	54.6831	1	0
