Trial	Type	Target/Home(1,0)	Target #	Time(s)	Xpos	Ypos	Xvel	Yvel	Xaccel	Yaccel	Xerror	Yerror	Xprojection	Yprojection
1	1	0	3	0.620454	-18.25	97.26	-29.42	156.76	-47.41	252.66	-18.25	0.00	0.00	97.26
1	1	1	3	0.739560	-18.01	97.57	2.02	2.55	263.92	-1294.79	-18.01	0.00	0.00	97.57
1	1	1	3	0.750587	-18.01	97.57	0.00	0.00	-182.86	-231.06	-18.01	0.00	0.00	97.57
1	1	1	3	0.767085	-17.77	97.10	14.85	-28.63	900.33	-1735.30	-17.77	0.00	0.00	97.10
1	1	1	3	0.783703	-17.76	95.80	0.45	-77.75	-866.42	-2955.75	-17.76	0.00	0.00	95.80
1	1	1	3	0.800483	-17.51	94.30	14.96	-89.74	864.62	-714.94	-17.51	0.00	0.00	94.30
1	1	1	3	0.817308	-17.02	92.84	29.30	-86.85	852.20	172.18	-17.02	0.00	0.00	92.84
1	1	1	3	0.833902	-17.01	91.54	0.46	-77.86	-1738.14	541.39	-17.01	0.00	0.00	91.54
1	1	1	3	0.850632	-17.25	90.98	-14.25	-33.62	-878.96	2644.69	-17.25	0.00	0.00	90.98
1	1	1	3	0.867143	-17.24	90.21	0.30	-47.00	881.16	-810.28	-17.24	0.00	0.00	90.21
1	1	1	3	0.883734	-17.24	89.43	0.31	-46.78	0.35	12.90	-17.24	0.00	0.00	89.43
1	1	1	3	0.900948	-17.23	88.65	0.30	-45.10	-0.23	97.80	-17.23	0.00	0.00	88.65
1	1	1	3	0.917083	-17.23	88.14	0.22	-32.08	-5.17	806.61	-17.23	0.00	0.00	88.14
1	1	1	3	0.933789	-17.46	87.31	-14.04	-49.35	-853.85	-1033.28	-17.46	0.00	0.00	87.31
1	1	1	3	0.950312	-17.22	86.58	14.87	-44.14	1749.82	315.31	-17.22	0.00	0.00	86.58
1	1	1	3	0.967184	-17.45	85.76	-13.86	-48.93	-1702.70	-284.05	-17.45	0.00	0.00	85.76
1	1	1	3	0.983817	-17.44	84.98	0.37	-46.76	855.44	130.53	-17.44	0.00	0.00	84.98
1	1	1	3	1.000470	-17.44	84.72	0.12	-15.57	-14.63	1872.80	-17.44	0.00	0.00	84.72
1	1	1	3	1.017132	-17.44	83.94	0.38	-46.69	15.34	-1867.94	-17.44	0.00	0.00	83.94
1	1	1	3	1.033836	-17.43	83.16	0.39	-46.59	0.53	6.10	-17.43	0.00	0.00	83.16
1	1	1	3	1.050498	-17.42	82.39	0.40	-46.72	0.67	-7.84	-17.42	0.00	0.00	82.39
1	1	1	3	1.067163	-17.41	80.83	0.83	-93.48	25.95	-2805.59	-17.41	0.00	0.00	80.83
1	1	1	3	1.083821	-17.14	78.02	15.86	-168.47	902.28	-4502.17	-17.14	0.00	0.00	78.02
1	1	1	3	1.100487	-17.11	74.90	1.92	-187.30	-836.92	-1129.34	-17.11	0.00	0.00	74.90
1	1	1	3	1.117169	-16.85	72.35	15.84	-152.85	834.78	2064.74	-16.85	0.00	0.00	72.35
1	1	1	3	1.133766	-16.82	70.26	1.49	-125.64	-864.74	1639.28	-16.82	0.00	0.00	70.26
1	1	1	3	1.150584	-16.80	68.18	1.59	-124.15	6.11	88.87	-16.80	0.00	0.00	68.18
1	1	1	3	1.167588	-16.77	66.35	1.49	-107.57	-6.14	974.97	-16.77	0.00	0.00	66.35
1	1	1	3	1.183763	-16.75	64.78	1.43	-97.03	-3.27	651.49	-16.75	0.00	0.00	64.78
1	1	1	3	1.200572	-16.94	62.62	-11.65	-128.33	-778.38	-1861.80	-16.94	0.00	0.00	62.62
1	1	1	3	1.217152	-16.92	61.05	1.70	-94.99	804.92	2010.80	-16.92	0.00	0.00	61.05
1	1	1	3	1.233809	-16.89	59.73	1.50	-78.88	-12.01	966.82	-16.89	0.00	0.00	59.73
1	1	1	3	1.250447	-16.85	57.89	2.25	-110.70	45.05	-1912.48	-16.85	0.00	0.00	57.89
1	1	1	3	1.267101	-16.82	56.31	2.07	-94.95	-10.29	946.24	-16.82	0.00	0.00	56.31
1	1	1	3	1.283886	-16.76	53.93	3.38	-141.57	77.67	-2777.78	-16.76	0.00	0.00	53.93
1	1	1	3	1.300530	-16.92	51.48	-9.33	-147.40	-763.27	-350.05	-16.92	0.00	0.00	51.48
1	1	1	3	1.317194	-17.07	49.28	-9.00	-131.93	19.85	928.11	-17.07	0.00	0.00	49.28
1	1	1	3	1.333821	-17.01	47.68	3.35	-96.13	742.40	2153.03	-17.01	0.00	0.00	47.68
1	1	1	3	1.350553	-16.93	45.55	4.87	-127.68	91.20	-1885.37	-16.93	0.00	0.00	45.55
1	1	1	3	1.367117	-16.80	42.60	7.73	-177.95	172.21	-3035.13	-16.80	0.00	0.00	42.60
1	1	1	3	1.383784	-16.70	40.45	6.40	-129.09	-79.69	2931.42	-16.70	0.00	0.00	40.45
1	1	1	3	1.400508	-16.54	37.75	9.12	-161.43	162.87	-1933.31	-16.54	0.00	0.00	37.75
1	1	1	3	1.417196	-16.19	35.40	20.95	-140.94	708.96	1227.42	-16.19	0.00	0.00	35.40
1	1	1	3	1.433843	-15.97	32.40	13.27	-179.78	-461.45	-2333.24	-15.97	0.00	0.00	32.40
1	1	1	3	1.450434	-15.52	31.49	27.43	-54.86	853.50	7529.68	-15.52	0.00	0.00	31.49
1	1	1	3	1.467205	-13.14	31.45	141.49	-2.28	6800.74	3135.48	-13.14	0.00	0.00	31.45
1	1	1	3	1.483869	-11.07	32.24	124.60	47.36	-1013.42	2978.89	-11.07	0.00	0.00	32.24
1	1	1	3	1.500520	-8.62	32.98	147.35	44.46	1366.02	-174.16	-8.62	0.00	0.00	32.98
1	1	1	3	1.517241	-5.03	33.72	214.27	43.84	4002.60	-37.26	-5.03	0.00	0.00	33.72
1	1	1	3	1.533843	-1.27	34.07	226.55	21.07	739.76	-1371.76	-1.27	0.00	0.00	34.07
1	1	1	3	1.550552	1.78	36.08	182.52	120.60	-2635.06	5956.80	1.78	0.00	0.00	36.08
1	1	1	3	1.567214	5.55	40.84	226.09	285.49	2614.87	9895.94	5.55	0.00	0.00	40.84
1	1	1	3	1.583856	9.00	48.53	207.84	461.94	-1096.75	10602.63	9.00	0.00	0.00	48.53
1	1	1	3	1.600591	11.51	62.03	149.48	807.18	-3487.62	20629.82	11.51	0.00	0.00	62.03
1	1	1	3	1.617224	13.28	75.67	106.66	820.01	-2574.13	771.28	13.28	0.00	0.00	75.67
1	1	1	3	1.633817	13.58	89.80	18.25	851.37	-5328.00	1890.43	13.58	0.00	0.00	89.80
1	1	1	3	1.650533	13.12	103.22	-27.52	802.83	-2738.04	-2904.14	13.12	0.00	0.00	103.22
1	1	1	3	1.667197	11.14	113.17	-119.03	597.18	-5491.49	-12341.32	11.14	0.00	0.00	113.17
1	1	1	3	1.683871	9.13	114.63	-120.56	87.32	-92.11	-30577.16	9.13	0.00	0.00	114.63
1	1	1	3	1.700587	7.36	115.26	-105.70	38.10	888.89	-2944.30	7.36	0.00	0.00	115.26
1	1	1	3	1.717297	5.59	115.62	-106.06	21.20	-21.53	-1011.45	5.59	0.00	0.00	115.62
1	1	1	3	1.733893	3.31	115.71	-137.66	5.29	-1903.81	-958.41	3.31	0.00	0.00	115.71
1	0	1	3	1.967818	-9.13	107.74	-4.64	54.75	-2.36	27.82	-9.13	0.00	0.00	107.74
1	0	1	3	1.984450	-12.61	94.56	-209.40	-791.92	-12311.48	-50906.47	-12.61	0.00	0.00	94.56
1	0	1	3	2.000644	-15.25	81.52	-163.35	-805.49	2843.59	-837.56	-15.25	0.00	0.00	81.52
1	0	1	3	2.017230	-16.80	68.18	-93.05	-804.55	4238.90	56.76	-16.80	0.00	0.00	68.18
1	0	1	3	2.033922	-17.47	55.31	-40.12	-770.69	3170.80	2028.23	-17.47	0.00	0.00	55.31
1	0	1	3	2.050692	-17.13	40.82	20.36	-864.20	3606.54	-5576.45	-17.13	0.00	0.00	40.82
1	0	1	3	2.067287	-16.31	31.95	48.94	-534.66	1721.96	19858.19	-16.31	0.00	0.00	31.95
1	0	1	3	2.083900	-15.71	27.65	36.56	-258.56	-745.17	16619.41	-15.71	0.00	0.00	27.65
1	0	1	3	2.100699	-15.26	24.07	26.81	-213.48	-580.34	2683.57	-15.26	0.00	0.00	24.07
1	0	1	3	2.117326	-15.09	22.96	9.76	-66.54	-1025.12	8836.97	-15.09	0.00	0.00	22.96
1	0	1	3	2.133898	-14.96	22.13	7.86	-50.11	-114.75	991.51	-14.96	0.00	0.00	22.13
1	0	1	3	2.150665	-14.58	19.91	23.12	-132.13	909.70	-4891.63	-14.58	0.00	0.00	19.91
1	0	1	3	2.167259	-14.30	18.53	16.62	-83.39	-391.31	2937.00	-14.30	0.00	0.00	18.53
1	0	1	3	2.184030	-14.18	17.33	7.33	-71.67	-554.07	698.91	-14.18	0.00	0.00	17.33
1	0	1	3	2.200703	-14.04	16.78	7.91	-33.07	34.81	2315.46	-14.04	0.00	0.00	16.78
1	0	1	3	2.217303	-13.93	16.87	6.97	5.79	-56.72	2340.95	-13.93	0.00	0.00	16.87
1	0	1	3	2.233990	-13.73	16.05	12.18	-49.51	312.22	-3313.92	-13.73	0.00	0.00	16.05
1	0	1	3	2.250604	-13.36	14.67	22.17	-82.53	601.37	-1987.95	-13.36	0.00	0.00	14.67
1	0	1	3	2.267310	-13.12	13.86	14.38	-48.98	-465.99	2008.57	-13.12	0.00	0.00	13.86
1	0	1	3	2.283965	-12.95	13.31	10.14	-32.61	-254.95	982.97	-12.95	0.00	0.00	13.31
1	0	1	3	2.300629	-12.86	13.04	5.23	-16.25	-294.58	981.85	-12.86	0.00	0.00	13.04
1	0	1	3	2.317347	-12.77	12.77	5.32	-16.16	5.62	5.34	-12.77	0.00	0.00	12.77
1	0	1	3	2.334184	-12.77	12.77	0.00	0.00	-316.19	959.71	-12.77	0.00	0.00	12.77
1	0	1	3	2.350616	-12.59	12.59	10.95	-10.95	666.26	-666.26	-12.59	0.00	0.00	12.59
1	0	1	3	2.367360	-12.86	12.31	-16.28	-16.64	-1626.35	-340.22	-12.86	0.00	0.00	12.31
2	1	0	1	2.598635	-2.68	3.71	-1.03	1.43	-0.40	0.55	-2.68	0.00	0.00	3.71
2	1	1	1	2.617919	-2.68	3.71	0.00	0.00	53.50	-74.08	-2.68	0.00	0.00	3.71
2	1	1	1	2.634057	-2.75	3.34	-4.23	-23.16	-261.97	-1435.34	-2.75	0.00	0.00	3.34
2	1	1	1	2.650728	-3.06	2.68	-18.83	-39.47	-876.17	-978.39	-3.06	0.00	0.00	2.68
2	1	1	1	2.667316	-3.81	2.54	-45.02	-8.46	-1578.91	1869.87	-3.81	0.00	0.00	2.54
2	1	1	1	2.684047	-4.72	1.89	-54.63	-38.88	-573.87	-1818.03	-4.72	0.00	0.00	1.89
2	1	1	1	2.700706	-5.20	1.24	-28.39	-39.15	1574.59	-16.53	-5.20	0.00	0.00	1.24
2	1	1	1	2.717398	-5.34	0.00	-8.70	-74.14	1179.70	-2095.92	-5.34	0.00	-0.00	-0.00
2	1	1	1	2.734063	-5.32	-0.51	1.44	-30.39	608.92	2624.72	-5.32	0.00	-0.00	-0.51
2	1	1	1	2.750737	-4.82	-2.30	29.68	-107.38	1693.49	-4617.05	-4.82	0.00	-0.00	-2.30
2	1	1	1	2.767320	-4.25	-3.24	34.61	-56.74	297.27	3053.76	-4.25	0.00	-0.00	-3.24
2	1	1	1	2.784072	-3.96	-3.58	17.19	-20.69	-1040.02	2151.94	-3.96	0.00	-0.00	-3.58
2	1	1	1	2.800710	-4.14	-3.76	-10.80	-10.85	-1682.28	591.24	-4.14	0.00	-0.00	-3.76
2	1	1	1	2.817333	-4.14	-3.76	0.00	0.00	649.81	652.74	-4.14	0.00	-0.00	-3.76
2	1	1	1	2.834230	-4.05	-3.86	5.49	-5.90	325.11	-348.99	-4.05	0.00	-0.00	-3.86
2	1	1	1	2.850782	-4.32	-3.95	-16.47	-4.88	-1326.77	61.22	-4.32	0.00	-0.00	-3.95
2	1	1	1	2.867436	-4.32	-3.95	0.00	0.00	988.75	293.23	-4.32	0.00	-0.00	-3.95
2	1	1	1	2.884092	-4.32	-3.95	0.00	0.00	0.00	0.00	-4.32	0.00	-0.00	-3.95
2	1	1	1	2.900689	-4.32	-3.95	0.00	0.00	0.00	0.00	-4.32	0.00	-0.00	-3.95
2	1	1	1	2.917423	-4.32	-3.95	0.00	0.00	0.00	0.00	-4.32	0.00	-0.00	-3.95
2	1	1	1	2.934050	-4.32	-3.95	0.00	0.00	0.00	0.00	-4.32	0.00	-0.00	-3.95
2	1	1	1	2.950703	-4.32	-3.95	0.00	0.00	0.00	0.00	-4.32	0.00	-0.00	-3.95
2	1	1	1	2.967348	-4.32	-3.95	0.00	0.00	0.00	0.00	-4.32	0.00	-0.00	-3.95
2	1	1	1	2.984168	-4.32	-3.95	0.00	0.00	0.00	0.00	-4.32	0.00	-0.00	-3.95
2	1	1	1	3.000693	-4.32	-3.95	0.00	0.00	0.00	0.00	-4.32	0.00	-0.00	-3.95
2	1	1	1	3.017440	-4.14	-3.76	10.73	10.78	640.82	643.46	-4.14	0.00	-0.00	-3.76
2	1	1	1	3.034047	-3.68	-3.87	27.51	-6.25	1010.40	-1025.34	-3.68	0.00	-0.00	-3.87
2	1	1	1	3.050766	-3.48	-4.06	12.42	-11.22	-902.75	-297.33	-3.48	0.00	-0.00	-4.06
2	1	1	1	3.067369	-3.30	-3.88	10.93	10.81	-89.40	1327.08	-3.30	0.00	-0.00	-3.88
2	1	1	1	3.084035	-3.35	-2.31	-3.54	94.25	-868.32	5006.26	-3.35	0.00	-0.00	-2.31
2	1	1	1	3.100759	-4.04	-0.50	-40.95	107.70	-2236.85	804.18	-4.04	0.00	-0.00	-0.50
2	1	1	1	3.117410	-4.06	-0.25	-1.41	15.07	2374.31	-5562.70	-4.06	0.00	-0.00	-0.25
2	1	1	1	3.134135	-3.95	0.99	6.79	74.21	490.59	3536.22	-3.95	0.00	0.00	0.99
2	1	1	1	3.150832	-2.20	2.80	104.71	108.60	5864.44	2059.50	-2.20	0.00	0.00	2.80
2	1	1	1	3.167455	-1.26	9.33	56.54	392.69	-2897.89	17090.15	-1.26	0.00	0.00	9.33
2	1	1	1	3.184075	0.00	15.52	75.85	372.47	1161.37	-1216.53	-0.00	0.00	0.00	15.52
2	1	1	1	3.200835	2.02	19.48	120.79	236.61	2681.43	-8106.01	2.02	0.00	0.00	19.48
2	1	1	1	3.217495	2.78	22.21	45.17	163.89	-4538.84	-4365.12	2.78	0.00	0.00	22.21
2	1	1	1	3.234202	4.51	25.55	103.71	199.89	3504.16	2154.96	4.51	0.00	0.00	25.55
2	1	1	1	3.250807	6.93	29.21	145.82	220.08	2535.90	1215.56	6.93	0.00	0.00	29.21
2	1	1	1	3.267545	7.92	33.16	58.99	235.93	-5187.41	947.38	7.92	0.00	0.00	33.16
2	1	1	1	3.284136	8.67	36.90	45.20	225.66	-831.22	-619.22	8.67	0.00	0.00	36.90
2	1	1	1	3.300780	9.44	42.47	46.20	334.38	60.06	6532.16	9.44	0.00	0.00	42.47
2	1	1	1	3.317517	10.20	47.77	45.61	316.75	-34.97	-1053.17	10.20	0.00	0.00	47.77
2	1	1	1	3.334147	10.96	53.07	45.81	318.64	11.47	113.59	10.96	0.00	0.00	53.07
2	1	1	1	3.350777	11.73	59.14	46.08	365.26	16.32	2803.51	11.73	0.00	0.00	59.14
2	1	1	1	3.367487	12.00	64.27	16.47	306.91	-1771.71	-3492.21	12.00	0.00	0.00	64.27
2	1	1	1	3.384121	11.78	68.19	-13.31	235.48	-1790.51	-4294.47	11.78	0.00	0.00	68.19
2	1	1	1	3.400923	11.79	70.25	0.57	122.78	826.41	-6707.48	11.79	0.00	0.00	70.25
2	1	1	1	3.417447	11.55	71.84	-14.40	95.98	-906.02	-1621.70	11.55	0.00	0.00	71.84
2	1	1	1	3.434166	11.07	74.23	-28.88	143.06	-866.10	2816.44	11.07	0.00	0.00	74.23
2	1	1	1	3.450866	10.09	76.16	-58.87	115.97	-1796.15	-1622.35	10.09	0.00	0.00	76.16
2	1	1	1	3.467462	8.60	80.19	-89.64	242.31	-1853.66	7612.42	8.60	0.00	0.00	80.19
2	1	1	1	3.484218	7.35	82.86	-74.69	159.86	892.04	-4920.07	7.35	0.00	0.00	82.86
2	1	1	1	3.500847	6.85	84.44	-30.21	94.69	2674.67	-3919.49	6.85	0.00	0.00	84.44
2	1	1	1	3.517479	6.34	85.24	-30.30	48.38	-4.89	-2784.18	6.34	0.00	0.00	85.24
2	1	1	1	3.534210	6.09	86.54	-15.06	77.31	910.75	1729.17	6.09	0.00	0.00	86.54
2	1	1	1	3.550886	5.84	88.08	-15.12	92.78	-3.76	927.42	5.84	0.00	0.00	88.08
2	1	1	1	3.567510	5.59	89.12	-15.19	62.32	-4.32	-1832.27	5.59	0.00	0.00	89.12
2	1	1	1	3.584133	5.08	90.42	-30.43	78.47	-916.77	971.28	5.08	0.00	0.00	90.42
2	1	1	1	3.600885	4.07	91.49	-60.51	63.87	-1795.44	-871.48	4.07	0.00	0.00	91.49
2	1	1	1	3.617460	2.80	92.82	-76.58	79.65	-969.56	952.30	2.80	0.00	0.00	92.82
2	1	1	1	3.634316	2.03	94.62	-45.23	106.85	1859.73	1613.68	2.03	0.00	0.00	94.62
2	1	1	1	3.650773	0.76	96.42	-77.27	109.36	-1946.69	152.31	0.76	0.00	0.00	96.42
2	1	1	1	3.667604	0.25	97.69	-30.23	75.73	2794.71	-1997.69	0.25	0.00	0.00	97.69
2	1	1	1	3.684213	0.25	98.45	0.00	45.95	1819.99	-1793.13	0.25	0.00	0.00	98.45
2	1	1	1	3.700896	0.25	99.22	0.00	45.75	-0.00	-12.26	0.25	0.00	0.00	99.22
2	1	1	1	3.717611	0.51	100.23	15.22	60.83	910.62	902.11	0.51	0.00	0.00	100.23
2	1	1	1	3.734175	1.78	101.24	76.77	60.57	3715.99	-15.68	1.78	0.00	0.00	101.24
2	1	1	1	3.750898	3.81	103.22	121.56	118.43	2678.38	3460.15	3.81	0.00	0.00	103.22
2	0	1	1	3.767771	5.34	105.19	1.42	27.92	0.38	7.41	5.34	0.00	0.00	105.19
2	0	1	1	3.784536	6.10	107.18	45.35	119.14	2620.43	5441.09	6.10	0.00	0.00	107.18
2	0	1	1	3.800826	6.10	107.95	0.01	46.93	-2783.18	-4432.74	6.10	0.00	0.00	107.95
2	0	1	1	3.817535	5.59	108.49	-30.31	32.13	-1814.75	-885.37	5.59	0.00	0.00	108.49
2	0	1	1	3.834224	5.08	109.02	-30.37	32.01	-3.63	-7.05	5.08	0.00	0.00	109.02
2	0	1	1	3.850965	4.58	109.04	-30.30	1.34	4.28	-1832.15	4.58	0.00	0.00	109.04
2	0	1	1	3.867570	4.07	109.06	-30.57	1.21	-16.10	-7.87	4.07	0.00	0.00	109.06
2	0	1	1	3.884179	3.81	109.07	-15.29	0.55	920.15	-39.68	3.81	0.00	0.00	109.07
2	0	1	1	3.900943	3.56	109.08	-15.15	0.51	8.20	-2.40	3.56	0.00	0.00	109.08
2	0	1	1	3.917614	3.05	109.10	-30.48	0.92	-919.38	24.68	3.05	0.00	0.00	109.10
2	0	1	1	3.934195	2.80	109.10	-15.33	0.41	913.74	-30.92	2.80	0.00	0.00	109.10
2	0	1	1	3.950872	2.80	109.10	0.00	0.00	919.04	-24.64	2.80	0.00	0.00	109.10
2	0	1	1	3.967564	2.54	109.11	-15.23	0.37	-912.21	22.33	2.54	0.00	0.00	109.11
2	0	1	1	3.984173	2.29	109.11	-15.31	0.34	-4.78	-2.03	2.29	0.00	0.00	109.11
2	0	1	1	4.000913	2.03	109.12	-15.19	0.30	7.10	-2.27	2.03	0.00	0.00	109.12
2	0	1	1	4.017572	1.78	109.12	-15.26	0.27	-4.64	-2.04	1.78	0.00	0.00	109.12
2	0	1	1	4.034197	1.53	109.13	-15.30	0.23	-1.90	-2.11	1.53	0.00	0.00	109.13
2	0	1	1	4.050954	1.02	109.13	-30.36	0.35	-898.85	7.28	1.02	0.00	0.00	109.13
2	0	1	1	4.067729	0.51	109.14	-30.33	0.21	1.72	-8.45	0.51	0.00	0.00	109.14
2	0	1	1	4.084296	0.00	109.14	-30.71	0.07	-23.01	-8.48	-0.00	0.00	0.00	109.14
2	0	1	1	4.100947	-0.51	109.14	-30.56	-0.07	9.27	-8.58	-0.51	0.00	0.00	109.14
2	0	1	1	4.117542	-1.02	109.13	-30.66	-0.21	-6.21	-8.63	-1.02	0.00	0.00	109.13
2	0	1	1	4.134281	-2.03	108.61	-60.77	-31.25	-1799.00	-1854.14	-2.03	0.00	0.00	108.61
2	0	1	1	4.150928	-2.80	98.92	-45.80	-581.96	899.40	-33081.40	-2.80	0.00	0.00	98.92
2	0	1	1	4.167550	-3.31	92.03	-30.55	-414.43	917.54	10078.42	-3.31	0.00	0.00	92.03
2	0	1	1	4.184612	-4.57	84.59	-74.29	-436.16	-2563.35	-1273.54	-4.57	0.00	0.00	84.59
2	0	1	1	4.200903	-5.33	76.64	-46.47	-487.87	1707.57	-3173.61	-5.33	0.00	0.00	76.64
2	0	1	1	4.217607	-6.08	70.21	-45.10	-385.42	82.04	6133.13	-6.08	0.00	0.00	70.21
2	0	1	1	4.234192	-6.83	62.98	-44.98	-435.91	7.06	-3044.37	-6.83	0.00	0.00	62.98
2	0	1	1	4.250962	-7.07	55.26	-14.13	-459.92	1839.72	-1431.82	-7.07	0.00	0.00	55.26
2	0	1	1	4.267584	-6.80	47.86	15.95	-445.70	1809.74	855.50	-6.80	0.00	0.00	47.86
2	0	1	1	4.284311	-6.78	41.94	1.18	-353.64	-883.36	5503.80	-6.78	0.00	0.00	41.94
2	0	1	1	4.300941	-6.52	37.34	15.92	-276.53	886.50	4636.82	-6.52	0.00	0.00	37.34
2	0	1	1	4.317643	-6.26	35.58	15.10	-105.60	-48.98	10233.89	-6.26	0.00	0.00	35.58
2	0	1	1	4.334370	-6.02	35.36	14.63	-12.90	-28.66	5541.87	-6.02	0.00	0.00	35.36
2	0	1	1	4.351011	-6.02	35.36	0.00	0.00	-878.87	775.37	-6.02	0.00	0.00	35.36
2	0	1	1	4.367744	-6.02	35.36	0.00	0.00	0.00	0.00	-6.02	0.00	0.00	35.36
2	0	1	1	4.384390	-6.02	35.36	0.00	0.00	0.00	0.00	-6.02	0.00	0.00	35.36
2	0	1	1	4.401035	-6.02	35.36	0.00	0.00	0.00	0.00	-6.02	0.00	0.00	35.36
2	0	1	1	4.417609	-6.26	35.32	-14.68	-2.55	-885.80	-153.91	-6.26	0.00	0.00	35.32
2	0	1	1	4.434302	-6.26	35.32	0.00	0.00	879.40	152.80	-6.26	0.00	0.00	35.32
2	0	1	1	4.450966	-6.26	34.80	0.17	-30.99	9.95	-1859.57	-6.26	0.00	0.00	34.80
2	0	1	1	4.467621	-6.26	34.55	0.09	-15.51	-4.82	929.51	-6.26	0.00	0.00	34.55
2	0	1	1	4.484336	-6.26	34.29	0.09	-15.45	0.09	3.16	-6.26	0.00	0.00	34.29
2	0	1	1	4.500983	-6.26	34.03	0.09	-15.52	0.13	-4.01	-6.26	0.00	0.00	34.03
2	0	1	1	4.517655	-6.25	33.77	0.09	-15.50	0.11	1.23	-6.25	0.00	0.00	33.77
2	0	1	1	4.534349	-6.25	33.51	0.09	-15.48	0.11	1.05	-6.25	0.00	0.00	33.51
2	0	1	1	4.550959	-6.25	32.99	0.19	-31.13	6.03	-942.33	-6.25	0.00	0.00	32.99
2	0	1	1	4.567721	-6.24	32.22	0.30	-46.30	6.57	-904.97	-6.24	0.00	0.00	32.22
2	0	1	1	4.584265	-6.24	31.44	0.33	-46.94	1.53	-38.77	-6.24	0.00	0.00	31.44
2	0	1	1	4.601004	-6.21	28.07	1.71	-201.51	82.26	-9233.96	-6.21	0.00	0.00	28.07
2	0	1	1	4.617621	-6.18	25.46	1.76	-156.75	3.43	2693.75	-6.18	0.00	0.00	25.46
2	0	1	1	4.634350	-5.92	23.69	15.38	-105.85	813.85	3042.85	-5.92	0.00	0.00	23.69
2	0	1	1	4.650980	-6.14	22.85	-13.15	-50.82	-1715.33	3308.74	-6.14	0.00	0.00	22.85
2	0	1	1	4.667700	-5.89	21.60	15.04	-74.74	1685.95	-1430.69	-5.89	0.00	0.00	21.60
2	0	1	1	4.684402	-6.08	19.95	-11.56	-98.45	-1592.74	-1419.55	-6.08	0.00	0.00	19.95
2	0	1	1	4.700955	-6.05	18.63	2.08	-79.90	823.93	1120.52	-6.05	0.00	0.00	18.63
2	0	1	1	4.717630	-6.03	17.84	1.42	-47.74	-39.30	1928.67	-6.03	0.00	0.00	17.84
2	0	1	1	4.734319	-6.00	17.04	1.59	-47.83	9.75	-4.92	-6.00	0.00	0.00	17.04
2	0	1	1	4.751087	-6.17	15.89	-9.98	-68.39	-689.94	-1226.64	-6.17	0.00	0.00	15.89
2	0	1	1	4.767622	-6.30	14.46	-7.93	-86.44	123.99	-1091.09	-6.30	0.00	0.00	14.46
2	0	1	1	4.784339	-6.37	12.74	-4.40	-102.81	211.09	-979.76	-6.37	0.00	0.00	12.74
2	0	1	1	4.801027	-6.24	9.90	7.81	-170.37	731.78	-4048.01	-6.24	0.00	0.00	9.90
3	1	0	2	4.817789	-6.12	9.07	-1.27	1.88	-0.26	0.39	0.00	9.07	-6.12	0.00
3	1	1	2	4.834710	-5.99	7.59	7.47	-87.57	516.23	-5286.02	0.00	7.59	-5.99	0.00
3	1	1	2	4.850982	-5.57	5.94	25.96	-101.32	1136.47	-844.96	0.00	5.94	-5.57	0.00
3	1	1	2	4.867715	-5.58	5.21	-0.69	-43.72	-1592.81	3442.08	0.00	5.21	-5.58	0.00
3	1	1	2	4.884356	-5.77	5.00	-11.30	-12.56	-637.28	1872.56	0.00	5.00	-5.77	0.00
3	1	1	2	4.901082	-5.96	4.77	-11.49	-13.80	-11.45	-73.86	0.00	4.77	-5.96	0.00
3	1	1	2	4.917682	-6.06	4.64	-5.86	-7.48	339.33	380.64	0.00	4.64	-6.06	0.00
3	1	1	2	4.934405	-6.15	4.51	-5.84	-7.79	0.93	-18.64	0.00	4.51	-6.15	0.00
3	1	1	2	4.951081	-6.15	4.51	0.00	0.00	350.26	467.09	0.00	4.51	-6.15	0.00
3	1	1	2	4.967719	-6.25	4.38	-5.88	-8.21	-353.66	-493.57	0.00	4.38	-6.25	0.00
3	1	1	2	4.984561	-6.82	3.96	-33.71	-24.74	-1652.10	-981.27	0.00	3.96	-6.82	0.00
3	1	1	2	5.001038	-7.19	3.82	-22.41	-8.54	685.89	982.94	0.00	3.82	-7.19	0.00
3	1	1	2	5.017717	-7.37	3.46	-10.91	-21.83	689.54	-796.66	0.00	3.46	-7.37	0.00
3	1	1	2	5.034350	-7.37	3.46	0.00	0.00	655.67	1312.36	0.00	3.46	-7.37	0.00
3	1	1	2	5.051037	-7.46	3.26	-5.22	-11.52	-312.78	-690.41	0.00	3.26	-7.46	0.00
3	1	1	2	5.067668	-7.46	3.26	0.00	0.00	313.82	692.72	0.00	3.26	-7.46	0.00
3	1	1	2	5.084401	-7.46	3.26	0.00	0.00	0.00	0.00	0.00	3.26	-7.46	0.00
3	1	1	2	5.101025	-7.73	3.28	-16.25	0.95	-977.81	57.02	0.00	3.28	-7.73	0.00
3	1	1	2	5.117789	-8.27	3.31	-32.13	1.68	-947.25	43.51	0.00	3.31	-8.27	0.00
3	1	1	2	5.134347	-8.27	3.31	0.00	0.00	1940.79	-101.31	0.00	3.31	-8.27	0.00
3	1	1	2	5.151161	-8.27	3.31	0.00	0.00	0.00	0.00	0.00	3.31	-8.27	0.00
3	1	1	2	5.167789	-8.27	3.31	0.00	0.00	0.00	0.00	0.00	3.31	-8.27	0.00
3	1	1	2	5.184466	-8.27	3.31	0.00	0.00	0.00	0.00	0.00	3.31	-8.27	0.00
3	1	1	2	5.201115	-8.54	3.32	-16.13	0.75	-968.70	45.33	0.00	3.32	-8.54	0.00
3	1	1	2	5.217722	-8.80	3.33	-16.14	0.70	-0.56	-3.07	0.00	3.33	-8.80	0.00
3	1	1	2	5.234379	-10.93	3.40	-127.73	4.18	-6699.63	208.98	0.00	3.40	-10.93	0.00
3	1	1	2	5.251452	-12.57	3.20	-96.12	-11.49	1851.19	-917.77	0.00	3.20	-12.57	0.00
3	1	1	2	5.267768	-14.66	3.23	-127.83	1.53	-1943.45	797.87	0.00	3.23	-14.66	0.00
3	1	1	2	5.284386	-15.96	3.24	-78.09	0.68	2992.98	-51.36	0.00	3.24	-15.96	0.00
3	1	1	2	5.301076	-17.51	3.25	-93.04	0.63	-895.68	-2.68	0.00	3.25	-17.51	0.00
3	1	1	2	5.317818	-18.28	3.26	-46.29	0.26	2792.77	-22.29	0.00	3.26	-18.28	0.00
3	1	1	2	5.334458	-18.80	3.26	-31.02	0.16	917.61	-6.17	0.00	3.26	-18.80	0.00
3	1	1	2	5.351212	-19.57	3.26	-46.17	0.21	-904.42	3.34	0.00	3.26	-19.57	0.00
3	1	1	2	5.367802	-20.35	3.27	-46.58	0.19	-24.81	-1.26	0.00	3.27	-20.35	0.00
3	1	1	2	5.384517	-20.86	3.27	-30.80	0.12	944.09	-4.58	0.00	3.27	-20.86	0.00
3	1	1	2	5.401182	-21.63	3.27	-46.31	0.16	-930.68	2.65	0.00	3.27	-21.63	0.00
3	1	1	2	5.417740	-22.40	3.27	-46.58	0.15	-16.18	-0.89	0.00	3.27	-22.40	0.00
3	1	1	2	5.434496	-23.17	3.27	-46.00	0.13	34.75	-0.92	0.00	3.27	-23.17	0.00
3	1	1	2	5.451541	-23.95	3.28	-45.19	0.12	47.29	-0.82	0.00	3.28	-23.95	0.00
3	1	1	2	5.467756	-24.72	3.28	-47.48	0.11	-141.07	-0.30	0.00	3.28	-24.72	0.00
3	1	1	2	5.484464	-24.97	3.28	-15.35	0.03	1922.69	-4.67	0.00	3.28	-24.97	0.00
3	1	1	2	5.501150	-26.25	3.28	-76.83	0.16	-3684.35	7.33	0.00	3.28	-26.25	0.00
3	1	1	2	5.517865	-27.02	3.28	-46.00	0.08	1844.88	-4.36	0.00	3.28	-27.02	0.00
3	1	1	2	5.534443	-27.53	3.28	-30.91	0.05	910.27	-1.88	0.00	3.28	-27.53	0.00
3	1	1	2	5.551101	-28.27	3.53	-44.32	15.02	-805.37	898.43	0.00	3.53	-28.27	0.00
3	1	1	2	5.567921	-29.30	3.54	-60.94	0.11	-987.90	-886.34	0.00	3.54	-29.30	0.00
3	1	1	2	5.584439	-29.56	5.26	-15.56	104.36	2747.24	6311.25	0.00	5.26	-29.56	0.00
3	1	1	2	5.601098	-30.29	5.51	-43.88	14.81	-1700.20	-5375.27	0.00	5.51	-30.29	0.00
3	1	1	2	5.617876	-31.02	5.75	-43.55	14.70	19.74	-6.99	0.00	5.75	-31.02	0.00
3	1	1	2	5.634527	-31.65	6.48	-38.18	43.66	322.66	1739.24	0.00	6.48	-31.65	0.00
3	1	1	2	5.651163	-32.28	7.20	-37.65	43.32	32.04	-20.47	0.00	7.20	-32.28	0.00
3	1	1	2	5.667884	-32.64	7.91	-21.34	42.52	974.96	-47.38	0.00	7.91	-32.64	0.00
3	1	1	2	5.684494	-34.29	8.63	-99.69	43.52	-4716.84	60.05	0.00	8.63	-34.29	0.00
3	1	1	2	5.701222	-35.68	9.35	-83.20	42.86	985.71	-39.68	0.00	9.35	-35.68	0.00
3	1	1	2	5.717798	-36.87	9.83	-71.70	29.02	693.52	-834.88	0.00	9.83	-36.87	0.00
3	1	1	2	5.734460	-38.26	10.55	-83.30	42.82	-696.30	828.41	0.00	10.55	-38.26	0.00
3	1	1	2	5.751192	-39.65	11.26	-82.83	42.52	28.25	-17.96	0.00	11.26	-39.65	0.00
3	1	1	2	5.767802	-40.17	11.27	-31.66	0.61	3081.11	-2523.12	0.00	11.27	-40.17	0.00
3	1	1	2	5.784515	-44.11	11.33	-235.34	3.98	-12186.63	201.58	0.00	11.33	-44.11	0.00
3	1	1	2	5.801229	-46.34	11.83	-133.79	29.77	6075.80	1542.63	0.00	11.83	-46.34	0.00
3	1	1	2	5.817886	-47.99	12.55	-99.24	43.26	2073.68	809.98	0.00	12.55	-47.99	0.00
3	1	1	2	5.834556	-49.97	13.05	-118.45	29.62	-1152.31	-818.37	0.00	13.05	-49.97	0.00
3	1	1	2	5.851173	-51.74	13.30	-106.67	15.58	708.88	-844.78	0.00	13.30	-51.74	0.00
3	1	1	2	5.867928	-52.99	13.56	-74.54	14.96	1918.00	-36.74	0.00	13.56	-52.99	0.00
3	1	1	2	5.884574	-54.30	13.57	-78.54	1.13	-240.44	-831.30	0.00	13.57	-54.30	0.00
3	1	1	2	5.901220	-54.56	13.58	-15.70	0.22	3775.12	-54.64	0.00	13.58	-54.56	0.00
3	1	1	2	5.917825	-54.82	13.58	-15.73	0.21	-2.15	-0.13	0.00	13.58	-54.82	0.00
3	1	1	2	5.934582	-54.76	13.81	3.47	13.86	1145.68	814.43	0.00	13.81	-54.76	0.00
3	1	1	2	5.951198	-55.08	13.59	-19.21	-13.77	-1364.99	-1662.93	0.00	13.59	-55.08	0.00
3	1	1	2	5.967856	-55.86	13.60	-47.02	0.62	-1669.09	863.58	0.00	13.60	-55.86	0.00
3	1	1	2	5.984439	-56.13	13.60	-15.74	0.20	1886.35	-25.07	0.00	13.60	-56.13	0.00
3	1	1	2	6.001211	-56.33	13.84	-12.17	14.11	212.72	829.25	0.00	13.84	-56.33	0.00
3	1	1	2	6.017829	-57.69	13.62	-81.88	-13.09	-4195.11	-1636.52	0.00	13.62	-57.69	0.00
3	1	1	2	6.034583	-58.94	13.87	-74.48	14.92	441.65	1671.38	0.00	13.87	-58.94	0.00
3	1	1	2	6.051146	-60.03	13.64	-66.18	-13.50	501.18	-1715.89	0.00	13.64	-60.03	0.00
3	1	1	2	6.067889	-60.76	13.89	-43.43	14.58	1359.07	1677.41	0.00	13.89	-60.76	0.00
3	1	1	2	6.084487	-61.54	13.90	-47.04	0.50	-217.68	-848.51	0.00	13.90	-61.54	0.00
3	1	1	2	6.101225	-62.64	13.67	-65.28	-13.52	-1089.70	-837.75	0.00	13.67	-62.64	0.00
3	1	1	2	6.117949	-63.67	13.68	-62.13	0.58	188.25	843.02	0.00	13.68	-63.67	0.00
3	1	1	2	6.134610	-64.97	13.69	-77.91	0.69	-947.04	6.69	0.00	13.69	-64.97	0.00
3	1	1	2	6.151190	-66.48	13.94	-90.88	15.18	-782.16	874.06	0.00	13.94	-66.48	0.00
3	1	1	2	6.167935	-68.55	13.96	-123.90	1.01	-1972.28	-846.44	0.00	13.96	-68.55	0.00
3	1	1	2	6.184675	-70.41	13.73	-111.17	-13.54	760.72	-869.01	0.00	13.73	-70.41	0.00
3	1	1	2	6.201193	-71.92	13.98	-91.19	15.21	1209.91	1740.61	0.00	13.98	-71.92	0.00
3	1	1	2	6.217947	-72.74	13.75	-49.08	-14.08	2512.97	-1748.29	0.00	13.75	-72.74	0.00
3	1	1	2	6.234650	-72.96	13.99	-12.74	14.54	2176.06	1713.46	0.00	13.99	-72.96	0.00
3	1	1	2	6.251291	-75.07	13.76	-127.01	-13.75	-6867.17	-1699.93	0.00	13.76	-75.07	0.00
3	1	1	2	6.267984	-76.15	13.53	-64.50	-14.18	3744.57	-25.96	0.00	13.53	-76.15	0.00
3	1	1	2	6.284557	-77.24	11.57	-65.95	-117.82	-87.15	-6253.46	0.00	11.57	-77.24	0.00
3	1	1	2	6.301280	-77.99	9.84	-44.99	-103.43	1253.43	860.37	0.00	9.84	-77.99	0.00
3	1	1	2	6.317903	-78.17	8.35	-10.48	-89.98	2075.70	809.16	0.00	8.35	-78.17	0.00
3	1	1	2	6.334727	-78.29	7.09	-7.35	-74.51	185.94	919.55	0.00	7.09	-78.29	0.00
3	1	1	2	6.351356	-78.92	5.58	-38.03	-90.88	-1844.51	-984.42	0.00	5.58	-78.92	0.00
3	1	1	2	6.368018	-79.75	4.57	-49.78	-60.69	-705.51	1812.34	0.00	4.57	-79.75	0.00
3	1	1	2	6.384677	-80.83	3.30	-64.89	-76.07	-907.03	-923.67	0.00	3.30	-80.83	0.00
3	1	1	2	6.401328	-81.89	2.29	-63.25	-61.00	98.63	904.99	0.00	2.29	-81.89	0.00
3	1	1	2	6.418018	-83.70	0.76	-108.41	-91.41	-2705.63	-1821.53	0.00	0.76	-83.70	0.00
3	1	1	2	6.434574	-84.46	-0.25	-46.29	-61.46	3752.20	1808.57	0.00	-0.25	-84.46	0.00
3	1	1	2	6.451627	-85.98	-1.27	-88.98	-59.66	-2503.57	105.44	0.00	-1.27	-85.98	0.00
3	1	1	2	6.468023	-86.73	-1.78	-46.01	-31.02	2620.86	1747.15	0.00	-1.78	-86.73	0.00
3	1	1	2	6.484661	-87.73	-2.54	-60.05	-45.83	-843.62	-890.17	0.00	-2.54	-87.73	0.00
3	1	1	2	6.501355	-87.98	-2.80	-14.78	-15.22	2711.23	1833.64	0.00	-2.80	-87.98	0.00
3	1	1	2	6.517924	-87.97	-3.05	0.51	-15.33	922.98	-6.63	0.00	-3.05	-87.97	0.00
3	1	1	2	6.534654	-87.97	-3.05	0.00	0.00	-30.45	916.26	0.00	-3.05	-87.97	0.00
3	1	1	2	6.551299	-87.97	-3.05	0.00	0.00	0.00	0.00	0.00	-3.05	-87.97	0.00
3	1	1	2	6.567899	-88.23	-3.05	-15.33	-0.00	-923.79	-0.04	0.00	-3.05	-88.23	0.00
3	1	1	2	6.584676	-88.48	-3.05	-15.17	-0.00	9.67	0.00	0.00	-3.05	-88.48	0.00
3	1	1	2	6.601323	-88.99	-3.05	-30.58	-0.00	-925.81	-0.04	0.00	-3.05	-88.99	0.00
3	1	1	2	6.617991	-89.24	-3.05	-15.27	-0.00	918.64	0.04	0.00	-3.05	-89.24	0.00
3	1	1	2	6.634625	-89.75	-3.05	-30.61	-0.00	-921.84	-0.04	0.00	-3.05	-89.75	0.00
3	1	1	2	6.651307	-90.01	-3.05	-15.26	-0.00	919.96	0.04	0.00	-3.05	-90.01	0.00
3	1	1	2	6.667984	-90.26	-3.05	-15.26	-0.00	-0.25	0.00	0.00	-3.05	-90.26	0.00
3	1	1	2	6.684696	-90.52	-3.05	-15.23	-0.00	1.95	0.00	0.00	-3.05	-90.52	0.00
3	1	1	2	6.701322	-90.52	-3.05	0.00	0.00	916.10	0.04	0.00	-3.05	-90.52	0.00
3	1	1	2	6.718013	-90.77	-3.05	-15.25	-0.00	-913.69	-0.03	0.00	-3.05	-90.77	0.00
3	1	1	2	6.734611	-91.28	-3.05	-30.67	-0.00	-929.14	-0.03	0.00	-3.05	-91.28	0.00
3	1	1	2	6.751313	-91.79	-3.05	-30.48	-0.00	11.53	0.00	0.00	-3.05	-91.79	0.00
3	1	1	2	6.767996	-92.55	-3.05	-45.77	-0.00	-916.81	-0.03	0.00	-3.05	-92.55	0.00
3	1	1	2	6.784702	-93.32	-3.05	-45.71	-0.00	3.88	0.00	0.00	-3.05	-93.32	0.00
3	1	1	2	6.801343	-93.83	-3.05	-30.59	-0.00	908.47	0.03	0.00	-3.05	-93.83	0.00
3	1	1	2	6.818015	-94.59	-3.05	-45.80	-0.00	-912.41	-0.03	0.00	-3.05	-94.59	0.00
3	1	1	2	6.834760	-94.59	-3.05	0.00	0.00	2735.25	0.09	0.00	-3.05	-94.59	0.00
3	1	1	2	6.851387	-94.84	-3.05	-15.31	-0.00	-920.68	-0.03	0.00	-3.05	-94.84	0.00
3	1	1	2	6.868050	-95.10	-3.05	-15.28	-0.00	1.96	0.00	0.00	-3.05	-95.10	0.00
3	1	1	2	6.884639	-95.10	-3.05	0.00	0.00	920.81	0.03	0.00	-3.05	-95.10	0.00
3	1	1	2	6.901548	-94.84	-3.05	15.05	0.00	890.30	0.03	0.00	-3.05	-94.84	0.00
3	1	1	2	6.918115	-94.84	-3.05	0.00	0.00	-908.65	-0.03	0.00	-3.05	-94.84	0.00
3	1	1	2	6.934680	-95.10	-3.05	-15.37	-0.00	-927.59	-0.03	0.00	-3.05	-95.10	0.00
3	1	1	2	6.951320	-95.10	-3.05	0.00	0.00	923.42	0.03	0.00	-3.05	-95.10	0.00
3	1	1	2	6.968089	-95.35	-3.05	-15.18	-0.00	-905.10	-0.03	0.00	-3.05	-95.35	0.00
3	1	1	2	6.984714	-95.10	-3.05	15.31	0.00	1833.92	0.06	0.00	-3.05	-95.10	0.00
3	1	1	2	7.001317	-95.11	-2.80	-0.47	15.30	-950.51	921.59	0.00	-2.80	-95.11	0.00
3	1	1	2	7.018004	-95.11	-2.80	0.00	0.00	28.19	-916.93	0.00	-2.80	-95.11	0.00
3	1	1	2	7.034655	-95.10	-3.05	0.47	-15.26	28.18	-916.37	0.00	-3.05	-95.10	0.00
3	0	1	2	7.051487	-95.35	-3.05	-13.52	-0.43	-1.92	-0.06	0.00	-3.05	-95.35	0.00
3	0	1	2	7.068450	-95.35	-3.05	0.00	0.00	797.14	25.51	0.00	-3.05	-95.35	0.00
3	0	1	2	7.084724	-95.36	-2.80	-0.48	15.61	-29.42	959.27	0.00	-2.80	-95.36	0.00
3	0	1	2	7.101398	-95.61	-2.80	-15.26	-0.00	-886.69	-936.24	0.00	-2.80	-95.61	0.00
3	0	1	2	7.118090	-96.12	-3.05	-30.03	-15.22	-884.73	-911.81	0.00	-3.05	-96.12	0.00
3	0	1	2	7.134776	-97.14	-2.80	-61.47	15.22	-1884.36	1824.53	0.00	-2.80	-97.14	0.00
3	0	1	2	7.151431	-97.40	-2.80	-15.28	-0.00	2773.60	-914.12	0.00	-2.80	-97.40	0.00
3	0	1	2	7.168039	-98.41	-2.80	-61.30	-0.00	-2770.73	-0.06	0.00	-2.80	-98.41	0.00
3	0	1	2	7.184730	-98.66	-3.05	-14.80	-15.22	2785.94	-911.87	0.00	-3.05	-98.66	0.00
3	0	1	2	7.201313	-100.19	-3.05	-92.09	-0.00	-4660.72	917.73	0.00	-3.05	-100.19	0.00
3	0	1	2	7.217975	-100.70	-2.80	-30.99	15.25	3666.69	915.35	0.00	-2.80	-100.70	0.00
3	0	1	2	7.234691	-100.96	-2.80	-15.23	-0.00	943.37	-912.25	0.00	-2.80	-100.96	0.00
3	0	1	2	7.251461	-100.96	-2.80	0.00	0.00	907.90	0.02	0.00	-2.80	-100.96	0.00
3	0	1	2	7.268118	-100.70	-2.80	15.28	0.00	917.27	0.02	0.00	-2.80	-100.70	0.00
3	0	1	2	7.284716	-100.45	-2.80	15.33	0.00	3.23	0.00	0.00	-2.80	-100.45	0.00
3	0	1	2	7.301398	-100.46	-2.54	-0.40	15.23	-943.40	913.21	0.00	-2.54	-100.46	0.00
3	0	1	2	7.318127	-99.71	-1.78	44.65	45.59	2693.01	1814.48	0.00	-1.78	-99.71	0.00
3	0	1	2	7.334795	-98.44	-1.78	76.33	0.00	1900.75	-2735.16	0.00	-1.78	-98.44	0.00
3	0	1	2	7.351468	-98.19	-1.53	15.00	15.25	-3678.13	914.79	0.00	-1.53	-98.19	0.00
3	0	1	2	7.368144	-97.17	-1.27	60.81	15.25	2746.52	-0.12	0.00	-1.27	-97.17	0.00
3	0	1	2	7.384842	-94.63	-1.27	152.38	0.00	5483.99	-913.32	0.00	-1.27	-94.63	0.00
3	0	1	2	7.401406	-90.05	-1.53	276.71	-15.35	7506.04	-926.80	0.00	-1.53	-90.05	0.00
3	0	1	2	7.418134	-85.98	-1.27	243.12	15.20	-2007.93	1826.61	0.00	-1.27	-85.98	0.00
3	0	1	2	7.434768	-81.65	-1.27	260.04	0.00	1016.80	-913.97	0.00	-1.27	-81.65	0.00
3	0	1	2	7.451437	-78.35	-1.27	198.43	0.00	-3695.90	-0.01	0.00	-1.27	-78.35	0.00
3	0	1	2	7.468088	-73.76	-1.53	275.35	-15.27	4619.77	-917.10	0.00	-1.53	-73.76	0.00
3	0	1	2	7.484775	-68.67	-1.53	304.97	0.00	1775.27	915.20	0.00	-1.53	-68.67	0.00
3	0	1	2	7.501761	-64.60	-1.53	239.71	0.00	-3842.52	-0.01	0.00	-1.53	-64.60	0.00
3	0	1	2	7.518176	-62.82	-1.27	108.17	15.49	-8012.95	943.32	0.00	-1.27	-62.82	0.00
3	0	1	2	7.535032	-62.06	-1.53	45.63	-15.08	-3710.49	-1813.55	0.00	-1.53	-62.06	0.00
3	0	1	2	7.551425	-61.55	-1.27	30.69	15.51	-910.95	1865.92	0.00	-1.27	-61.55	0.00
3	0	1	2	7.568148	-61.81	-1.27	-15.22	-0.00	-2745.40	-927.32	0.00	-1.27	-61.81	0.00
3	0	1	2	7.584809	-61.81	-1.27	0.00	0.00	913.28	0.01	0.00	-1.27	-61.81	0.00
3	0	1	2	7.601603	-62.06	-1.27	-15.15	-0.00	-902.21	-0.01	0.00	-1.27	-62.06	0.00
3	0	1	2	7.618608	-61.55	-1.53	30.27	-14.95	2670.97	-879.09	0.00	-1.53	-61.55	0.00
3	0	1	2	7.634801	-60.53	-1.27	62.50	15.70	1990.46	1892.65	0.00	-1.27	-60.53	0.00
3	0	1	2	7.651492	-57.99	-1.27	152.45	0.00	5388.94	-940.44	0.00	-1.27	-57.99	0.00
3	0	1	2	7.668186	-56.46	-1.53	91.84	-15.22	-3630.81	-912.13	0.00	-1.53	-56.46	0.00
3	0	1	2	7.684872	-54.17	-1.53	137.27	0.00	2722.27	912.57	0.00	-1.53	-54.17	0.00
3	0	1	2	7.701478	-52.90	-1.27	76.23	15.31	-3675.71	921.54	0.00	-1.27	-52.90	0.00
3	0	1	2	7.718178	-50.86	-1.27	121.91	0.00	2735.22	-916.40	0.00	-1.27	-50.86	0.00
3	0	1	2	7.734958	-49.33	-1.53	91.43	-15.14	-1816.34	-902.51	0.00	-1.53	-49.33	0.00
3	0	1	2	7.751783	-47.29	-1.53	121.02	0.00	1758.66	900.15	0.00	-1.53	-47.29	0.00
3	0	1	2	7.768237	-46.03	-1.27	76.88	15.44	-2682.60	938.32	0.00	-1.27	-46.03	0.00
3	0	1	2	7.784888	-43.99	-1.53	122.76	-15.25	2755.66	-1843.50	0.00	-1.53	-43.99	0.00
3	0	1	2	7.801486	-41.69	-1.53	138.03	0.01	919.69	919.30	0.00	-1.53	-41.69	0.00
3	0	1	2	7.818104	-41.70	-1.27	-0.51	15.28	-8337.19	919.37	0.00	-1.27	-41.70	0.00
3	0	1	2	7.834819	-41.19	-1.27	30.45	0.00	1852.60	-914.30	0.00	-1.27	-41.19	0.00
3	0	1	2	7.851503	-39.40	-1.53	107.33	-15.22	4608.08	-912.11	0.00	-1.53	-39.40	0.00
3	0	1	2	7.868146	-37.63	-1.27	106.52	15.26	-49.00	1831.24	0.00	-1.27	-37.63	0.00
3	0	1	2	7.884860	-35.59	-1.27	121.84	0.01	916.53	-912.73	0.00	-1.27	-35.59	0.00
3	0	1	2	7.901530	-33.58	-0.51	120.96	45.74	-52.50	2743.60	0.00	-0.51	-33.58	0.00
3	0	1	2	7.918184	-32.31	-0.25	76.21	15.27	-2687.38	-1829.37	0.00	-0.25	-32.31	0.00
3	0	1	2	7.934884	-30.53	0.00	106.58	15.23	1818.52	-2.35	0.00	-0.00	-30.53	0.00
3	0	1	2	7.951564	-29.51	0.51	61.27	30.50	-2716.08	915.26	0.00	0.51	-29.51	0.00
3	0	1	2	7.968298	-27.96	1.27	92.68	45.53	1877.00	898.50	0.00	1.27	-27.96	0.00
3	0	1	2	7.984887	-27.18	1.52	46.84	15.27	-2763.26	-1824.37	0.00	1.52	-27.18	0.00
3	0	1	2	8.001583	-26.14	1.78	62.00	15.13	908.10	-8.11	0.00	1.78	-26.14	0.00
3	0	1	2	8.018204	-25.08	2.28	63.82	30.29	109.30	911.99	0.00	2.28	-25.08	0.00
3	0	1	2	8.035143	-24.26	2.78	48.32	29.52	-914.80	-45.68	0.00	2.78	-24.26	0.00
3	0	1	2	8.051502	-23.43	3.28	50.88	30.27	155.96	45.77	0.00	3.28	-23.43	0.00
3	0	1	2	8.068252	-22.37	3.52	63.57	14.51	757.97	-940.98	0.00	3.52	-22.37	0.00
3	0	1	2	8.084893	-21.16	4.48	72.82	57.78	555.59	2600.58	0.00	4.48	-21.16	0.00
3	0	1	2	8.101481	-20.47	5.18	41.28	42.16	-1901.32	-941.71	0.00	5.18	-20.47	0.00
3	0	1	2	8.118239	-19.69	5.17	46.85	-0.71	332.34	-2558.07	0.00	5.17	-19.69	0.00
3	0	1	2	8.135296	-18.70	5.83	57.67	38.79	634.47	2315.86	0.00	5.83	-18.70	0.00
3	0	1	2	8.151544	-18.03	6.25	41.48	25.88	-996.43	-794.72	0.00	6.25	-18.03	0.00
3	0	1	2	8.168208	-17.69	6.45	20.54	12.19	-1256.53	-821.39	0.00	6.45	-17.69	0.00
3	0	1	2	8.184759	-17.34	6.65	20.89	11.97	20.98	-13.72	0.00	6.65	-17.34	0.00
3	0	1	2	8.201554	-16.99	6.84	20.78	11.47	-6.23	-29.66	0.00	6.84	-16.99	0.00
3	0	1	2	8.218234	-16.99	6.84	0.00	0.00	-1246.05	-687.53	0.00	6.84	-16.99	0.00
3	0	1	2	8.235321	-16.91	7.05	4.83	11.80	282.86	690.40	0.00	7.05	-16.91	0.00
4	1	0	4	8.251778	-16.64	7.03	-2.02	0.85	-0.24	0.10	0.00	7.03	-16.64	0.00
4	1	1	4	8.268701	-16.01	7.19	37.01	9.66	2306.02	520.72	0.00	7.19	-16.01	0.00
4	1	1	4	8.284968	-15.65	7.37	22.08	10.59	-917.54	56.78	0.00	7.37	-15.65	0.00
4	1	1	4	8.301630	-15.56	7.55	5.36	11.21	-1003.63	37.57	0.00	7.55	-15.56	0.00
4	1	1	4	8.318180	-15.56	7.55	0.00	0.00	-323.82	-677.56	0.00	7.55	-15.56	0.00
4	1	1	4	8.334882	-15.47	7.74	5.42	11.00	324.32	658.35	0.00	7.74	-15.47	0.00
4	1	1	4	8.351532	-15.47	7.74	0.00	0.00	-325.33	-660.39	0.00	7.74	-15.47	0.00
4	1	1	4	8.368298	-15.47	7.74	0.00	0.00	0.00	0.00	0.00	7.74	-15.47	0.00
4	1	1	4	8.384866	-15.47	7.74	0.00	0.00	0.00	0.00	0.00	7.74	-15.47	0.00
4	1	1	4	8.401665	-15.47	7.74	0.00	0.00	0.00	0.00	0.00	7.74	-15.47	0.00
4	1	1	4	8.418282	-15.47	7.74	0.00	0.00	0.00	0.00	0.00	7.74	-15.47	0.00
4	1	1	4	8.434909	-15.47	7.74	0.00	0.00	0.00	0.00	0.00	7.74	-15.47	0.00
4	1	1	4	8.451515	-15.20	7.71	16.45	-1.39	990.69	-83.99	0.00	7.71	-15.20	0.00
4	1	1	4	8.468397	-15.20	7.71	0.00	0.00	-974.50	82.62	0.00	7.71	-15.20	0.00
4	1	1	4	8.484880	-14.83	7.87	22.21	9.29	1347.20	563.42	0.00	7.87	-14.83	0.00
4	1	1	4	8.501729	-14.29	7.81	32.56	-3.22	614.76	-742.20	0.00	7.81	-14.29	0.00
4	1	1	4	8.518297	-13.64	7.92	38.92	6.52	383.88	587.65	0.00	7.92	-13.64	0.00
4	1	1	4	8.534979	-12.44	7.94	71.97	0.93	1980.84	-334.98	0.00	7.94	-12.44	0.00
4	1	1	4	8.551658	-11.89	7.85	33.17	-4.93	-2326.04	-350.97	0.00	7.85	-11.89	0.00
4	1	1	4	8.568204	-11.33	7.77	33.46	-5.35	17.64	-25.64	0.00	7.77	-11.33	0.00
4	1	1	4	8.584962	-10.68	7.81	38.89	2.40	324.03	462.68	0.00	7.81	-10.68	0.00
4	1	1	4	8.601668	-10.22	7.57	27.29	-14.29	-694.45	-999.57	0.00	7.57	-10.22	0.00
4	1	1	4	8.618273	-9.95	7.51	16.67	-3.29	-639.69	662.87	0.00	7.51	-9.95	0.00
4	1	1	4	8.634948	-9.40	7.40	33.17	-6.95	989.64	-219.31	0.00	7.40	-9.40	0.00
4	1	1	4	8.651861	-8.75	7.39	38.33	-0.59	304.96	375.80	0.00	7.39	-8.75	0.00
4	1	1	4	8.668291	-6.56	6.75	132.84	-38.93	5752.34	-2333.68	0.00	6.75	-6.56	0.00
4	1	1	4	8.684942	-6.47	6.84	5.74	5.51	-7633.05	2668.77	0.00	6.84	-6.47	0.00
4	1	1	4	8.701612	-5.81	7.41	39.71	34.21	2037.55	1721.93	0.00	7.41	-5.81	0.00
4	1	1	4	8.718311	-4.48	8.28	79.68	52.22	2393.98	1078.68	0.00	8.28	-4.48	0.00
4	1	1	4	8.735017	-2.68	9.02	107.36	44.42	1656.80	-467.42	0.00	9.02	-2.68	0.00
4	1	1	4	8.751557	-0.25	9.41	146.81	23.39	2384.91	-1271.27	0.00	9.41	-0.25	0.00
4	1	1	4	8.768255	1.99	9.20	134.36	-12.53	-745.56	-2150.85	0.00	9.20	1.99	-0.00
4	1	1	4	8.785022	3.54	8.72	92.28	-28.45	-2509.57	-949.74	0.00	8.72	3.54	-0.00
4	1	1	4	8.801610	5.12	7.90	95.60	-49.81	200.33	-1287.52	0.00	7.90	5.12	-0.00
4	1	1	4	8.818319	6.27	7.02	68.41	-52.20	-1627.83	-143.43	0.00	7.02	6.27	-0.00
4	1	1	4	8.834997	8.29	7.14	121.52	6.61	3184.76	3526.55	0.00	7.14	8.29	-0.00
4	1	1	4	8.851676	9.67	7.46	82.70	19.19	-2327.43	754.02	0.00	7.46	9.67	-0.00
4	1	1	4	8.868309	11.89	7.85	133.16	23.95	3033.86	286.46	0.00	7.85	11.89	-0.00
4	1	1	4	8.885011	14.74	8.04	170.88	11.18	2257.92	-764.89	0.00	8.04	14.74	-0.00
4	1	1	4	8.901655	17.75	8.30	180.54	15.40	580.81	253.68	0.00	8.30	17.75	-0.00
4	1	1	4	8.918324	21.95	8.11	252.46	-10.99	4314.20	-1582.94	0.00	8.11	21.95	-0.00
4	1	1	4	8.935019	24.69	4.99	163.72	-187.25	-5315.27	-10557.64	0.00	4.99	24.69	-0.00
4	1	1	4	8.951711	27.56	3.03	172.32	-116.99	514.99	4208.86	0.00	3.03	27.56	-0.00
4	1	1	4	8.968236	29.46	1.78	114.60	-76.06	-3492.91	2477.15	0.00	1.78	29.46	-0.00
4	1	1	4	8.985029	30.51	1.02	62.78	-45.29	-3085.58	1832.26	0.00	1.02	30.51	-0.00
4	1	1	4	9.001699	31.54	0.51	61.82	-30.49	-57.70	887.59	0.00	0.51	31.54	-0.00
4	1	1	4	9.018299	31.80	0.25	15.51	-15.32	-2789.49	913.94	0.00	0.25	31.80	-0.00
4	1	1	4	9.034941	31.80	-0.25	0.00	-30.57	-932.04	-916.39	0.00	-0.25	31.80	-0.00
4	1	1	4	9.051701	32.05	-0.76	14.70	-30.35	877.01	13.47	0.00	-0.76	32.05	-0.00
4	1	1	4	9.068267	32.02	-1.52	-1.64	-45.98	-986.39	-943.76	0.00	-1.52	32.02	-0.00
4	1	1	4	9.085020	31.99	-2.03	-1.68	-30.23	-2.23	940.18	0.00	-2.03	31.99	-0.00
4	1	1	4	9.101681	31.99	-2.03	0.00	0.00	100.79	1814.37	0.00	-2.03	31.99	-0.00
4	1	1	4	9.118369	31.99	-2.03	0.00	0.00	0.00	0.00	0.00	-2.03	31.99	-0.00
4	1	1	4	9.135065	31.97	-2.28	-1.02	-15.13	-61.14	-906.36	0.00	-2.28	31.97	-0.00
4	1	1	4	9.151652	31.97	-2.28	0.00	0.00	61.55	912.38	0.00	-2.28	31.97	-0.00
4	1	1	4	9.168451	31.97	-2.28	0.00	0.00	0.00	0.00	0.00	-2.28	31.97	-0.00
4	1	1	4	9.185066	31.72	-2.28	-15.35	0.01	-923.93	0.34	0.00	-2.28	31.72	-0.00
4	1	1	4	9.201721	31.97	-2.28	15.31	-0.01	1841.12	-0.67	0.00	-2.28	31.97	-0.00
4	1	1	4	9.218305	31.97	-2.28	0.00	0.00	-923.41	0.34	0.00	-2.28	31.97	-0.00
4	1	1	4	9.235104	32.48	-2.28	30.36	-0.01	1807.30	-0.64	0.00	-2.28	32.48	-0.00
4	1	1	4	9.251745	33.26	-2.03	46.96	15.18	997.43	912.68	0.00	-2.03	33.26	-0.00
4	1	1	4	9.268342	34.78	-2.28	91.19	-15.26	2664.85	-1833.88	0.00	-2.28	34.78	-0.00
4	1	1	4	9.285102	36.31	-2.29	91.26	-0.02	4.23	909.02	0.00	-2.29	36.31	-0.00
4	1	1	4	9.301639	37.84	-2.29	92.48	-0.02	73.84	0.15	0.00	-2.29	37.84	-0.00
4	1	1	4	9.318330	39.62	-2.29	106.88	-0.02	862.50	-0.02	0.00	-2.29	39.62	-0.00
4	1	1	4	9.335131	41.14	-2.54	90.11	-15.08	-997.72	-896.29	0.00	-2.54	41.14	-0.00
4	1	1	4	9.351791	42.90	-2.79	106.14	-15.21	962.18	-7.52	0.00	-2.79	42.90	-0.00
4	1	1	4	9.368449	44.16	-3.05	75.52	-15.19	-1838.63	0.76	0.00	-3.05	44.16	-0.00
4	1	1	4	9.385151	44.93	-3.05	45.80	-0.01	-1779.10	908.79	0.00	-3.05	44.93	-0.00
4	1	1	4	9.401791	45.69	-3.05	45.97	-0.01	9.97	0.04	0.00	-3.05	45.69	-0.00
4	1	1	4	9.418390	45.69	-3.05	0.00	0.00	-2769.32	0.83	0.00	-3.05	45.69	-0.00
4	1	1	4	9.435108	45.67	-3.30	-1.05	-15.11	-62.75	-903.65	0.00	-3.30	45.67	-0.00
4	1	1	4	9.451777	45.69	-3.05	1.05	15.15	126.06	1815.29	0.00	-3.05	45.69	-0.00
4	1	1	4	9.468348	45.69	-3.05	0.00	0.00	-63.50	-914.38	0.00	-3.05	45.69	-0.00
4	1	1	4	9.485102	45.67	-3.30	-1.05	-15.08	-62.49	-899.88	0.00	-3.30	45.67	-0.00
4	1	1	4	9.501797	45.67	-3.30	0.00	0.00	62.71	903.01	0.00	-3.30	45.67	-0.00
4	1	1	4	9.518370	45.93	-3.30	15.39	-0.01	928.60	-0.34	0.00	-3.30	45.93	-0.00
4	1	1	4	9.535059	45.93	-3.30	0.00	0.00	-922.17	0.34	0.00	-3.30	45.93	-0.00
4	1	1	4	9.551734	46.42	-3.55	29.47	-15.14	1767.38	-908.09	0.00	-3.55	46.42	-0.00
4	1	1	4	9.568349	47.40	-4.06	58.99	-30.36	1776.54	-915.69	0.00	-4.06	47.40	-0.00
4	1	1	4	9.585108	48.14	-4.31	44.40	-15.04	-870.60	914.10	0.00	-4.31	48.14	-0.00
4	1	1	4	9.601779	49.40	-4.56	75.24	-15.13	1850.02	-5.52	0.00	-4.56	49.40	-0.00
4	1	1	4	9.618447	50.88	-5.06	89.10	-30.19	831.67	-903.50	0.00	-5.06	50.88	-0.00
4	1	1	4	9.635146	51.63	-5.31	44.41	-15.05	-2676.11	906.58	0.00	-5.31	51.63	-0.00
4	1	1	4	9.651751	53.16	-5.32	92.39	-0.09	2889.49	900.66	0.00	-5.32	53.16	-0.00
4	1	1	4	9.668474	54.69	-5.32	91.71	-0.09	-40.80	0.50	0.00	-5.32	54.69	-0.00
4	1	1	4	9.685103	55.97	-5.32	76.84	-0.07	-894.01	1.16	0.00	-5.32	55.97	-0.00
4	1	1	4	9.702408	56.99	-5.32	59.06	-0.05	-1027.63	1.07	0.00	-5.32	56.99	-0.00
4	1	1	4	9.718419	58.53	-5.32	95.73	-0.07	2290.24	-1.57	0.00	-5.32	58.53	-0.00
4	1	1	4	9.735216	60.06	-5.32	91.24	-0.06	-267.53	0.52	0.00	-5.32	60.06	-0.00
4	1	1	4	9.751816	61.59	-5.32	92.30	-0.06	64.15	0.24	0.00	-5.32	61.59	-0.00
4	1	1	4	9.768448	62.36	-5.32	46.05	-0.03	-2780.54	1.93	0.00	-5.32	62.36	-0.00
4	1	1	4	9.785186	63.12	-5.32	45.76	-0.03	-17.78	0.07	0.00	-5.32	63.12	-0.00
4	1	1	4	9.801716	63.38	-5.32	15.44	-0.01	-1833.86	1.12	0.00	-5.32	63.38	-0.00
4	1	1	4	9.818616	63.89	-5.32	30.21	-0.02	873.66	-0.50	0.00	-5.32	63.89	-0.00
4	1	1	4	9.835109	64.14	-5.32	15.48	-0.01	-893.25	0.53	0.00	-5.32	64.14	-0.00
4	1	1	4	9.851779	64.14	-5.32	0.00	0.00	-928.48	0.53	0.00	-5.32	64.14	-0.00
4	1	1	4	9.868435	64.40	-5.32	15.33	-0.01	920.10	-0.52	0.00	-5.32	64.40	-0.00
4	1	1	4	9.885306	64.65	-5.32	15.13	-0.01	-11.58	0.01	0.00	-5.32	64.65	-0.00
4	1	1	4	9.901793	65.42	-5.32	46.45	-0.03	1899.44	-1.02	0.00	-5.32	65.42	-0.00
4	1	1	4	9.918710	65.93	-5.33	30.17	-0.02	-961.87	0.55	0.00	-5.33	65.93	-0.00
4	1	1	4	9.935198	67.21	-5.33	77.39	-0.04	2864.07	-1.41	0.00	-5.33	67.21	-0.00
4	1	1	4	9.951761	67.72	-5.33	30.81	-0.01	-2812.30	1.46	0.00	-5.33	67.72	-0.00
4	1	1	4	9.968541	68.74	-5.33	60.83	-0.03	1788.60	-0.81	0.00	-5.33	68.74	-0.00
4	1	1	4	9.985219	69.50	-5.33	45.90	-0.02	-895.25	0.47	0.00	-5.33	69.50	-0.00
4	1	1	4	10.001797	70.27	-5.33	46.17	-0.02	16.52	0.03	0.00	-5.33	70.27	-0.00
4	1	1	4	10.018521	71.03	-5.33	45.76	-0.02	-24.29	0.05	0.00	-5.33	71.03	-0.00
4	1	1	4	10.035165	72.05	-5.33	61.31	-0.03	933.74	-0.34	0.00	-5.33	72.05	-0.00
4	1	1	4	10.051773	72.56	-5.33	30.72	-0.01	-1841.69	0.78	0.00	-5.33	72.56	-0.00
4	1	1	4	10.068505	73.09	-5.08	31.56	15.08	50.45	901.83	0.00	-5.08	73.09	-0.00
4	1	1	4	10.085307	73.87	-4.82	46.54	15.03	891.38	-3.12	0.00	-4.82	73.87	-0.00
4	1	1	4	10.101900	75.45	-4.06	94.88	45.73	2913.31	1850.66	0.00	-4.06	75.45	-0.00
4	1	1	4	10.118834	76.26	-3.05	47.93	59.89	-2772.56	835.84	0.00	-3.05	76.26	-0.00
4	1	1	4	10.135299	77.31	-2.03	63.88	61.70	969.01	110.03	0.00	-2.03	77.31	-0.00
4	1	1	4	10.151840	78.34	-1.53	62.24	30.74	-99.21	-1871.94	0.00	-1.53	78.34	-0.00
4	1	1	4	10.168531	78.86	-0.25	31.35	76.19	-1850.80	2723.27	0.00	-0.25	78.86	-0.00
4	1	1	4	10.185444	80.39	0.51	90.18	45.13	3478.69	-1836.79	0.00	0.51	80.39	-0.00
4	1	1	4	10.201808	80.63	1.78	14.44	77.71	-4628.33	1990.88	0.00	1.78	80.63	-0.00
4	1	1	4	10.218598	81.61	3.05	58.38	75.66	2617.01	-121.90	0.00	3.05	81.61	-0.00
4	1	1	4	10.235387	82.10	3.56	29.11	30.23	-1743.60	-2705.64	0.00	3.56	82.10	-0.00
4	1	1	4	10.251842	82.81	4.57	43.40	61.62	868.39	1907.43	0.00	4.57	82.81	-0.00
4	1	1	4	10.268482	83.53	5.33	43.23	45.63	-10.22	-960.90	0.00	5.33	83.53	-0.00
4	1	1	4	10.285272	84.04	5.33	30.37	0.01	-766.22	-2717.35	0.00	5.33	84.04	-0.00
4	1	1	4	10.301882	84.02	5.58	-0.99	15.22	-1887.74	915.93	0.00	5.58	84.02	-0.00
4	1	1	4	10.318511	84.55	5.33	31.64	-15.19	1962.30	-1828.92	0.00	5.33	84.55	-0.00
4	1	1	4	10.335283	85.04	5.58	29.43	15.08	-132.02	1805.31	0.00	5.58	85.04	-0.00
4	1	1	4	10.351998	85.55	5.58	30.50	0.01	64.26	-901.85	0.00	5.58	85.55	-0.00
4	1	1	4	10.368581	85.81	5.59	15.37	0.00	-912.41	-0.26	0.00	5.59	85.81	-0.00
4	1	1	4	10.385175	86.32	5.59	30.73	0.01	925.27	0.25	0.00	5.59	86.32	-0.00
4	1	1	4	10.401987	87.59	5.59	75.81	0.02	2681.76	0.69	0.00	5.59	87.59	-0.00
4	1	1	4	10.418511	88.36	5.59	46.28	0.01	-1787.32	-0.49	0.00	5.59	88.36	-0.00
4	1	1	4	10.435299	88.37	5.33	0.93	-15.07	-2701.44	-898.32	0.00	5.33	88.37	-0.00
4	1	1	4	10.451925	88.37	5.33	0.00	0.00	-55.99	906.28	0.00	5.33	88.37	-0.00
4	1	1	4	10.468620	88.37	5.33	0.00	0.00	0.00	0.00	0.00	5.33	88.37	-0.00
4	1	1	4	10.485319	88.36	5.59	-0.94	15.15	-56.04	907.08	0.00	5.59	88.36	-0.00
4	1	1	4	10.501999	88.37	5.33	0.94	-15.17	112.28	-1817.37	0.00	5.33	88.37	-0.00
4	1	1	4	10.518635	88.37	5.33	0.00	0.00	-56.32	911.60	0.00	5.33	88.37	-0.00
4	1	1	4	10.535281	88.36	5.59	-0.94	15.20	-56.40	912.85	0.00	5.59	88.36	-0.00
4	1	1	4	10.551946	88.36	5.59	0.00	0.00	56.34	-911.86	0.00	5.59	88.36	-0.00
4	1	1	4	10.568570	88.37	5.33	0.94	-15.22	56.55	-915.26	0.00	5.33	88.37	-0.00
4	1	1	4	10.585219	88.37	5.33	0.00	0.00	-56.46	913.91	0.00	5.33	88.37	-0.00
4	1	1	4	10.601960	88.37	5.33	0.00	0.00	0.00	0.00	0.00	5.33	88.37	-0.00
4	1	1	4	10.618556	88.37	5.33	0.00	0.00	0.00	0.00	0.00	5.33	88.37	-0.00
4	1	1	4	10.635217	88.63	5.33	15.30	0.00	918.16	0.20	0.00	5.33	88.63	-0.00
4	1	1	4	10.651937	88.63	5.33	0.00	0.00	-914.88	-0.20	0.00	5.33	88.63	-0.00
4	1	1	4	10.668663	88.63	5.33	0.00	0.00	0.00	0.00	0.00	5.33	88.63	-0.00
4	1	1	4	10.685306	88.61	5.59	-0.94	15.20	-56.26	913.23	0.00	5.59	88.61	-0.00
4	1	1	4	10.702004	89.14	5.33	31.46	-15.14	1940.10	-1817.12	0.00	5.33	89.14	-0.00
4	1	1	4	10.718562	89.42	4.83	17.13	-30.58	-865.44	-932.21	0.00	4.83	89.42	-0.00
4	1	1	4	10.735195	89.75	3.05	20.00	-106.75	172.84	-4579.64	0.00	3.05	89.75	-0.00
4	1	1	4	10.751916	90.29	2.03	32.16	-60.78	726.79	2749.06	0.00	2.03	90.29	-0.00
4	1	1	4	10.768624	90.55	1.78	15.55	-15.22	-993.93	2727.21	0.00	1.78	90.55	-0.00
4	1	1	4	10.785182	90.30	1.78	-15.37	-0.00	-1867.20	918.95	0.00	1.78	90.30	-0.00
4	1	1	4	10.801996	90.30	1.78	0.00	0.00	913.97	0.01	0.00	1.78	90.30	-0.00
4	1	1	4	10.818545	90.55	1.78	15.38	0.00	929.10	0.01	0.00	1.78	90.55	-0.00
4	1	1	4	10.835242	90.55	1.78	0.00	0.00	-920.86	-0.01	0.00	1.78	90.55	-0.00
4	1	1	4	10.851896	90.55	1.78	0.00	0.00	0.00	0.00	0.00	1.78	90.55	-0.00
4	1	1	4	10.868639	90.55	1.78	0.00	0.00	0.00	0.00	0.00	1.78	90.55	-0.00
4	1	1	4	10.885269	90.55	1.78	0.00	0.00	0.00	0.00	0.00	1.78	90.55	-0.00
4	1	1	4	10.901953	90.55	1.78	0.00	0.00	0.00	0.00	0.00	1.78	90.55	-0.00
4	1	1	4	10.918643	90.55	1.78	0.00	0.00	0.00	0.00	0.00	1.78	90.55	-0.00
4	1	1	4	10.935381	90.30	1.78	-15.20	-0.00	-908.26	-0.01	0.00	1.78	90.30	-0.00
4	1	1	4	10.952031	90.55	1.78	15.28	0.00	1830.88	0.01	0.00	1.78	90.55	-0.00
4	1	1	4	10.968786	90.55	1.78	0.00	0.00	-912.12	-0.01	0.00	1.78	90.55	-0.00
4	1	1	4	10.985261	91.06	1.78	30.89	0.00	1874.86	0.01	0.00	1.78	91.06	-0.00
4	1	1	4	11.001896	91.82	1.78	45.89	0.00	901.59	0.01	0.00	1.78	91.82	-0.00
4	1	1	4	11.018616	92.59	1.78	45.66	0.00	-13.88	-0.00	0.00	1.78	92.59	-0.00
4	1	1	4	11.035239	93.36	0.76	46.76	-61.20	66.24	-3681.80	0.00	0.76	93.36	-0.00
4	1	1	4	11.052023	94.64	0.00	75.97	-45.47	1740.82	937.16	0.00	0.00	94.64	-0.00
4	1	1	4	11.068647	96.66	-1.27	121.92	-76.51	2763.98	-1867.07	0.00	-1.27	96.66	-0.00
4	1	1	4	11.085352	96.90	-2.29	14.11	-60.88	-6453.63	935.41	0.00	-2.29	96.90	-0.00
4	1	1	4	11.101991	97.40	-2.80	29.79	-30.55	942.34	1823.12	0.00	-2.80	97.40	-0.00
4	1	1	4	11.118723	97.91	-2.80	30.42	-0.00	37.74	1825.76	0.00	-2.80	97.91	-0.00
4	1	1	4	11.135363	97.90	-3.05	-0.46	-15.27	-1855.59	-917.46	0.00	-3.05	97.90	-0.00
4	1	1	4	11.152045	98.15	-3.05	15.26	-0.00	941.98	915.21	0.00	-3.05	98.15	-0.00
4	1	1	4	11.168643	98.16	-2.80	0.46	15.31	-891.79	922.27	0.00	-2.80	98.16	-0.00
4	0	1	4	11.185486	97.90	-3.05	8.75	-0.27	0.78	-0.02	0.00	-3.05	97.90	-0.00
4	0	1	4	11.202279	97.90	-3.05	0.00	0.00	-521.18	16.24	0.00	-3.05	97.90	-0.00
4	0	1	4	11.218699	97.90	-3.05	0.00	0.00	0.00	0.00	0.00	-3.05	97.90	-0.00
4	0	1	4	11.235275	97.90	-3.05	0.00	0.00	0.00	0.00	0.00	-3.05	97.90	-0.00
4	0	1	4	11.252014	97.90	-3.05	0.00	0.00	0.00	0.00	0.00	-3.05	97.90	-0.00
4	0	1	4	11.268783	97.90	-3.05	0.00	0.00	0.00	0.00	0.00	-3.05	97.90	-0.00
4	0	1	4	11.285445	97.90	-3.05	0.00	0.00	0.00	0.00	0.00	-3.05	97.90	-0.00
4	0	1	4	11.302030	97.90	-3.05	0.00	0.00	0.00	0.00	0.00	-3.05	97.90	-0.00
4	0	1	4	11.318783	97.64	-3.05	-15.19	0.00	-906.90	0.03	0.00	-3.05	97.64	-0.00
4	0	1	4	11.335334	97.64	-3.05	0.00	0.00	917.94	-0.03	0.00	-3.05	97.64	-0.00
4	0	1	4	11.352073	97.64	-3.05	0.00	0.00	0.00	0.00	0.00	-3.05	97.64	-0.00
4	0	1	4	11.368655	97.64	-3.05	0.00	0.00	0.00	0.00	0.00	-3.05	97.64	-0.00
4	0	1	4	11.385392	97.64	-3.05	0.00	0.00	0.00	0.00	0.00	-3.05	97.64	-0.00
4	0	1	4	11.402054	97.64	-3.05	0.00	0.00	0.00	0.00	0.00	-3.05	97.64	-0.00
4	0	1	4	11.418708	97.38	-3.31	-15.78	-15.25	-947.59	-915.76	0.00	-3.31	97.38	-0.00
4	0	1	4	11.435303	97.13	-3.31	-15.34	0.00	26.64	919.06	0.00	-3.31	97.13	-0.00
4	0	1	4	11.452224	96.86	-3.56	-15.57	-15.01	-13.91	-886.78	0.00	-3.56	96.86	-0.00
4	0	1	4	11.468671	96.60	-3.81	-16.07	-15.43	-29.99	-26.06	0.00	-3.81	96.60	-0.00
4	0	1	4	11.485410	96.61	-3.56	0.58	15.17	994.47	1828.01	0.00	-3.56	96.61	-0.00
4	0	1	4	11.502064	94.32	-3.56	-137.58	0.01	-8295.73	-910.17	0.00	-3.56	94.32	-0.00
4	0	1	4	11.518717	92.79	-3.56	-91.73	0.01	2753.29	-0.12	0.00	-3.56	92.79	-0.00
4	0	1	4	11.535374	91.01	-3.56	-106.99	0.01	-916.18	0.07	0.00	-3.56	91.01	-0.00
4	0	1	4	11.552170	89.22	-3.56	-106.11	0.01	52.34	0.02	0.00	-3.56	89.22	-0.00
4	0	1	4	11.568792	88.46	-3.56	-45.95	0.00	3619.15	-0.21	0.00	-3.56	88.46	-0.00
4	0	1	4	11.585394	85.41	-3.56	-184.04	0.01	-8317.52	0.58	0.00	-3.56	85.41	-0.00
4	0	1	4	11.602153	83.62	-3.56	-106.35	0.01	4635.34	-0.28	0.00	-3.56	83.62	-0.00
4	0	1	4	11.618778	81.84	-3.56	-107.22	0.01	-52.21	0.04	0.00	-3.56	81.84	-0.00
4	0	1	4	11.635473	80.83	-3.30	-60.36	15.20	2806.58	909.98	0.00	-3.30	80.83	-0.00
4	0	1	4	11.652083	80.32	-3.30	-30.66	0.00	1788.35	-915.07	0.00	-3.30	80.32	-0.00
4	0	1	4	11.668842	78.54	-3.30	-106.36	0.01	-4517.09	0.33	0.00	-3.30	78.54	-0.00
4	0	1	4	11.685400	77.53	-3.05	-60.88	15.33	2746.25	925.42	0.00	-3.05	77.53	-0.00
4	0	1	4	11.702218	76.51	-3.05	-60.55	0.00	19.80	-911.29	0.00	-3.05	76.51	-0.00
4	0	1	4	11.718773	76.01	-3.05	-30.76	0.00	1799.65	-0.11	0.00	-3.05	76.01	-0.00
4	0	1	4	11.735433	75.50	-3.05	-30.57	0.00	11.68	0.00	0.00	-3.05	75.50	-0.00
4	0	1	4	11.752045	74.99	-3.05	-30.65	0.00	-5.30	0.00	0.00	-3.05	74.99	-0.00
4	0	1	4	11.768708	74.00	-2.29	-59.47	45.72	-1729.52	2743.51	0.00	-2.29	74.00	-0.00
4	0	1	4	11.785396	73.25	-1.78	-44.91	30.46	872.56	-914.52	0.00	-1.78	73.25	-0.00
4	0	1	4	11.802094	72.48	-1.78	-45.72	0.00	-48.43	-1823.85	0.00	-1.78	72.48	-0.00
4	0	1	4	11.818723	71.47	-1.53	-60.86	15.29	-910.63	919.34	0.00	-1.53	71.47	-0.00
4	0	1	4	11.835435	69.95	-1.27	-91.05	15.21	-1806.49	-4.40	0.00	-1.27	69.95	-0.00
4	0	1	4	11.852112	68.43	-0.25	-90.86	61.01	11.38	2745.76	0.00	-0.25	68.43	-0.00
4	0	1	4	11.868883	67.16	0.51	-75.93	45.51	890.14	-924.13	0.00	0.51	67.16	-0.00
4	0	1	4	11.885447	65.62	1.53	-93.11	61.41	-1036.63	960.02	0.00	1.53	65.62	-0.00
4	0	1	4	11.902048	63.81	2.29	-108.68	45.91	-937.92	-933.63	0.00	2.29	63.81	-0.00
4	0	1	4	11.918743	62.01	2.80	-107.98	30.39	41.43	-929.40	0.00	2.80	62.01	-0.00
4	0	1	4	11.935438	59.44	3.30	-154.10	30.34	-2762.40	-3.15	0.00	3.30	59.44	-0.00
4	0	1	4	11.952144	57.33	4.31	-126.04	60.49	1679.92	1804.64	0.00	4.31	57.33	-0.00
4	0	1	4	11.968847	55.72	5.32	-96.85	60.20	1747.56	-17.12	0.00	5.32	55.72	-0.00
4	0	1	4	11.985334	53.82	6.32	-115.06	60.56	-1104.93	21.61	0.00	6.32	53.82	-0.00
4	0	1	4	12.002149	51.90	7.31	-114.36	58.81	41.63	-104.05	0.00	7.31	51.90	-0.00
4	0	1	4	12.018688	50.42	8.53	-89.28	73.94	1516.77	914.92	0.00	8.53	50.42	-0.00
4	0	1	4	12.035454	49.00	9.25	-84.77	43.00	269.10	-1845.30	0.00	9.25	49.00	-0.00
4	0	1	4	12.052032	47.92	9.48	-65.25	14.10	1177.38	-1743.27	0.00	9.48	47.92	-0.00
4	0	1	4	12.068843	47.09	9.72	-49.13	13.90	959.03	-12.30	0.00	9.72	47.09	-0.00
4	0	1	4	12.085476	46.83	9.71	-15.59	-0.13	2016.02	-843.17	0.00	9.71	46.83	-0.00
4	0	1	4	12.102214	46.05	9.71	-46.50	-0.39	-1846.78	-15.77	0.00	9.71	46.05	-0.00
4	0	1	4	12.118784	45.01	9.70	-62.68	-0.56	-976.05	-9.97	0.00	9.70	45.01	-0.00
4	0	1	4	12.135502	43.97	9.69	-62.17	-0.59	30.45	-1.86	0.00	9.69	43.97	-0.00
4	0	1	4	12.152195	42.93	9.68	-62.32	-0.63	-9.06	-2.41	0.00	9.68	42.93	-0.00
4	0	1	4	12.168863	41.58	9.90	-81.40	13.23	-1145.13	831.60	0.00	9.90	41.58	-0.00
4	0	1	4	12.185475	40.27	9.88	-78.53	-0.99	172.75	-856.37	0.00	9.88	40.27	-0.00
4	0	1	4	12.202245	38.97	9.86	-77.90	-1.07	37.56	-4.77	0.00	9.86	38.97	-0.00
4	0	1	4	12.218872	37.98	9.62	-59.38	-14.84	1114.41	-828.23	0.00	9.62	37.98	-0.00
4	0	1	4	12.235600	36.67	9.60	-78.22	-1.18	-1126.29	816.91	0.00	9.60	36.67	-0.00
4	0	1	4	12.252195	35.82	9.81	-51.10	13.02	1634.13	855.62	0.00	9.81	35.82	-0.00
4	0	1	4	12.268914	35.03	9.80	-47.13	-0.87	237.51	-830.65	0.00	9.80	35.03	-0.00
4	0	1	4	12.285510	34.05	9.55	-59.51	-14.89	-745.84	-844.97	0.00	9.55	34.05	-0.00
4	0	1	4	12.302237	33.46	9.77	-35.33	12.88	1445.49	1660.16	0.00	9.77	33.46	-0.00
4	0	1	4	12.318912	32.67	9.75	-47.42	-1.04	-725.04	-834.72	0.00	9.75	32.67	-0.00
4	0	1	4	12.335549	32.14	9.74	-31.72	-0.73	943.62	18.53	0.00	9.74	32.14	-0.00
4	0	1	4	12.352212	31.87	9.73	-15.84	-0.38	952.64	21.27	0.00	9.73	31.87	-0.00
4	0	1	4	12.368803	31.08	9.71	-47.78	-1.18	-1925.14	-48.61	0.00	9.71	31.08	-0.00
4	0	1	4	12.385546	30.55	9.70	-31.60	-0.82	966.44	21.43	0.00	9.70	30.55	-0.00
4	0	1	4	12.402239	30.02	9.68	-31.73	-0.86	-7.51	-2.34	0.00	9.68	30.02	-0.00
4	0	1	4	12.418820	28.70	9.65	-79.99	-2.35	-2910.98	-89.52	0.00	9.65	28.70	-0.00
4	0	1	4	12.435506	27.37	9.60	-79.70	-2.61	17.35	-15.89	0.00	9.60	27.37	-0.00
4	0	1	4	12.452155	25.77	9.54	-96.17	-3.58	-988.69	-57.89	0.00	9.54	25.77	-0.00
4	0	1	4	12.468945	23.89	9.46	-111.72	-4.85	-926.53	-76.08	0.00	9.46	23.89	-0.00
4	0	1	4	12.485523	22.27	9.38	-97.42	-4.98	862.66	-7.34	0.00	9.38	22.27	-0.00
4	0	1	4	12.502266	21.46	9.33	-48.39	-2.77	2928.14	131.43	0.00	9.33	21.46	-0.00
4	0	1	4	12.518823	20.65	9.28	-49.05	-3.05	-39.70	-16.41	0.00	9.28	20.65	-0.00
4	0	1	4	12.535593	19.57	9.21	-64.76	-4.43	-936.48	-82.29	0.00	9.21	19.57	-0.00
4	0	1	4	12.552261	19.02	9.17	-32.65	-2.43	1925.89	120.00	0.00	9.17	19.02	-0.00
4	0	1	4	12.568999	18.20	9.10	-48.88	-3.90	-969.33	-88.13	0.00	9.10	18.20	-0.00
4	0	1	4	12.585550	17.11	9.01	-66.10	-5.85	-1040.74	-117.53	0.00	9.01	17.11	-0.00
4	0	1	4	12.602129	16.84	8.98	-16.53	-1.57	2989.97	257.68	0.00	8.98	16.84	-0.00
4	0	1	4	12.618997	16.01	8.90	-48.82	-4.94	-1914.42	-199.78	0.00	8.90	16.01	-0.00
4	0	1	4	12.635622	14.64	8.74	-82.81	-9.51	-2044.38	-274.58	0.00	8.74	14.64	-0.00
4	0	1	4	12.652262	12.98	8.51	-99.64	-13.69	-1011.19	-250.98	0.00	8.51	12.98	-0.00
4	0	1	4	12.668844	11.87	8.33	-66.79	-10.85	1981.01	170.70	0.00	8.33	11.87	-0.00
4	0	1	4	12.685569	9.66	7.88	-132.32	-26.71	-3917.97	-947.74	0.00	7.88	9.66	-0.00
4	0	1	4	12.702299	8.01	7.45	-98.46	-25.84	2024.16	52.00	0.00	7.45	8.01	-0.00
