Trial	Type	Onset	Target #	Time to Target	Endpoint Error	Est. Avg. Error Mag	Accum. Error x dMagProj	Max Error Mag.	Max Error Pos. (% of trajectory)	Feedback	Target (1)/Return (0)
1	1	0.5496	4	0.7845	-0.065182	2.094385e+01	2.337755e+03	3.230920e+01	12.8925	0	1
1	0	1.4660	4	0.5176	0.000000	1.312638e+01	2.618777e+03	1.756133e+01	52.3118	1	0
2	1	2.1159	1	0.4511	-0.339845	1.513168e+01	1.567677e+03	3.214029e+01	100.0000	0	1
2	0	2.8425	1	0.4344	0.000000	1.484130e+01	3.242823e+03	2.100543e+01	51.3863	1	0
3	1	3.4760	2	0.5510	-0.189042	9.903319e+00	9.984444e+02	1.874032e+01	100.0000	0	1
3	0	4.1928	2	0.3678	0.000000	1.375480e+01	2.643970e+03	1.900454e+01	52.8163	1	0
4	1	4.8315	3	0.8341	-0.219231	1.241961e+01	1.377609e+03	2.201397e+01	98.1107	1	1
4	0	5.7978	3	0.6677	0.000000	7.719747e+00	1.476117e+03	2.584935e+01	55.6109	1	0
5	1	6.5977	4	0.8675	0.077385	1.213573e+01	1.287640e+03	1.619710e+01	84.8080	1	1
5	0	7.6139	4	0.5679	0.000000	6.848511e+00	1.235013e+03	1.021647e+01	97.0480	1	0
6	1	8.3304	1	0.6840	-0.139668	9.638010e+00	9.413740e+02	1.525699e+01	86.7533	1	1
6	0	9.1469	1	0.3841	0.000000	8.385059e+00	1.626068e+03	1.087759e+01	52.5699	1	0
7	1	9.8632	3	0.8675	-0.045062	1.122659e+01	1.239411e+03	1.503520e+01	28.2335	1	1
7	0	10.8789	3	0.5013	0.000000	1.454882e+00	2.601940e+02	6.093008e+00	57.2885	1	0
8	1	11.5954	2	0.3679	-0.095961	9.721009e+00	9.255889e+02	1.055796e+01	71.8150	1	1
8	0	12.3118	2	0.4345	0.000000	9.558355e+00	1.851278e+03	1.982202e+01	76.2042	1	0
9	1	13.0288	3	0.8841	-0.124029	1.010182e+01	1.374606e+03	1.542440e+01	17.4526	1	1
9	0	14.0451	3	0.5509	0.000000	4.791614e+00	8.747449e+02	7.862321e+00	54.8765	1	0
10	1	14.7615	2	0.5676	-0.042191	1.936204e+01	1.865203e+03	2.859378e+01	70.3128	1	1
10	0	15.4780	2	0.4179	0.000000	6.445348e+00	1.255783e+03	1.533489e+01	89.9354	1	0
11	1	16.1946	4	0.7177	-0.127644	5.910103e+00	5.585734e+02	1.211200e+01	100.0000	1	1
11	0	17.0447	4	0.5178	0.000000	1.178967e+01	2.122115e+03	1.799007e+01	82.1433	1	0
12	1	17.7614	1	0.6347	-0.023805	5.549123e+00	5.853662e+02	1.164295e+01	7.7796	1	1
12	0	18.5449	1	0.3511	0.000000	3.660776e+00	6.717101e+02	8.104445e+00	63.8212	1	0
13	1	19.2618	3	0.8511	-0.061420	9.203570e+00	9.263567e+02	1.252532e+01	42.2624	1	1
13	0	20.2452	3	0.6012	0.000000	4.762348e+00	8.325492e+02	6.345610e+00	55.9045	1	0
14	1	20.9953	4	0.9013	-0.058444	1.033249e+01	1.001093e+03	2.446672e+01	88.6367	1	1
14	0	22.0454	4	0.3512	0.000000	1.369317e+01	2.505184e+03	2.985365e+01	79.9723	1	0
15	1	22.7622	2	0.2512	-0.144661	4.843173e+00	4.937957e+02	1.485300e+01	100.0000	0	1
15	0	23.4789	2	0.5012	0.000000	2.367571e+01	5.059801e+03	3.127008e+01	49.1576	1	0
16	1	24.1291	1	0.6512	-0.080764	5.599965e+00	5.492960e+02	1.105214e+01	71.1547	1	1
16	0	24.9125	1	0.3845	0.000000	7.243508e+00	1.390379e+03	1.181835e+01	66.8321	1	0
17	2	38.1646	2	0.7011	-0.167254	1.782111e+01	1.858558e+03	2.671233e+01	7.2514	1	1
17	0	39.0033	2	0.4177	0.000000	3.352062e+00	6.386657e+02	1.237551e+01	54.2241	1	0
18	2	39.7198	4	0.7510	-0.063913	4.170918e+00	4.194240e+02	6.093209e+00	100.0000	1	1
18	0	40.6028	4	0.5003	0.000000	7.672933e+00	1.394476e+03	1.086554e+01	94.1548	1	0
19	2	41.3187	1	0.7511	-0.100192	7.920925e+00	8.129428e+02	1.278364e+01	78.5758	1	1
19	0	42.2018	1	0.5008	0.000000	8.565531e+00	1.611780e+03	1.424090e+01	97.1812	1	0
20	2	42.9182	3	0.7845	-0.079619	5.306426e+00	5.059812e+02	9.346999e+00	82.3946	1	1
20	0	43.8512	3	0.6175	0.000000	4.903579e+00	9.056737e+02	7.105637e+00	54.5478	1	0
21	2	44.6175	4	1.2676	-0.018371	8.673258e+00	8.493186e+02	1.334493e+01	95.0549	1	1
21	0	46.0337	4	0.5346	0.000000	2.404993e+00	4.432807e+02	3.551913e+00	81.9080	1	0
22	2	46.7501	2	0.4178	-0.236934	1.626743e+01	1.532712e+03	2.275120e+01	100.0000	1	1
22	0	47.4666	2	0.4015	0.000000	1.690577e+01	3.183089e+03	3.108400e+01	56.1590	1	0
23	2	48.1837	3	0.8343	-0.082261	1.213939e+01	2.054320e+03	2.291873e+01	47.7005	1	1
23	0	49.1666	3	0.5347	0.000000	9.959501e+00	1.930117e+03	1.701226e+01	83.8924	1	0
24	2	49.8825	1	0.4347	-0.066216	5.870129e+00	5.617702e+02	9.150684e+00	6.7368	1	1
24	0	50.5993	1	0.4181	0.000000	8.127635e+00	1.745574e+03	1.484261e+01	60.6327	1	0
25	2	51.3160	2	0.6185	-0.106368	1.453071e+01	2.056035e+03	3.224310e+01	23.5262	1	1
25	0	52.0834	2	0.3344	0.000000	9.081302e+00	1.728961e+03	1.187839e+01	54.1904	1	0
26	2	52.8001	4	0.5845	-0.124355	3.692107e+00	3.504434e+02	1.186461e+01	100.0000	1	1
26	0	53.5337	4	0.5347	0.000000	9.766225e+00	1.905006e+03	1.262384e+01	52.3230	1	0
27	2	54.2504	1	0.5845	-0.189199	1.389666e+01	1.568463e+03	2.043100e+01	86.1156	1	1
27	0	54.9670	1	0.4179	0.000000	9.233314e+00	1.793959e+03	1.375515e+01	70.7999	1	0
28	2	55.6839	3	0.9847	-0.130274	9.059036e+00	1.003326e+03	1.255290e+01	21.9680	0	1
28	0	56.8175	3	0.4011	0.000000	1.360239e+01	2.556492e+03	1.803012e+01	54.1038	1	0
29	2	57.4508	4	1.1015	-0.018714	1.268763e+01	1.561102e+03	3.191586e+01	20.9919	1	1
29	0	58.7176	4	0.5514	0.000000	4.487156e+00	8.159129e+02	1.119462e+01	87.7781	1	0
30	2	59.4345	2	0.3345	-0.581328	3.176801e+01	2.603895e+03	5.336596e+01	100.0000	0	1
30	0	60.1513	2	0.4677	0.000000	2.012957e+01	4.226985e+03	4.682851e+01	53.4691	1	0
31	2	60.8014	3	1.6680	-0.002674	7.840357e+00	1.764509e+03	2.303951e+01	56.6500	0	1
31	0	62.6017	3	0.3844	0.000000	1.686570e+01	3.126922e+03	2.583225e+01	66.8498	1	0
32	2	63.2451	1	0.6679	-0.071307	4.638003e+00	4.720685e+02	7.353333e+00	94.4475	1	1
32	0	64.0685	1	0.4012	0.000000	6.470484e+00	1.373536e+03	1.334343e+01	59.8924	1	0
33	2	64.7853	2	0.8678	0.213621	2.600945e+01	2.500335e+03	3.911601e+01	12.6366	1	1
33	0	65.7856	2	0.5011	0.000000	1.671878e+01	3.590227e+03	2.494628e+01	93.3031	1	0
34	2	66.5108	4	0.6174	-0.117109	1.257790e+01	1.188549e+03	1.830492e+01	65.8624	1	1
34	0	67.2606	4	0.4844	0.000000	9.878157e+00	1.747248e+03	1.614569e+01	82.6679	1	0
35	2	67.9764	1	0.5345	-0.088771	4.236988e+00	4.154085e+02	1.468608e+01	4.2441	1	1
35	0	68.7020	1	0.4012	0.000000	7.859221e+00	1.641004e+03	9.612406e+00	66.2621	1	0
36	2	69.4188	3	0.7018	-0.050623	6.576503e+00	6.266023e+02	7.342536e+00	78.6580	1	1
36	0	70.2762	3	0.4345	0.000000	5.443103e+00	9.844269e+02	6.806521e+00	82.3852	1	0
37	2	70.9927	4	0.5176	-0.121735	8.537688e+00	8.106336e+02	1.244328e+01	31.4035	1	1
37	0	71.7090	4	0.5678	0.000000	7.264497e+00	1.346476e+03	1.675611e+01	75.3577	1	0
38	2	72.4256	2	0.7002	-0.085505	2.075623e+01	2.163914e+03	3.652707e+01	76.2825	1	1
38	0	73.2746	2	0.2181	0.000000	7.967324e+00	1.519646e+03	8.620118e+00	54.5205	1	0
39	2	73.9910	3	0.5676	-0.172078	7.849065e+00	7.876377e+02	1.629198e+01	100.0000	0	1
39	0	74.7075	3	0.6350	0.000000	7.343286e+00	1.419370e+03	1.237551e+01	52.9196	1	0
40	2	75.4745	1	0.4336	-0.103903	1.133103e+01	1.072297e+03	1.367037e+01	66.1870	1	1
40	0	76.1904	1	0.4175	0.000000	4.604332e+00	9.879729e+02	6.350242e+00	53.1859	1	0
41	2	76.9068	2	0.5344	-0.104061	1.068426e+01	1.174490e+03	2.415626e+01	12.5362	1	1
41	0	77.6367	2	0.5048	0.000000	1.350610e+01	2.637047e+03	1.510485e+01	53.1585	1	0
42	2	78.5901	4	1.1170	0.002611	8.159050e+00	8.708506e+02	2.224081e+01	88.4841	1	1
42	0	79.8557	4	0.4843	0.000000	2.492128e+00	4.530332e+02	8.105701e+00	61.3585	1	0
43	2	80.5721	1	0.4848	-0.085950	5.090532e+00	5.007200e+02	1.337696e+01	6.3308	1	1
43	0	81.2891	1	0.4013	0.000000	1.205386e+01	2.315556e+03	1.568527e+01	69.9661	1	0
44	2	82.0050	3	1.0180	-0.002674	5.331179e+00	6.645468e+02	1.958244e+01	24.0789	1	1
44	0	83.1552	3	0.6511	0.000000	6.516436e+00	1.244634e+03	2.635909e+01	54.5607	1	0
45	2	83.9545	4	0.5514	-0.055499	3.417497e+00	3.299916e+02	5.334240e+00	100.0000	1	1
45	0	84.6712	4	0.5350	0.000000	6.893155e+00	1.286193e+03	1.149163e+01	77.2757	1	0
46	2	85.3878	2	0.4013	-0.055942	6.037581e+00	5.750913e+02	1.109004e+01	84.9399	1	1
46	0	86.1053	2	0.1677	0.000000	8.568158e+00	1.665293e+03	8.753514e+00	92.8538	1	0
47	2	86.8220	3	0.6845	-0.039767	1.697048e+01	1.626848e+03	7.039488e+01	9.4752	1	1
47	0	87.6390	3	0.3678	0.000000	9.039621e+00	1.711518e+03	1.982102e+01	77.2912	1	0
48	2	88.3556	1	0.6512	-0.041751	7.409393e+00	7.222433e+02	1.104030e+01	67.8276	1	1
48	0	89.1557	1	0.4011	0.000000	6.756171e+00	1.408352e+03	2.026964e+01	69.0939	1	0
49	2	89.8725	2	0.5514	-0.022553	1.734710e+01	1.760401e+03	4.404797e+01	17.0353	0	1
49	0	90.5893	2	0.2508	0.000000	1.268403e+01	2.370780e+03	1.997554e+01	54.7720	1	0
50	2	91.2394	4	0.6512	0.049568	6.019124e+00	5.872639e+02	1.377702e+01	79.5892	1	1
50	0	92.0395	4	0.3845	0.000000	4.875543e+00	8.822760e+02	1.552633e+01	77.0903	1	0
51	2	92.7563	1	0.4679	-0.030603	2.489661e+00	2.581324e+02	1.578854e+01	2.6588	1	1
51	0	93.4730	1	0.3013	0.000000	1.099774e+01	2.344835e+03	1.570499e+01	80.1511	1	0
52	2	94.2015	3	1.0174	-0.082699	2.392687e+00	2.306189e+02	7.859544e+00	100.0000	1	1
52	0	95.3734	3	0.5178	0.000000	1.446773e+01	2.540108e+03	3.065253e+01	70.2062	1	0
53	2	96.0901	4	0.5678	-0.219795	7.727444e+00	7.213902e+02	2.085575e+01	100.0000	0	1
53	0	96.8069	4	0.5012	0.000000	1.897958e+01	3.477306e+03	3.467734e+01	96.7341	1	0
54	2	97.4403	2	0.3678	-0.325672	1.763540e+01	1.887807e+03	3.109296e+01	100.0000	1	1
54	0	98.1669	2	0.3176	0.000000	9.505248e+00	1.840211e+03	1.262289e+01	52.4217	1	0
55	2	98.9572	3	0.7846	-0.026449	2.638684e+00	3.466058e+02	5.412543e+00	16.7838	1	1
55	0	99.8907	3	0.4513	0.000000	7.260355e+00	1.422100e+03	1.799060e+01	99.0846	1	0
56	2	100.6160	1	0.5843	-0.081827	9.438250e+00	9.096089e+02	1.104160e+01	32.7819	1	1
56	0	101.3577	1	0.3345	0.000000	2.556236e+00	5.305532e+02	3.051356e+00	58.2630	1	0
57	2	102.0744	2	0.5011	0.090660	1.525767e+01	1.488279e+03	3.866673e+01	7.9281	1	1
57	0	102.7911	2	0.2844	0.000000	6.050651e+00	1.153904e+03	8.620403e+00	54.7745	1	0
58	2	103.5080	4	0.9512	-0.079830	9.395378e+00	1.012321e+03	2.055185e+01	92.6330	0	1
58	0	104.5979	4	0.5842	0.000000	1.610490e+01	3.811787e+03	2.268012e+01	73.3765	1	0
59	2	105.5810	1	0.7178	0.002667	2.480017e+00	2.403341e+02	1.186069e+01	1.5624	1	1
59	0	106.4473	1	0.3011	0.000000	2.735769e+00	5.230211e+02	6.079019e+00	71.1665	1	0
60	2	107.1638	3	1.0506	-0.237455	9.009558e+00	1.469115e+03	2.950296e+01	94.1742	1	1
60	0	108.3469	3	0.3511	0.000000	1.269072e+01	2.327478e+03	2.863856e+01	65.3508	1	0
61	2	109.0632	4	0.9673	0.007833	2.786916e+01	3.028483e+03	6.917475e+01	7.6947	1	1
61	0	110.1628	4	0.4010	0.000000	8.562348e+00	1.574407e+03	2.175287e+01	73.4730	1	0
62	2	110.8792	2	0.5010	0.017586	9.918129e+00	1.005711e+03	1.794109e+01	66.3298	1	1
62	0	111.5956	2	0.1679	0.000000	3.521081e+00	6.829199e+02	3.559569e+00	53.7477	1	0
63	2	112.3121	3	0.6341	-0.214171	1.471949e+01	1.613713e+03	2.318535e+01	78.4006	0	1
63	0	113.0785	3	0.6013	0.000000	1.135837e+01	2.224801e+03	1.632315e+01	51.4115	1	0
64	2	113.8116	1	0.4845	0.042903	6.187866e+00	6.834317e+02	7.539657e+00	52.3315	1	1
64	0	114.5280	1	0.3178	0.000000	6.365094e+00	1.335497e+03	9.632575e+00	54.0043	1	0
65	1	127.9617	3	-0.0155	3.078569	6.601350e+00	6.905408e+02	6.601350e+00	100.0000	0	1
65	0	128.0950	3	1.0680	0.000000	1.341763e+01	3.680144e+03	3.191040e+01	81.7133	1	0
66	1	129.3119	2	0.4512	0.029325	3.755721e+00	3.615696e+02	1.220870e+01	1.2110	1	1
66	0	130.0287	2	0.2680	0.000000	4.555920e+00	8.719522e+02	1.005506e+01	74.1796	1	0
67	1	130.7557	4	0.7682	-0.002674	1.785083e+00	1.699090e+02	9.279827e+00	4.3873	1	1
67	0	131.6790	4	0.3344	0.000000	2.096615e+00	3.513141e+02	8.349896e+00	63.7227	1	0
68	1	132.3957	1	0.8845	-0.021273	3.570115e+00	3.466425e+02	1.070634e+01	53.2930	1	1
68	0	133.4292	1	0.4011	0.000000	6.790657e+00	1.249841e+03	1.740420e+01	66.0268	1	0
69	1	134.1547	2	0.5176	0.114168	1.015422e+01	9.833717e+02	1.107830e+01	81.1664	1	1
69	0	134.8712	2	0.3342	0.000000	1.102152e+01	2.070671e+03	1.584147e+01	54.8743	1	0
70	1	135.5876	4	1.4838	0.018566	4.451828e+00	4.634049e+02	1.505874e+01	87.2818	1	1
70	0	137.2203	4	0.5510	0.000000	9.004986e+00	1.747602e+03	2.546217e+01	76.8301	1	0
71	1	137.9465	1	0.6512	-0.140774	1.358462e+01	1.297165e+03	2.272497e+01	83.4871	1	1
71	0	138.7531	1	0.5181	0.000000	8.365296e+00	1.702907e+03	1.434382e+01	59.4964	1	0
72	1	139.4696	3	1.0840	0.002674	6.375770e+00	6.157732e+02	1.797977e+01	97.1522	0	1
72	0	140.6858	3	0.6344	0.000000	2.077608e+01	3.631864e+03	2.531329e+01	54.1260	1	0
73	1	141.4689	1	0.7009	-0.068856	4.500673e+00	4.682243e+02	1.116608e+01	4.1105	1	1
73	0	142.3019	1	0.3177	0.000000	1.071725e+01	1.962170e+03	1.996086e+01	82.2914	1	0
74	1	143.0184	3	0.8511	-0.084902	5.941036e+00	5.945991e+02	2.827588e+01	11.1829	1	1
74	0	144.0014	3	0.4845	0.000000	1.134412e+01	2.076241e+03	1.433631e+01	58.2511	1	0
75	1	144.7179	2	0.5009	-0.037118	1.024717e+01	1.002653e+03	1.934122e+01	30.1031	0	1
75	0	145.4343	2	0.3176	0.000000	1.121594e+01	2.097467e+03	1.559224e+01	54.5988	1	0
76	1	146.0842	4	1.6504	-0.111803	1.404221e+01	1.578582e+03	2.742994e+01	71.0601	0	1
76	0	147.8667	4	0.5345	0.000000	1.549062e+01	2.989717e+03	1.853892e+01	54.4325	1	0
77	1	148.5499	3	0.6842	-0.048091	8.271447e+00	8.753932e+02	1.086863e+01	41.2383	0	1
77	0	149.3829	3	0.6179	0.000000	1.848199e+01	3.421389e+03	2.290937e+01	68.8295	1	0
78	1	150.1493	2	0.4008	-0.141897	1.300863e+01	1.337534e+03	1.421155e+01	72.1226	1	1
78	0	150.8657	2	0.3512	0.000000	5.235288e+00	1.013693e+03	1.851626e+01	54.2029	1	0
79	1	151.5823	1	0.4513	-0.073939	6.525460e+00	6.307472e+02	1.137725e+01	5.8852	1	1
79	0	152.2988	1	0.4015	0.000000	7.401055e+00	1.471498e+03	1.650142e+01	63.9226	1	0
80	1	153.0155	4	0.7846	0.002674	1.459221e+01	1.513655e+03	2.856568e+01	13.1065	1	1
80	0	153.9490	4	0.5345	0.000000	1.173171e+01	2.264705e+03	1.361843e+01	53.1713	1	0
81	2	167.2011	2	0.7180	0.162727	2.409020e+01	3.019112e+03	6.622037e+01	13.4634	1	1
81	0	168.0511	2	0.3512	0.000000	1.228557e+01	2.447067e+03	1.362014e+01	51.9184	1	0
82	2	168.7764	4	0.5677	-0.062581	6.392475e+00	6.640902e+02	9.031567e+00	35.9978	1	1
82	0	169.4928	4	1.2174	0.000000	1.082574e+01	2.146258e+03	3.351816e+01	96.5184	1	0
83	2	170.8425	1	0.5341	-0.036442	3.115657e+00	4.151518e+02	1.026657e+01	9.9711	1	1
83	0	171.5684	1	0.3344	0.000000	3.487930e+00	7.314454e+02	7.606163e+00	61.1293	1	0
84	2	172.2852	3	1.4848	-0.179853	1.233368e+01	1.816487e+03	2.081970e+01	97.5277	1	1
84	0	173.9246	3	0.5512	0.000000	6.280430e+00	1.146856e+03	1.087411e+01	55.2576	1	0
85	2	174.6411	4	1.1007	0.018664	5.864786e+00	5.847429e+02	1.892432e+01	92.4024	1	1
85	0	175.8741	4	0.6012	0.000000	8.943862e+00	1.845054e+03	2.892800e+01	72.6529	1	0
86	2	176.6237	2	0.5346	-0.069026	6.854864e+00	7.121488e+02	7.991479e+00	8.2290	1	1
86	0	177.3403	2	0.3842	0.000000	5.455325e+00	1.045809e+03	6.854111e+00	54.4249	1	0
87	2	178.0567	3	0.6007	-0.045182	2.856796e+00	2.831530e+02	1.784967e+01	2.7901	1	1
87	0	178.7897	3	0.5013	0.000000	8.088287e+00	1.462255e+03	1.907027e+01	88.5178	1	0
88	2	179.5062	1	0.7508	0.023742	3.907508e+00	3.766510e+02	6.320833e+00	58.7548	1	1
88	0	180.3891	1	0.3843	0.000000	2.121111e+00	3.836391e+02	4.825570e+00	62.2409	1	0
89	2	181.1056	2	0.8508	0.355837	3.888332e+01	3.509628e+03	5.741467e+01	26.4728	0	1
89	0	182.0886	2	0.3179	0.000000	1.750770e+01	3.345813e+03	3.019523e+01	52.2430	1	0
90	2	182.7219	4	0.6507	-0.163031	9.296619e+00	9.292199e+02	1.581487e+01	100.0000	0	1
90	0	183.5215	4	0.5342	0.000000	1.193231e+01	2.282677e+03	2.356172e+01	53.9333	1	0
91	2	184.1878	1	0.6010	-0.044357	4.411954e+00	4.424009e+02	5.580833e+00	76.2898	1	1
91	0	184.9377	1	0.4011	0.000000	3.863163e+00	7.646930e+02	9.110988e+00	64.2361	1	0
92	2	185.6541	3	0.7012	-0.023868	8.872824e+00	8.507500e+02	1.420129e+01	71.7170	1	1
92	0	186.5040	3	0.3514	0.000000	1.177271e+00	2.094057e+02	4.065039e+00	64.9906	1	0
93	2	187.2209	4	0.6178	-0.060137	2.112642e+01	2.824354e+03	5.523408e+01	24.4773	0	1
93	0	187.9877	4	0.4844	0.000000	1.576603e+01	3.182773e+03	2.481045e+01	54.1988	1	0
94	2	188.6210	2	0.3678	-0.274472	1.917597e+01	1.794482e+03	2.620220e+01	100.0000	0	1
94	0	189.3378	2	0.5678	0.000000	1.765466e+01	3.738020e+03	4.810963e+01	55.4999	1	0
95	2	190.0379	3	0.7679	-0.148238	7.898724e+00	9.844596e+02	1.515911e+01	9.9420	0	1
95	0	190.9547	3	0.5178	0.000000	2.290553e+01	4.506285e+03	3.112617e+01	63.2347	1	0
96	2	191.6048	1	0.3845	-0.021330	2.159599e+00	2.059815e+02	5.298137e+00	42.8513	1	1
96	0	192.3216	1	0.3346	0.000000	5.653559e+00	1.124240e+03	1.076647e+01	79.3320	1	0
97	2	193.0384	2	0.5350	-0.206874	1.534896e+01	2.696913e+03	2.116319e+01	100.0000	0	1
97	0	193.7551	2	0.3344	0.000000	1.710425e+01	3.419380e+03	2.794683e+01	50.3995	1	0
98	2	194.4052	4	0.5512	-0.129589	9.188602e+00	1.276546e+03	1.627981e+01	31.9074	0	1
98	0	195.1221	4	0.4345	0.000000	1.611880e+01	2.961260e+03	2.227725e+01	74.5201	1	0
99	2	195.7555	1	0.5178	0.000000	1.030009e+01	1.080839e+03	2.911945e+01	14.4221	1	1
99	0	196.4724	1	0.5510	0.000000	6.478672e+00	1.376418e+03	1.038731e+01	53.5428	1	0
100	2	197.1890	3	0.8678	-0.383729	1.595768e+01	2.382179e+03	3.607125e+01	93.5622	0	1
100	0	198.1891	3	0.5678	0.000000	2.685368e+01	4.969421e+03	3.524699e+01	57.9630	1	0
101	2	198.8894	4	0.6344	-0.132902	1.124933e+01	1.194243e+03	2.169673e+01	91.5222	1	1
101	0	199.6560	4	0.5346	0.000000	1.584066e+01	3.289651e+03	2.942291e+01	72.4112	1	0
102	2	200.3728	2	0.4848	-0.224644	1.861886e+01	2.435555e+03	2.997033e+01	56.8790	0	1
102	0	201.0988	2	0.3843	0.000000	1.252599e+01	2.404417e+03	1.633417e+01	53.9366	1	0
103	2	201.7320	3	0.7680	0.081827	2.412158e+01	3.004879e+03	6.487026e+01	18.2068	1	1
103	0	202.6484	3	0.3847	0.000000	1.155098e+01	2.313228e+03	2.348716e+01	96.7220	1	0
104	2	203.5733	1	0.7012	-0.182441	8.740157e+00	9.635170e+02	2.246308e+01	96.8537	1	1
104	0	204.4144	1	0.3842	0.000000	5.395625e+00	1.063771e+03	1.308693e+01	60.5376	1	0
105	2	205.1308	2	1.0007	-0.010695	1.265840e+01	2.466287e+03	2.611477e+01	28.0089	0	1
105	0	206.7637	2	0.3675	0.000000	1.871760e+01	3.585417e+03	2.588493e+01	53.7824	1	0
106	2	207.4067	4	0.7178	-0.192764	2.024720e+01	2.433886e+03	2.428911e+01	95.9944	0	1
106	0	208.2793	4	0.5845	0.000000	1.547704e+01	3.226062e+03	2.013023e+01	74.7684	1	0
107	2	208.9963	1	0.3679	-0.010695	1.369345e+00	1.430905e+02	5.861448e+00	7.3158	1	1
107	0	209.7127	1	0.3181	0.000000	4.386224e+00	8.492628e+02	9.987771e+00	81.0342	1	0
108	2	210.4291	3	0.7177	-0.116491	7.625168e+00	7.252508e+02	1.111787e+01	100.0000	1	1
108	0	211.2788	3	0.5845	0.000000	9.257307e+00	1.647051e+03	1.483658e+01	54.4572	1	0
109	2	212.0114	4	0.6843	-0.168597	1.332573e+01	1.324075e+03	2.753480e+01	8.4005	0	1
109	0	212.8444	4	0.5679	0.000000	1.729912e+01	3.125821e+03	2.865763e+01	95.9596	1	0
110	2	213.5608	2	0.6512	-0.502652	3.556599e+01	3.409496e+03	4.926874e+01	100.0000	0	1
110	0	214.3604	2	0.4015	0.000000	5.731860e+01	1.070236e+04	8.635124e+01	57.6047	1	0
111	2	214.9937	3	0.4843	-0.002653	1.464394e+00	1.419769e+02	6.188876e+00	3.3361	1	1
111	0	215.7100	3	0.4848	0.000000	1.245333e+01	2.397443e+03	1.633608e+01	54.0868	1	0
112	2	216.4265	1	0.4008	0.002639	2.318509e+00	2.235471e+02	3.807669e+00	59.4999	1	1
112	0	217.1596	1	0.4010	0.000000	2.256445e+00	3.853229e+02	8.107086e+00	55.8956	1	0
113	2	217.8766	2	0.5348	0.068136	2.375189e+01	2.296871e+03	4.680948e+01	0.2631	0	1
113	0	218.5931	2	0.4169	0.000000	1.991041e+01	3.844958e+03	3.153959e+01	51.8324	1	0
114	2	219.2256	4	0.6176	-0.109190	8.465429e+00	8.481513e+02	1.058308e+01	81.5523	1	1
114	0	219.9920	4	0.5514	0.000000	1.832994e+01	3.543414e+03	5.333401e+01	95.0390	1	0
115	2	220.7089	1	0.6511	0.105428	1.107725e+01	1.085450e+03	1.451883e+01	84.1548	1	1
115	0	221.5089	1	0.3514	0.000000	6.439204e+00	1.355331e+03	1.289093e+01	54.1937	1	0
116	2	222.2256	3	0.6518	-0.124683	4.789995e+00	4.534237e+02	1.186413e+01	100.0000	0	1
116	0	223.0096	3	0.5346	0.000000	2.405564e+01	4.488744e+03	3.217555e+01	64.3748	1	0
117	2	223.6763	4	0.6512	-0.065695	6.258020e+00	6.212377e+02	1.169978e+01	3.0828	1	1
117	0	224.4766	4	0.3845	0.000000	1.124083e+01	2.105305e+03	1.237595e+01	54.7509	1	0
118	2	225.1932	2	0.3680	-0.155072	9.670650e+00	9.807467e+02	1.583507e+01	100.0000	0	1
118	0	225.9100	2	0.5179	0.000000	1.637761e+01	3.711854e+03	2.668209e+01	89.6318	1	0
119	2	226.5603	3	0.6678	-0.108328	2.949760e+00	2.882257e+02	1.036939e+01	100.0000	1	1
119	0	227.3769	3	0.5846	0.000000	1.196145e+01	2.220064e+03	1.435232e+01	54.6972	1	0
120	2	228.0938	1	0.6679	-0.060772	3.067412e+00	2.959856e+02	7.360208e+00	0.5260	1	1
120	0	228.9106	1	0.3012	0.000000	1.150761e+01	2.224174e+03	2.209447e+01	78.6040	1	0
121	2	229.6274	2	0.6345	-0.195365	1.051033e+01	1.788446e+03	1.871727e+01	100.0000	0	1
121	0	230.3942	2	0.6678	0.000000	2.523612e+01	7.064739e+03	3.877978e+01	41.3585	1	0
122	2	231.2108	4	0.9014	-0.013333	1.182105e+01	1.193812e+03	1.834469e+01	84.3387	1	1
122	0	232.2611	4	0.4344	0.000000	3.957945e+00	7.080005e+02	1.062334e+01	82.4568	1	0
123	2	232.9779	1	0.4845	-0.153049	8.565674e+00	8.205881e+02	1.458290e+01	100.0000	1	1
123	0	233.7047	1	0.4841	0.000000	6.100868e+00	1.149550e+03	1.689261e+01	69.8820	1	0
124	2	234.4210	3	0.8339	-0.018615	3.212180e+00	3.072097e+02	4.554095e+00	45.2367	1	1
124	0	235.4109	3	0.2180	0.000000	3.775854e+00	6.712207e+02	1.209032e+01	100.0000	1	0
125	2	236.1277	4	0.7016	-0.215903	8.334477e+00	8.630675e+02	2.087373e+01	100.0000	0	1
125	0	236.9617	4	0.7346	0.000000	1.663421e+01	3.617695e+03	3.012288e+01	81.7046	1	0
126	2	237.8453	2	0.4345	-0.035428	6.998809e+00	8.677958e+02	1.952220e+01	12.6181	1	1
126	0	238.5696	2	0.1346	0.000000	3.267019e+00	6.303660e+02	4.856454e+00	100.0000	1	0
127	2	239.2861	3	0.6178	-0.084678	6.055393e+00	5.786917e+02	9.075772e+00	70.1710	1	1
127	0	240.0359	3	0.5679	0.000000	8.584766e+00	1.698407e+03	1.496014e+01	89.0059	1	0
128	2	240.7624	1	0.6839	0.044242	3.913665e+00	4.019882e+02	6.295431e+00	47.6420	1	1
128	0	241.6013	1	0.3348	0.000000	5.226107e+00	1.124995e+03	1.161361e+01	62.8513	1	0
129	1	254.8645	2	0.8013	0.126308	2.422831e+01	3.641103e+03	4.702064e+01	37.8739	1	1
129	0	255.8147	2	0.3178	0.000000	9.257040e+00	1.803164e+03	1.377566e+01	67.0807	1	0
130	1	256.5315	3	0.6179	0.066392	1.067457e+01	1.208422e+03	2.365402e+01	16.1384	0	1
130	0	257.2982	3	0.5514	0.000000	1.408046e+01	2.661629e+03	2.238924e+01	69.6869	1	0
131	1	257.9817	1	0.6011	0.002577	1.098700e+00	1.084916e+02	3.042985e+00	38.3016	1	1
131	0	258.7151	1	0.2178	0.000000	7.024582e+00	1.526684e+03	1.854849e+01	69.2579	1	0
132	1	259.4318	4	0.7013	-0.088007	1.139068e+01	1.125054e+03	2.220768e+01	80.3887	1	1
132	0	260.2653	4	0.4013	0.000000	7.304418e+00	1.283796e+03	1.025964e+01	100.0000	1	0
133	1	260.9822	3	0.7513	-0.240582	1.171745e+01	1.272770e+03	2.273101e+01	100.0000	0	1
133	0	261.8822	3	0.4846	0.000000	2.250306e+01	3.938328e+03	3.401484e+01	54.3376	1	0
134	1	262.5156	4	0.6179	-0.088311	1.723834e+01	1.688621e+03	2.429253e+01	58.1278	0	1
134	0	263.2659	4	0.5010	0.000000	1.585943e+01	3.102418e+03	2.070732e+01	53.1037	1	0
135	1	263.8992	1	0.6679	-0.050355	4.709917e+00	4.901385e+02	1.382788e+01	12.1359	1	1
135	0	264.6994	1	0.2844	0.000000	7.592488e+00	1.514392e+03	1.903033e+01	82.7291	1	0
136	1	265.4161	2	0.5346	-0.071836	7.773073e+00	9.539942e+02	1.136943e+01	28.3808	1	1
136	0	266.1437	2	0.2512	0.000000	6.810016e+00	1.321689e+03	7.359482e+00	53.8723	1	0
137	1	266.8601	1	4.8334	-0.122421	3.658191e+01	5.202941e+03	7.337385e+01	13.6491	1	1
137	0	271.8504	1	0.3345	0.000000	1.427249e+01	2.817163e+03	2.507825e+01	79.2273	1	0
138	1	272.5673	3	0.5847	-0.132902	6.060477e+00	5.715498e+02	1.309308e+01	96.1156	1	1
138	0	273.3079	3	0.5843	0.000000	1.425064e+01	2.519243e+03	3.110126e+01	57.9867	1	0
139	1	274.0411	4	0.6175	-0.152846	8.736566e+00	8.413355e+02	2.187719e+01	0.2642	0	1
139	0	274.8073	4	0.5011	0.000000	1.284137e+01	2.352814e+03	2.016367e+01	73.2375	1	0
140	1	275.4510	2	0.3344	-0.308376	1.909275e+01	1.772573e+03	2.957309e+01	100.0000	1	1
140	0	276.1678	2	0.2845	0.000000	1.297379e+01	2.511240e+03	1.778319e+01	79.6287	1	0
141	1	276.8845	3	0.6680	-0.066216	8.840094e+00	1.013756e+03	2.225994e+01	11.4460	1	1
141	0	277.7065	3	0.4348	0.000000	7.546715e+00	1.407328e+03	1.504100e+01	60.5593	1	0
142	1	278.4229	1	0.2513	-0.085505	7.131891e+00	6.959825e+02	8.364632e+00	100.0000	1	1
142	0	279.1395	1	0.3341	0.000000	1.264502e+01	2.107091e+03	1.498607e+01	64.0331	1	0
143	1	279.8557	2	0.6509	-0.051369	1.146643e+01	2.290270e+03	3.230519e+01	0.5093	1	1
143	0	280.6554	2	0.2350	0.000000	5.124027e+00	1.029874e+03	7.864159e+00	52.3129	1	0
144	1	281.3719	4	0.7675	-0.116957	1.002561e+01	1.114422e+03	2.158612e+01	83.5587	1	1
144	0	282.2715	4	0.5014	0.000000	1.627032e+01	3.034056e+03	3.275910e+01	91.4762	1	0
145	2	295.5374	2	0.6512	-0.121098	3.349672e+01	3.214644e+03	6.970599e+01	0.7952	1	1
145	0	296.3209	2	0.3679	0.000000	8.024373e+00	1.564470e+03	1.485601e+01	53.3653	1	0
146	2	297.0377	4	0.7679	0.044357	1.113534e+01	1.096816e+03	2.114211e+01	81.7370	1	1
146	0	297.9545	4	0.5011	0.000000	5.482593e+00	1.048074e+03	1.214783e+01	83.5989	1	0
147	2	298.6713	1	0.4012	-0.015543	1.539309e+00	1.675195e+02	1.474622e+01	4.8408	1	1
147	0	299.3991	1	0.4511	0.000000	1.023632e+01	2.049487e+03	1.276894e+01	83.1750	1	0
148	2	300.1155	3	0.7010	-0.082044	4.437312e+00	4.241510e+02	9.100744e+00	84.3654	1	1
148	0	300.9549	3	0.4682	0.000000	5.819919e+00	1.069183e+03	7.357686e+00	54.2751	1	0
149	2	301.6717	4	1.0347	-0.093719	1.215383e+01	1.630786e+03	1.922760e+01	2.7915	1	1
149	0	302.8553	4	0.5011	0.000000	6.670162e+00	1.214289e+03	1.087243e+01	53.7506	1	0
150	2	303.5811	2	0.4845	-0.213284	1.857921e+01	1.739689e+03	2.421909e+01	81.1297	1	1
150	0	304.2975	2	0.3011	0.000000	4.484509e+00	8.799966e+02	5.082020e+00	53.0914	1	0
151	2	305.0140	3	0.6343	-0.276909	7.810144e+00	7.695411e+02	2.642886e+01	100.0000	0	1
151	0	305.7971	3	0.5013	0.000000	1.703447e+01	3.245165e+03	2.940026e+01	49.7419	1	0
152	2	306.4468	1	0.6512	-0.018516	3.067389e+00	2.952827e+02	6.084585e+00	0.5267	1	1
152	0	307.2465	1	0.2848	0.000000	2.272872e+00	4.588498e+02	6.343915e+00	61.3112	1	0
153	2	308.1295	2	0.9009	-0.057152	6.753215e+00	1.462698e+03	1.551651e+01	16.3548	1	1
153	0	309.1793	2	0.1509	0.000000	1.080887e+01	2.115957e+03	1.221379e+01	75.7624	1	0
154	2	309.8957	4	0.5340	-0.127644	1.204380e+01	1.136606e+03	1.561357e+01	37.7809	1	1
154	0	310.6231	4	0.4511	0.000000	9.674041e+00	1.681925e+03	1.888434e+01	89.9939	1	0
155	2	311.3399	1	0.6678	-0.026172	4.574103e+00	4.481888e+02	7.845001e+00	78.5921	1	1
155	0	312.1449	1	0.3179	0.000000	6.341905e+00	1.187344e+03	1.774856e+01	77.3801	1	0
156	2	312.8613	3	0.6342	0.005348	3.962943e+00	3.785025e+02	6.621099e+00	14.1037	1	1
156	0	313.6444	3	0.3514	0.000000	4.396598e+00	7.780441e+02	1.380732e+01	60.5822	1	0
157	2	314.3607	4	0.4677	-0.101215	1.957840e+01	1.992040e+03	2.875743e+01	19.4929	1	1
157	0	315.0773	4	0.4510	0.000000	1.448679e+01	2.724377e+03	2.172360e+01	85.9824	1	0
158	2	315.7936	2	0.4348	-0.062575	1.354140e+01	1.371855e+03	2.039846e+01	64.4801	1	1
158	0	316.5267	2	0.3009	0.000000	7.287790e+00	1.409825e+03	8.368241e+00	53.8591	1	0
159	2	317.2431	3	0.7175	0.119114	1.870739e+01	1.838487e+03	4.553324e+01	9.8740	1	1
159	0	318.0930	3	0.5341	0.000000	5.783548e+00	1.087162e+03	9.598374e+00	89.5735	1	0
160	2	318.8093	1	0.4009	-0.031321	7.260500e+00	7.073812e+02	8.283304e+00	51.5267	1	1
160	0	319.5259	1	0.4009	0.000000	2.604116e+00	5.730224e+02	1.112562e+01	57.2759	1	0
161	2	320.2422	2	0.5008	0.184877	2.810888e+01	3.088051e+03	4.144821e+01	13.5223	0	1
161	0	320.9752	2	0.4511	0.000000	1.032607e+01	1.959534e+03	1.386491e+01	53.8012	1	0
162	2	321.6084	4	1.1510	-0.005222	1.006384e+01	1.062387e+03	2.579979e+01	73.1235	1	1
162	0	322.8916	4	0.3845	0.000000	9.432918e+00	1.798066e+03	1.609278e+01	70.2182	1	0
163	2	323.6084	1	0.6847	-0.105705	6.711672e+00	6.986899e+02	1.254247e+01	79.7089	1	1
163	0	324.4419	1	0.4179	0.000000	9.190704e+00	1.872583e+03	1.908546e+01	66.8221	1	0
164	2	325.1586	3	0.6517	-0.105984	8.680720e+00	8.257001e+02	1.258322e+01	89.4277	1	1
164	0	325.9588	3	0.5012	0.000000	4.218409e+00	7.640762e+02	2.182180e+01	55.7658	1	0
165	2	326.6756	4	0.5845	-0.108104	1.618585e+01	1.599458e+03	3.055220e+01	10.7653	0	1
165	0	327.3923	4	0.5680	0.000000	1.955364e+01	4.208273e+03	3.079348e+01	73.9873	1	0
166	2	328.1091	2	0.4512	0.002513	5.626373e+00	5.696823e+02	1.572220e+01	37.0813	1	1
166	0	328.8259	2	0.2345	0.000000	3.441073e+00	6.688774e+02	6.601222e+00	53.9979	1	0
167	2	329.5428	3	0.7678	-0.032075	3.425389e+00	3.337898e+02	6.100382e+00	2.6704	1	1
167	0	330.4595	3	0.5844	0.000000	4.734930e+00	8.199967e+02	6.598640e+00	54.9948	1	0
168	2	331.1763	1	0.7179	0.000000	1.596745e+00	1.608494e+02	2.536181e+00	37.0174	1	1
168	0	332.0430	1	0.3345	0.000000	9.511398e-01	1.908978e+02	5.748027e+00	100.0000	1	0
169	2	332.7598	2	0.6345	-0.033930	8.325102e+00	8.777158e+02	2.666882e+01	6.1897	1	1
169	0	333.5266	2	0.3845	0.000000	6.337578e+00	1.180903e+03	1.137073e+01	58.2328	1	0
170	2	334.2434	4	0.9678	-0.037416	1.580352e+01	1.508308e+03	2.709910e+01	74.4706	1	1
170	0	335.3435	4	0.5509	0.000000	1.083767e+01	2.088651e+03	1.633703e+01	54.2774	1	0
171	2	336.0603	1	0.7515	-0.041970	4.829210e+00	4.803839e+02	6.087223e+00	81.1782	1	1
171	0	336.9604	1	0.2845	0.000000	5.151677e+00	9.501863e+02	6.841416e+00	67.7512	1	0
172	2	337.6863	3	1.7838	-0.002660	6.944473e+00	7.619509e+02	3.311417e+01	91.9777	1	1
172	0	339.6022	3	0.7178	0.000000	3.833639e+00	6.831937e+02	1.097574e+01	97.0593	1	0
173	2	340.4688	4	0.6177	-0.144442	2.394755e+00	2.346243e+02	1.409822e+01	100.0000	0	1
173	0	341.2185	4	0.5680	0.000000	1.822028e+01	3.586183e+03	2.404995e+01	53.1591	1	0
174	2	341.9349	2	0.4846	-0.191763	1.620711e+01	1.535845e+03	1.828832e+01	79.9302	1	1
174	0	342.6514	2	0.3676	0.000000	9.997851e+00	1.903052e+03	1.112952e+01	54.3504	1	0
175	2	343.3781	3	0.7012	-0.002667	3.614888e+01	3.632603e+03	8.698552e+01	36.1933	1	1
175	0	344.2339	3	0.4512	0.000000	1.036418e+01	1.884501e+03	1.655987e+01	55.2607	1	0
176	2	344.9506	1	0.5342	-0.061420	5.819254e+00	5.526391e+02	7.993729e+00	43.6650	1	1
176	0	345.6670	1	0.3679	0.000000	5.449358e+00	1.104185e+03	8.362110e+00	61.6231	1	0
177	2	346.3833	2	0.6176	-0.045538	6.726881e+00	9.466239e+02	2.034628e+01	2.3205	1	1
177	0	347.1332	2	0.2512	0.000000	8.020889e+00	1.543763e+03	1.434301e+01	57.9206	1	0
178	2	347.8496	4	0.6674	-0.049568	2.444557e+01	2.420040e+03	3.616185e+01	80.9590	1	1
178	0	348.6493	4	0.3681	0.000000	1.056036e+01	1.941858e+03	1.689774e+01	83.3508	1	0
179	2	349.3658	1	0.5177	-0.087542	5.295574e+00	5.556445e+02	9.647003e+00	4.3781	1	1
179	0	350.0822	1	0.3013	0.000000	6.455862e+00	1.318776e+03	1.034851e+01	65.5597	1	0
180	2	350.7985	3	0.7009	-0.122057	5.319966e+00	6.247600e+02	1.161548e+01	100.0000	1	1
180	0	351.6482	3	0.6512	0.000000	1.102985e+01	2.081982e+03	1.868129e+01	88.9531	1	0
181	2	352.4479	4	0.5513	-0.210915	7.937511e+00	8.521869e+02	2.039877e+01	100.0000	0	1
181	0	353.1646	4	0.7506	0.000000	2.090318e+01	4.098205e+03	4.721105e+01	85.4542	1	0
182	2	354.0642	2	0.8174	-0.588602	2.769902e+01	2.449440e+03	5.437904e+01	100.0000	0	1
182	0	355.0305	2	0.5009	0.000000	5.295765e+01	1.015353e+04	9.764238e+01	47.6294	1	0
183	2	355.6636	3	0.7180	-0.087774	9.523179e+00	1.350828e+03	2.070419e+01	81.4273	1	1
183	0	356.5301	3	0.4181	0.000000	4.651476e+00	8.304242e+02	1.330215e+01	65.5570	1	0
184	2	357.2470	1	0.2343	-0.050759	4.958573e+00	4.711845e+02	5.764421e+00	34.8151	1	1
184	0	357.9637	1	0.3680	0.000000	1.277304e+01	1.913911e+03	1.426635e+01	58.1953	1	0
185	2	358.6804	2	0.5513	-0.121098	7.090015e+00	7.328598e+02	1.663664e+01	2.6869	0	1
185	0	359.3973	2	0.3177	0.000000	1.228559e+01	2.371140e+03	1.876880e+01	53.2072	1	0
186	2	360.0473	4	0.6179	-0.082699	8.157408e+00	7.734984e+02	1.140189e+01	52.0193	1	1
186	0	360.7975	4	0.5178	0.000000	1.551896e+01	3.014138e+03	2.406625e+01	81.9450	1	0
187	2	361.5143	1	0.3677	-0.149765	1.167501e+01	1.148333e+03	1.505763e+01	92.1090	1	1
187	0	362.2310	1	0.4345	0.000000	7.462979e+00	1.613303e+03	9.884832e+00	52.8783	1	0
188	2	362.9478	3	0.6179	-0.087774	8.542772e+00	8.130095e+02	9.519771e+00	56.7381	0	1
188	0	363.7145	3	0.5345	0.000000	1.509611e+01	2.864918e+03	3.345563e+01	54.4385	1	0
189	2	364.3814	4	0.4680	-0.067781	2.416352e+00	2.537833e+02	6.599293e+00	100.0000	1	1
189	0	365.0981	4	0.5011	0.000000	1.289226e+01	2.378972e+03	3.047316e+01	83.5681	1	0
190	2	365.8150	2	0.4514	-0.076772	8.949331e+00	8.558020e+02	2.111393e+01	0.2660	1	1
190	0	366.5433	2	0.2229	0.000000	1.249362e+01	2.427114e+03	1.789105e+01	64.9939	1	0
191	2	367.2596	3	0.5342	0.048091	5.938285e+00	5.643554e+02	1.962147e+01	8.2087	1	1
191	0	367.9762	3	0.4180	0.000000	5.658345e+00	1.019118e+03	1.892434e+01	70.5869	1	0
192	2	368.6987	1	0.1015	-0.031989	1.444217e+00	1.377095e+02	3.555177e+00	61.7859	1	1
192	0	369.4154	1	0.0511	0.000000	9.449221e+00	6.429573e+02	9.658737e+00	60.4196	1	0
193	1	382.6711	2	-0.0191	-1.947620	9.982566e+01	3.943560e+03	9.982566e+01	100.0000	0	1
193	0	382.7878	2	0.4346	0.000000	7.499169e+01	5.959515e+03	1.003850e+02	51.5905	1	0
194	1	383.4209	1	0.4512	-0.047822	2.567983e+00	2.603649e+02	6.339823e+00	0.5002	1	1
194	0	384.1540	1	0.3346	0.000000	1.978507e+00	3.784885e+02	6.036432e+00	89.3235	1	0
195	1	384.8703	3	0.7512	0.047709	3.571436e+00	3.421898e+02	6.344965e+00	95.9027	1	1
195	0	385.7534	3	0.6173	0.000000	4.942940e+00	9.450588e+02	1.429908e+01	63.9630	1	0
196	1	386.5193	4	0.6675	0.093719	1.047982e+01	1.020462e+03	1.663255e+01	76.6026	1	1
196	0	387.3190	4	0.6842	0.000000	1.237096e+01	2.636008e+03	3.316455e+01	86.7230	1	0
197	1	388.1521	1	0.4509	-0.056495	3.770397e+00	4.266074e+02	5.840060e+00	95.9325	1	1
197	0	388.8685	1	0.3845	0.000000	8.725967e+00	1.754128e+03	1.466623e+01	75.1537	1	0
198	1	389.5849	2	0.4351	0.027356	7.270289e+00	8.108726e+02	1.673294e+01	5.4279	1	1
198	0	390.3022	2	0.1508	0.000000	5.767713e+00	9.897321e+02	6.482108e+00	92.1063	1	0
199	1	391.0188	4	1.0013	0.066746	2.048960e+01	2.336007e+03	4.591534e+01	47.8188	1	1
199	0	392.1690	4	0.4178	0.000000	8.408216e+00	1.509039e+03	1.353132e+01	86.0124	1	0
200	1	392.8858	3	0.5011	0.090660	5.798052e+00	5.528396e+02	1.107905e+01	81.1660	1	1
200	0	393.6025	3	0.3511	0.000000	4.610072e+00	8.478209e+02	1.185035e+01	81.6786	1	0
201	1	394.3193	4	0.6511	-0.036633	2.490882e+01	2.441043e+03	6.128229e+01	15.0780	1	1
201	0	395.1028	4	0.4012	0.000000	1.280957e+01	2.452210e+03	1.973759e+01	73.5663	1	0
202	1	395.8196	1	0.5844	-0.027983	3.960734e+00	4.219113e+02	1.134772e+01	3.6835	1	1
202	0	396.5363	1	0.3182	0.000000	7.318285e+00	1.523090e+03	1.596118e+01	79.9856	1	0
203	1	397.2532	3	0.7677	-0.265575	1.311010e+01	1.484013e+03	2.503939e+01	100.0000	0	1
203	0	398.1532	3	0.5678	0.000000	1.567890e+01	2.838528e+03	2.180735e+01	51.8778	1	0
204	1	398.8533	2	0.4346	-0.186849	2.042580e+01	2.330359e+03	2.487479e+01	77.7519	1	1
204	0	399.5700	2	0.2847	0.000000	9.885100e+00	1.955418e+03	1.138013e+01	52.5434	1	0
205	1	400.2869	4	0.1011	1.621555	8.280932e+01	5.255008e+02	9.502423e+01	100.0000	0	1
205	0	401.0150	4	0.6403	0.000000	3.906775e+01	8.040300e+03	6.602956e+01	54.6773	1	0
206	1	401.8037	1	0.6846	0.002667	4.705037e+00	4.700386e+02	9.291541e+00	6.0130	1	1
206	0	402.6373	1	0.2511	0.000000	8.906882e-01	1.816805e+02	3.813432e+00	56.7824	1	0
207	1	403.3540	3	0.7346	-0.010554	5.629237e+00	5.639308e+02	6.834796e+00	71.9847	1	1
207	0	404.2374	3	0.3845	0.000000	1.446661e+01	2.656757e+03	1.872117e+01	74.8464	1	0
208	1	404.9638	2	0.5011	0.170212	1.845193e+01	2.066079e+03	4.093049e+01	15.3765	0	1
208	0	405.6800	2	0.3010	0.000000	1.138701e+01	2.279681e+03	1.682188e+01	51.4185	1	0
209	2	418.8756	2	0.7342	-0.090660	9.622884e+00	1.028026e+03	3.801796e+01	6.3503	1	1
209	0	419.7420	2	0.3673	0.000000	9.480739e+00	1.862189e+03	1.087789e+01	53.2916	1	0
210	2	420.4579	4	0.7174	-0.083141	1.212581e+01	1.280983e+03	1.447637e+01	77.3070	1	1
210	0	421.3077	4	0.6013	0.000000	1.048063e+01	1.979326e+03	1.439066e+01	75.2646	1	0
211	2	422.0574	1	0.5345	-0.023932	2.227173e+00	2.284989e+02	3.178488e+00	3.8726	1	1
211	0	422.7738	1	0.4179	0.000000	6.078356e+00	1.135159e+03	1.231385e+01	67.6527	1	0
212	2	423.4902	3	1.0682	-0.058756	5.694451e+00	5.700666e+02	1.005030e+01	68.3688	1	1
212	0	424.6907	3	0.5347	0.000000	9.463301e+00	1.669959e+03	1.265900e+01	78.5362	1	0
213	2	425.4073	4	0.6512	-0.116355	2.943787e+01	3.114576e+03	6.348892e+01	14.5066	0	1
213	0	426.2075	4	0.4511	0.000000	1.308522e+01	2.439021e+03	1.804227e+01	55.2543	1	0
214	2	426.8409	2	0.4678	-0.160304	1.967269e+01	1.993210e+03	2.948764e+01	44.3250	0	1
214	0	427.5577	2	0.3011	0.000000	1.211041e+01	2.381429e+03	1.633320e+01	52.5196	1	0
215	2	428.2078	3	0.9179	0.002660	9.477478e+00	2.447742e+03	2.360764e+01	22.7604	1	1
215	0	429.2580	3	0.4345	0.000000	5.702734e+00	1.019651e+03	1.062278e+01	94.8794	1	0
216	2	429.9747	1	0.3344	0.103082	2.029720e+00	1.936371e+02	9.869056e+00	100.0000	1	1
216	0	430.6915	1	0.4186	0.000000	9.849331e+00	1.706172e+03	1.507288e+01	71.2934	1	0
217	2	431.4249	2	0.5679	-0.221074	1.064922e+01	1.182467e+03	2.513978e+01	10.1069	0	1
217	0	432.1418	2	0.3344	0.000000	2.816742e+01	5.027631e+03	3.853413e+01	56.1352	1	0
218	2	432.8585	4	0.7178	-0.172861	4.908069e+00	4.674441e+02	1.654037e+01	100.0000	0	1
218	0	433.7086	4	0.4178	0.000000	1.349992e+01	2.319970e+03	1.628679e+01	53.9477	1	0
219	2	434.3421	1	0.4511	-0.086173	1.181475e+01	1.143921e+03	1.543876e+01	57.2017	1	1
219	0	435.0702	1	0.3010	0.000000	1.173104e+01	2.426256e+03	1.816229e+01	64.1228	1	0
220	2	435.7867	3	0.6342	-0.313751	1.501146e+01	1.365832e+03	3.048742e+01	95.5105	1	1
220	0	436.5758	3	0.6346	0.000000	6.988273e+00	1.463639e+03	2.365812e+01	94.1683	1	0
221	2	437.7760	4	0.8345	-0.088541	1.031256e+01	1.286575e+03	1.656394e+01	76.8984	1	1
221	0	438.7428	4	0.4677	0.000000	7.295567e+00	1.378681e+03	1.239648e+01	97.5196	1	0
222	2	439.4688	2	0.5342	-0.796209	3.848928e+01	2.658961e+03	6.800229e+01	100.0000	0	1
222	0	440.1852	2	0.5342	0.000000	6.082042e+01	1.252655e+04	1.086456e+02	43.6216	1	0
223	2	440.8682	3	0.6510	-0.045423	2.265608e+00	2.257506e+02	4.320392e+00	100.0000	1	1
223	0	441.6598	3	0.4347	0.000000	9.589219e+00	1.818807e+03	1.853172e+01	67.6564	1	0
224	2	442.3768	1	0.3343	-0.048679	5.142950e+00	5.096647e+02	8.077547e+00	64.9527	1	1
224	0	443.0934	1	0.3511	0.000000	7.522503e+00	1.039823e+03	8.334632e+00	63.9938	1	0
225	2	443.8102	2	0.5513	0.007812	1.928252e+01	1.883668e+03	3.234228e+01	3.8798	0	1
225	0	444.5337	2	0.3838	0.000000	1.924004e+01	3.691346e+03	2.907960e+01	52.3485	1	0
226	2	445.1668	4	0.9513	-0.072067	7.766077e+00	7.369991e+02	2.020240e+01	70.0200	1	1
226	0	446.8829	4	0.7176	0.000000	8.045781e+00	1.550875e+03	1.522937e+01	77.5012	1	0
227	2	447.9992	1	0.5842	-0.143394	1.768786e+00	1.994698e+02	1.359677e+01	100.0000	1	1
227	0	448.7156	1	0.3513	0.000000	1.136835e+01	2.427228e+03	1.409514e+01	62.0988	1	0
228	2	449.4444	3	0.5888	-0.066746	8.220131e+00	7.803774e+02	1.378249e+01	55.4789	1	1
228	0	450.1818	3	0.5341	0.000000	4.741510e+00	8.761033e+02	1.378234e+01	66.1358	1	0
229	2	450.8982	4	0.7008	-0.074727	5.418304e+00	5.697853e+02	1.310090e+01	98.6579	1	1
229	0	451.7313	4	0.4345	0.000000	4.228501e+00	8.178410e+02	6.854393e+00	54.4717	1	0
230	2	452.4477	2	0.3512	-0.406504	1.922050e+01	1.679740e+03	3.762111e+01	100.0000	0	1
230	0	453.1641	2	0.3679	0.000000	2.727122e+01	5.275242e+03	4.027571e+01	49.0266	1	0
231	2	453.8139	3	0.6680	0.060772	3.679297e+00	4.305772e+02	8.610526e+00	95.0186	1	1
231	0	454.6303	3	0.4009	0.000000	6.995665e+00	1.347806e+03	9.682505e+00	97.4865	1	0
232	2	455.3468	1	0.1678	-0.123059	1.021736e+01	9.802748e+02	1.186653e+01	100.0000	1	1
232	0	456.0631	1	0.2514	0.000000	1.858915e+00	3.877917e+02	4.817392e+00	79.9721	1	0
233	2	456.7795	2	0.5175	0.088771	7.573262e+00	1.271040e+03	2.311582e+01	0.7568	0	1
233	0	457.4960	2	0.3010	0.000000	1.814897e+01	3.504712e+03	3.060224e+01	74.8073	1	0
234	2	458.1457	4	0.6852	-0.026660	6.959933e+00	6.637498e+02	1.476989e+01	59.3683	1	1
234	0	458.9792	4	0.6345	0.000000	4.720128e+00	8.474707e+02	1.053978e+01	100.0000	1	0
235	2	459.7461	1	0.6344	0.023995	3.644500e+00	3.515273e+02	5.681733e+00	14.9719	1	1
235	0	460.5295	1	0.3012	0.000000	7.071564e+00	1.356795e+03	1.742061e+01	66.9221	1	0
236	2	461.2462	3	1.5518	-0.068675	1.036851e+01	2.196690e+03	2.611043e+01	43.2369	0	1
236	0	462.9464	3	0.6013	0.000000	2.803130e+01	5.319926e+03	3.540496e+01	51.5541	1	0
237	2	463.6966	4	0.6013	0.106547	1.013051e+01	1.051341e+03	1.557175e+01	9.3353	1	1
237	0	464.4466	4	0.5679	0.000000	8.096101e+00	1.753650e+03	2.173086e+01	76.8161	1	0
238	2	465.1635	2	0.4511	-0.079632	1.013806e+01	1.273933e+03	2.111560e+01	24.9920	1	1
238	0	465.8803	2	0.3344	0.000000	5.058522e+00	1.002705e+03	1.032649e+01	89.8250	1	0
239	2	466.6096	3	0.7054	0.133761	1.427989e+01	2.030621e+03	2.421591e+01	8.7236	1	1
239	0	467.4638	3	0.4178	0.000000	4.044519e+00	7.630467e+02	1.878870e+01	68.7569	1	0
240	2	468.1806	1	0.4345	-0.116799	7.053521e+00	7.500404e+02	1.111747e+01	100.0000	1	1
240	0	468.9088	1	0.3843	0.000000	7.615032e+00	1.584508e+03	1.860751e+01	78.9006	1	0
241	2	469.6252	2	0.8344	-0.039662	7.964153e+00	1.518344e+03	2.410295e+01	1.9847	1	1
241	0	470.6143	2	0.1511	0.000000	1.600804e+01	2.917521e+03	1.793714e+01	59.3939	1	0
242	2	471.3311	4	0.6681	-0.273009	7.790646e+00	7.412024e+02	2.593963e+01	99.3801	0	1
242	0	473.1147	4	0.5679	0.000000	1.371079e+01	2.459542e+03	1.872150e+01	79.9566	1	0
243	2	473.8148	1	0.7177	-0.083575	5.505510e+00	7.641258e+02	1.218757e+01	30.7738	1	1
243	0	474.6817	1	0.3343	0.000000	6.730577e+00	1.333196e+03	1.598746e+01	66.9917	1	0
244	2	475.4067	3	0.6845	-0.002660	3.808834e+00	4.753441e+02	2.186098e+01	28.0114	1	1
244	0	476.2319	3	0.4182	0.000000	9.702687e+00	1.850490e+03	2.192749e+01	80.1860	1	0
245	2	476.9487	4	0.7512	0.098348	1.529669e+01	3.126390e+03	3.574507e+01	28.9602	1	1
245	0	477.8391	4	0.5509	0.000000	1.075432e+01	2.283400e+03	3.104883e+01	70.4305	1	0
246	2	478.5557	2	0.6008	0.193869	1.411498e+01	1.346024e+03	1.872279e+01	100.0000	0	1
246	0	479.3053	2	0.3846	0.000000	1.242731e+01	2.308208e+03	1.559136e+01	54.8339	1	0
247	2	479.9492	3	0.8178	0.449833	3.203514e+01	2.781515e+03	4.209584e+01	96.9649	0	1
247	0	480.9049	3	0.4343	0.000000	1.588400e+01	3.112764e+03	3.159220e+01	59.5755	1	0
248	2	481.5379	1	0.4847	-0.118612	8.444053e+00	9.135723e+02	1.162032e+01	100.0000	0	1
248	0	482.2544	1	0.4012	0.000000	1.005308e+01	2.145076e+03	1.564181e+01	74.5273	1	0
249	2	482.8996	2	0.5513	-0.139351	1.020294e+01	1.145377e+03	2.085951e+01	0.2266	0	1
249	0	483.6163	2	0.3179	0.000000	3.772884e+01	7.272781e+03	5.193915e+01	54.6924	1	0
250	2	484.2534	4	0.6346	-0.240674	2.313829e+01	2.725310e+03	3.492479e+01	25.5897	0	1
250	0	485.0201	4	0.9674	0.000000	2.972296e+01	7.093084e+03	4.408018e+01	98.3016	1	0
251	2	486.4862	1	0.7844	1.077745	4.238307e+01	2.402924e+03	9.008897e+01	100.0000	0	1
251	0	487.4193	1	0.3676	0.000000	6.614550e+01	9.159885e+03	8.382206e+01	58.1169	1	0
252	2	488.0524	3	0.7342	0.213621	1.484634e+01	1.469983e+03	2.818831e+01	89.0326	1	1
252	0	488.9354	3	0.4177	0.000000	8.915784e+00	1.646059e+03	1.509108e+01	54.6535	1	0
253	2	489.6518	4	0.5342	-0.007833	7.350368e+00	7.297249e+02	2.447575e+01	6.6372	1	1
253	0	490.3685	4	0.4674	0.000000	9.827451e+00	1.977486e+03	1.149163e+01	78.2886	1	0
254	2	491.0846	2	0.5843	0.047464	1.304965e+01	1.432096e+03	3.838915e+01	23.6731	1	1
254	0	491.8178	2	0.2515	0.000000	2.461729e+00	4.657984e+02	3.051531e+00	55.1014	1	0
255	2	492.5343	3	0.8014	0.134816	9.970164e+00	1.015641e+03	3.211466e+01	3.4753	1	1
255	0	493.4679	3	0.5179	0.000000	1.133042e+01	2.166512e+03	2.181877e+01	67.9509	1	0
256	2	494.1846	1	0.4345	0.047458	3.073805e+00	3.147043e+02	4.574101e+00	100.0000	1	1
256	0	494.9013	1	0.3681	0.000000	1.746078e+00	3.727451e+02	4.561534e+00	84.2268	1	0
257	1	508.1536	3	1.0847	-0.077180	6.937303e+00	1.652250e+03	2.201397e+01	98.4891	1	1
257	0	509.3869	3	0.4345	0.000000	8.501610e+00	1.511778e+03	2.218432e+01	68.1918	1	0
258	1	510.1115	2	0.5178	0.272428	2.129996e+01	2.245482e+03	2.776303e+01	90.2179	0	1
258	0	510.8280	2	0.4516	0.000000	1.286123e+01	2.465256e+03	2.045595e+01	53.3593	1	0
259	1	511.4612	1	0.7175	-0.088007	1.484221e+01	1.432934e+03	1.849196e+01	77.1675	1	1
259	0	512.3109	1	0.2677	0.000000	6.427505e+00	1.197083e+03	9.601104e+00	63.3891	1	0
260	1	513.0274	4	0.6341	0.119532	1.691804e+01	1.636671e+03	2.369897e+01	4.8995	1	1
260	0	513.7937	4	0.5175	0.000000	4.367545e+00	8.323294e+02	1.237767e+01	54.3462	1	0
261	1	514.5101	2	0.3847	-0.171981	1.456163e+01	1.488818e+03	1.754551e+01	100.0000	1	1
261	0	515.2379	2	0.3177	0.000000	8.040074e+00	1.598130e+03	8.620261e+00	52.4241	1	0
262	1	515.9546	1	0.1844	-0.135171	1.080252e+01	1.021173e+03	1.285621e+01	100.0000	1	1
262	0	516.6714	1	0.4678	0.000000	2.387943e+00	3.277523e+02	1.295809e+01	66.4794	1	0
263	1	517.3925	4	2.0675	0.002674	3.131451e+01	3.219323e+03	4.680809e+01	22.6954	1	1
263	0	519.8583	4	1.2008	0.000000	1.011826e+01	2.104360e+03	2.449811e+01	99.2784	1	0
264	1	521.1914	3	0.7018	0.215836	1.128019e+01	1.243602e+03	2.268017e+01	96.4224	1	1
264	0	522.0411	3	0.5175	0.000000	1.181961e+01	2.216585e+03	2.235467e+01	65.4148	1	0
265	1	522.7574	2	0.4511	-0.115578	1.663059e+01	1.638408e+03	2.474943e+01	14.2878	1	1
265	0	523.4738	2	0.2843	0.000000	8.638779e+00	1.697168e+03	1.494456e+01	78.8606	1	0
266	1	524.1902	4	0.5846	-0.114976	8.144850e+00	8.000698e+02	1.147222e+01	41.7356	1	1
266	0	524.9233	4	0.6179	0.000000	1.215231e+01	2.419076e+03	2.027971e+01	82.3525	1	0
267	1	525.6897	1	0.3844	-0.137863	7.117091e+00	6.854371e+02	1.335543e+01	100.0000	1	1
267	0	526.4061	1	0.3847	0.000000	9.303404e+00	1.847981e+03	1.558868e+01	51.9214	1	0
268	1	527.1231	3	0.7678	-0.210728	5.431226e+00	7.549558e+02	2.128307e+01	97.3363	1	1
268	0	528.0232	3	0.5344	0.000000	5.521168e+00	9.883942e+02	2.758397e+01	57.5120	1	0
269	1	528.7400	4	0.5682	-0.029247	4.322721e+00	4.615973e+02	1.144532e+01	10.6979	1	1
269	0	529.4568	4	0.3676	0.000000	1.554575e+01	3.011639e+03	3.075512e+01	93.2428	1	0
270	1	530.1734	2	0.3514	0.100954	2.693321e+00	2.659614e+02	9.871205e+00	100.0000	0	1
270	0	530.9070	2	0.3677	0.000000	2.319987e+01	4.512673e+03	4.301937e+01	55.9176	1	0
271	1	531.5403	1	0.8347	-0.031989	1.347866e+01	1.709928e+03	3.582477e+01	11.9970	1	1
271	0	532.5237	1	0.4179	0.000000	1.017994e+01	2.231440e+03	2.314510e+01	94.0015	1	0
272	1	533.2907	3	1.1845	0.098348	1.316771e+01	1.426718e+03	4.061982e+01	20.1008	1	1
272	0	534.6075	3	0.4845	0.000000	1.440910e+01	2.753369e+03	3.107725e+01	58.0181	1	0
