Trial	Type	Target/Home(1,0)	Target #	Time(s)	Xpos	Ypos	Xvel	Yvel	Xaccel	Yaccel	Xerror	Yerror	Xprojection	Yprojection
1	1	0	3	0.634158	-0.18	0.18	-0.28	0.28	-0.45	0.45	-0.18	0.00	0.00	0.18
1	1	1	3	0.766046	-0.18	0.18	0.00	0.00	2.15	-2.15	-0.18	0.00	0.00	0.18
1	1	1	3	0.793001	-0.18	0.18	0.00	0.00	0.00	0.00	-0.18	0.00	0.00	0.18
1	1	1	3	0.808983	-0.18	0.18	0.00	0.00	0.00	0.00	-0.18	0.00	0.00	0.18
1	1	1	3	0.826997	-0.18	0.18	0.00	0.00	0.00	0.00	-0.18	0.00	0.00	0.18
1	1	1	3	0.843620	-0.18	0.18	0.00	0.00	0.00	0.00	-0.18	0.00	0.00	0.18
1	1	1	3	0.860198	-0.18	0.18	0.00	0.00	0.00	0.00	-0.18	0.00	0.00	0.18
1	1	1	3	0.876379	-0.18	0.18	0.00	0.00	0.00	0.00	-0.18	0.00	0.00	0.18
1	1	1	3	0.892907	-0.18	0.18	0.00	0.00	0.00	0.00	-0.18	0.00	0.00	0.18
1	1	1	3	0.909427	-0.18	0.18	0.00	0.00	0.00	0.00	-0.18	0.00	0.00	0.18
1	1	1	3	0.927505	-0.18	0.18	0.00	0.00	0.00	0.00	-0.18	0.00	0.00	0.18
1	1	1	3	0.942526	-0.18	0.18	0.00	0.00	0.00	0.00	-0.18	0.00	0.00	0.18
1	1	1	3	0.959570	-0.18	0.18	0.00	0.00	0.00	0.00	-0.18	0.00	0.00	0.18
1	1	1	3	0.977629	-0.18	0.18	0.00	0.00	0.00	0.00	-0.18	0.00	0.00	0.18
1	1	1	3	0.991681	-0.18	0.18	0.00	0.00	0.00	0.00	-0.18	0.00	0.00	0.18
1	1	1	3	1.010199	-0.18	0.18	0.00	0.00	0.00	0.00	-0.18	0.00	0.00	0.18
1	1	1	3	1.026746	-0.18	0.18	0.00	0.00	0.00	0.00	-0.18	0.00	0.00	0.18
1	1	1	3	1.043493	-0.18	0.18	0.00	0.00	0.00	0.00	-0.18	0.00	0.00	0.18
1	1	1	3	1.060022	-0.18	0.18	0.00	0.00	0.00	0.00	-0.18	0.00	0.00	0.18
1	1	1	3	1.076684	-0.18	0.18	0.00	0.00	0.00	0.00	-0.18	0.00	0.00	0.18
1	1	1	3	1.093308	-0.18	0.18	0.00	0.00	0.00	0.00	-0.18	0.00	0.00	0.18
1	1	1	3	1.109507	-0.18	0.18	0.00	0.00	0.00	0.00	-0.18	0.00	0.00	0.18
1	1	1	3	1.127565	-0.18	0.18	0.00	0.00	0.00	0.00	-0.18	0.00	0.00	0.18
1	1	1	3	1.141702	-0.18	0.18	0.00	0.00	0.00	0.00	-0.18	0.00	0.00	0.18
1	1	1	3	1.160506	-0.18	0.18	0.00	0.00	0.00	0.00	-0.18	0.00	0.00	0.18
1	1	1	3	1.176627	-0.18	0.18	0.00	0.00	0.00	0.00	-0.18	0.00	0.00	0.18
1	1	1	3	1.192618	-0.25	0.00	-4.66	-11.25	-291.38	-703.44	-0.25	0.00	-0.00	-0.00
1	1	1	3	1.211038	-0.25	0.00	0.00	0.00	252.97	610.72	-0.25	0.00	-0.00	-0.00
1	1	1	3	1.225005	-0.25	-2.02	0.14	-144.59	10.07	-10351.85	-0.25	0.00	-0.00	-2.02
1	1	1	3	1.243496	-0.25	-5.34	-0.09	-179.37	-12.51	-1881.25	-0.25	0.00	-0.00	-5.34
1	1	1	3	1.260058	-0.25	-8.90	-0.01	-215.20	4.80	-2163.19	-0.25	0.00	-0.00	-8.90
1	1	1	3	1.276141	-0.25	-17.81	-0.00	-553.76	0.39	-21051.22	-0.25	0.00	-0.00	-17.81
1	1	1	3	1.293327	-0.25	-22.64	-0.00	-281.27	0.25	15854.89	-0.25	0.00	-0.00	-22.64
1	1	1	3	1.309743	-0.25	-27.73	-0.00	-309.97	0.02	-1748.31	-0.25	0.00	-0.00	-27.73
1	1	1	3	1.327823	-0.25	-38.67	-0.00	-605.07	0.00	-16322.36	-0.25	0.00	-0.00	-38.67
1	1	1	3	1.341716	-0.25	-44.77	-0.00	-439.49	0.01	11918.42	-0.25	0.00	-0.00	-44.77
1	1	1	3	1.360894	-0.25	-57.49	-0.00	-663.27	0.00	-11668.57	-0.25	0.00	-0.00	-57.49
1	1	1	3	1.374793	-0.25	-57.49	0.00	0.00	0.01	47721.14	-0.25	0.00	-0.00	-57.49
1	1	1	3	1.393353	-2.54	-72.46	-123.28	-806.33	-6642.04	-43444.21	-2.54	0.00	-0.00	-72.46
1	1	1	3	1.410010	-4.57	-80.26	-121.83	-468.33	86.72	20292.01	-4.57	0.00	-0.00	-80.26
1	1	1	3	1.426091	-8.36	-95.54	-235.78	-950.42	-7085.81	-29979.15	-8.36	0.00	-0.00	-95.54
1	1	1	3	1.442904	-9.88	-102.30	-89.96	-401.98	8672.91	32619.06	-9.88	0.00	-0.00	-102.30
1	1	1	3	1.461115	-12.14	-108.72	-124.11	-352.25	-1875.35	2730.92	-12.14	0.00	-0.00	-108.72
1	1	1	3	1.475221	-13.64	-114.43	-106.71	-405.24	1233.66	-3756.83	-13.64	0.00	-0.00	-114.43
1	1	1	3	1.494081	-15.14	-119.63	-79.65	-275.61	1434.77	6873.35	-15.14	0.00	-0.00	-119.63
1	1	1	3	1.510671	-17.89	-128.76	-165.61	-550.38	-5181.65	-16562.58	-17.89	0.00	-0.00	-128.76
1	1	1	3	1.527825	-19.12	-128.59	-71.91	10.34	5462.28	32686.06	-19.12	0.00	-0.00	-128.59
1	0	1	3	1.577984	-23.76	-127.81	-15.06	-81.00	-9.54	-51.33	-23.76	0.00	-0.00	-127.81
1	0	1	3	1.610513	-21.09	-128.28	82.21	-14.40	2990.28	2047.34	-21.09	0.00	-0.00	-128.28
1	0	1	3	1.626836	-19.12	-128.59	120.23	-18.82	2329.31	-271.06	-19.12	0.00	-0.00	-128.59
1	0	1	3	1.643425	-15.16	-126.04	239.27	153.49	7175.63	10387.41	-15.16	0.00	-0.00	-126.04
1	0	1	3	1.660173	-12.65	-121.46	149.47	273.64	-5361.88	7173.76	-12.65	0.00	-0.00	-121.46
1	0	1	3	1.676897	-9.89	-115.33	165.40	366.28	952.72	5539.42	-9.89	0.00	-0.00	-115.33
1	0	1	3	1.693589	-7.11	-108.40	166.40	415.37	59.68	2940.91	-7.11	0.00	-0.00	-108.40
1	0	1	3	1.710405	-4.57	-99.11	150.67	552.20	-935.32	8136.85	-4.57	0.00	-0.00	-99.11
1	0	1	3	1.726867	-0.76	-77.84	231.51	1291.92	4910.50	44933.54	-0.76	0.00	-0.00	-77.84
1	0	1	3	1.743572	-0.25	-66.91	30.46	654.68	-12035.79	-38147.61	-0.25	0.00	-0.00	-66.91
1	0	1	3	1.760362	-0.25	-45.03	0.00	1303.05	-1813.94	38615.77	-0.25	0.00	-0.00	-45.03
1	0	1	3	1.776523	-0.25	-34.85	0.00	629.70	0.00	-41666.38	-0.25	0.00	-0.00	-34.85
1	0	1	3	1.794217	-0.25	-16.79	0.00	1020.86	0.06	22105.98	-0.25	0.00	-0.00	-16.79
1	0	1	3	1.809256	-0.25	-8.65	0.01	541.44	0.27	-31878.28	-0.25	0.00	-0.00	-8.65
1	0	1	3	1.827267	-0.25	-1.76	0.14	382.16	7.25	-8843.48	-0.25	0.00	-0.00	-1.76
1	0	1	3	1.843935	0.00	0.00	15.11	105.76	898.27	-16582.08	0.00	0.00	-0.00	-0.00
1	0	1	3	1.860823	0.00	0.00	0.00	0.00	-894.70	-6262.89	0.00	0.00	-0.00	-0.00
1	0	1	3	1.876454	0.00	0.00	0.00	0.00	0.00	0.00	0.00	0.00	-0.00	-0.00
1	0	1	3	1.894180	0.00	0.00	0.00	0.00	0.00	0.00	0.00	0.00	-0.00	-0.00
1	0	1	3	1.909659	0.00	0.00	0.00	0.00	0.00	0.00	0.00	0.00	-0.00	-0.00
2	1	0	4	2.276997	-0.25	0.00	-0.11	0.00	-0.05	0.00	0.00	-0.00	-0.25	0.00
2	1	1	4	2.293638	-0.25	0.00	0.00	0.00	6.71	0.00	0.00	-0.00	-0.25	0.00
2	1	1	4	2.310324	-0.25	0.00	0.00	0.00	0.00	0.00	0.00	-0.00	-0.25	0.00
2	1	1	4	2.327085	-0.25	0.00	0.00	0.00	0.00	0.00	0.00	-0.00	-0.25	0.00
2	1	1	4	2.343735	-0.25	0.00	0.00	0.00	0.00	0.00	0.00	-0.00	-0.25	0.00
2	1	1	4	2.360715	-0.25	0.00	0.00	0.00	0.00	0.00	0.00	-0.00	-0.25	0.00
2	1	1	4	2.377157	-0.25	0.00	0.00	0.00	0.00	0.00	0.00	-0.00	-0.25	0.00
2	1	1	4	2.393146	-0.25	0.00	0.00	0.00	0.00	0.00	0.00	-0.00	-0.25	0.00
2	1	1	4	2.409626	-0.25	0.00	0.00	0.00	0.00	0.00	0.00	-0.00	-0.25	0.00
2	1	1	4	2.427423	-0.18	0.18	4.19	10.11	235.27	568.00	0.00	0.18	-0.18	0.00
2	1	1	4	2.443574	-0.18	0.18	0.00	0.00	-259.23	-625.85	0.00	0.18	-0.18	0.00
2	1	1	4	2.459649	-0.18	0.18	0.00	0.00	0.00	0.00	0.00	0.18	-0.18	0.00
2	1	1	4	2.477602	-0.18	0.18	0.00	0.00	0.00	0.00	0.00	0.18	-0.18	0.00
2	1	1	4	2.493351	-0.18	0.18	0.00	0.00	0.00	0.00	0.00	0.18	-0.18	0.00
2	1	1	4	2.510092	-0.18	0.18	0.00	0.00	0.00	0.00	0.00	0.18	-0.18	0.00
2	1	1	4	2.526892	0.00	0.25	10.71	4.44	637.43	264.03	0.00	0.25	-0.00	0.00
2	1	1	4	2.543589	0.00	0.25	0.00	0.00	-641.30	-265.63	0.00	0.25	-0.00	0.00
2	1	1	4	2.560172	0.00	0.25	0.00	0.00	0.00	0.00	0.00	0.25	-0.00	0.00
2	1	1	4	2.576887	0.00	0.25	0.00	0.00	0.00	0.00	0.00	0.25	-0.00	0.00
2	1	1	4	2.593081	0.00	0.00	0.00	-15.71	0.00	-970.10	0.00	0.00	0.00	-0.00
2	1	1	4	2.610602	0.51	0.00	29.04	0.00	1657.34	896.60	0.00	0.00	0.51	-0.00
2	1	1	4	2.627112	1.02	0.00	30.82	0.00	107.82	0.00	0.00	0.00	1.02	-0.00
2	1	1	4	2.643718	1.78	0.00	45.96	0.00	911.76	0.00	0.00	0.00	1.78	-0.00
2	1	1	4	2.660269	3.31	0.00	92.22	0.00	2795.20	0.00	0.00	0.00	3.31	-0.00
2	1	1	4	2.676872	4.58	0.00	76.61	0.00	-940.29	0.00	0.00	0.00	4.58	-0.00
2	1	1	4	2.693346	6.87	0.00	138.99	0.00	3786.56	0.00	0.00	0.00	6.87	-0.00
2	1	1	4	2.710059	12.97	0.00	365.32	0.00	13541.53	0.00	0.00	0.00	12.97	-0.00
2	1	1	4	2.726120	17.05	0.00	253.44	0.00	-6965.72	0.00	0.00	0.00	17.05	-0.00
2	1	1	4	2.743136	21.88	0.00	284.06	0.00	1799.42	0.00	0.00	0.00	21.88	-0.00
2	1	1	4	2.761261	33.58	0.00	645.67	0.00	19951.27	0.00	0.00	0.00	33.58	-0.00
2	1	1	4	2.775178	41.21	0.00	548.40	0.00	-6989.24	0.00	0.00	0.00	41.21	-0.00
2	1	1	4	2.794354	57.24	0.00	835.80	0.00	14987.32	0.00	0.00	0.00	57.24	-0.00
2	1	1	4	2.809504	66.14	0.00	587.73	0.00	-16374.21	0.00	0.00	0.00	66.14	-0.00
2	1	1	4	2.827543	75.30	0.00	507.69	0.00	-4436.83	0.00	0.00	0.00	75.30	-0.00
2	1	1	4	2.844143	93.87	0.00	1118.76	0.00	36811.77	0.00	0.00	0.00	93.87	-0.00
2	1	1	4	2.860811	102.78	0.00	534.22	0.00	-35070.92	0.00	0.00	0.00	102.78	-0.00
2	1	1	4	2.877442	110.67	0.00	474.21	0.00	-3608.11	0.00	0.00	0.00	110.67	-0.00
2	1	1	4	2.894135	123.13	0.00	746.75	0.00	16325.74	0.00	0.00	0.00	123.13	-0.00
2	1	1	4	2.910867	128.47	0.00	319.29	0.00	-25546.67	0.00	0.00	0.00	128.47	-0.00
2	1	1	4	2.926590	130.00	0.00	97.08	0.00	-14132.69	0.00	0.00	0.00	130.00	-0.00
2	1	1	4	2.942989	130.00	0.00	0.00	0.00	-5920.26	0.00	0.00	0.00	130.00	-0.00
2	1	1	4	2.959769	130.00	0.00	0.00	0.00	0.00	0.00	0.00	0.00	130.00	-0.00
2	1	1	4	2.977386	130.00	0.00	0.00	0.00	0.00	0.00	0.00	0.00	130.00	-0.00
2	0	1	4	3.010171	130.00	0.00	43.19	0.00	14.35	0.00	0.00	0.00	130.00	-0.00
2	0	1	4	3.027312	130.00	0.00	0.00	0.00	-2519.49	0.00	0.00	0.00	130.00	-0.00
2	0	1	4	3.043255	130.00	0.00	0.00	0.00	0.00	0.00	0.00	0.00	130.00	-0.00
2	0	1	4	3.061171	130.00	0.00	0.00	0.00	0.00	0.00	0.00	0.00	130.00	-0.00
2	0	1	4	3.075097	130.00	0.00	0.00	0.00	0.00	0.00	0.00	0.00	130.00	-0.00
2	0	1	4	3.094015	130.00	0.00	0.00	0.00	0.00	0.00	0.00	0.00	130.00	-0.00
2	0	1	4	3.110651	129.24	0.00	-45.88	0.00	-2757.98	0.00	0.00	0.00	129.24	-0.00
2	0	1	4	3.127216	118.04	0.00	-675.73	0.00	-38021.96	0.00	0.00	0.00	118.04	-0.00
2	0	1	4	3.143098	109.65	0.00	-528.61	0.00	9263.38	0.00	0.00	0.00	109.65	-0.00
2	0	1	4	3.161244	89.80	0.00	-1093.51	0.00	-31129.79	0.00	0.00	0.00	89.80	-0.00
2	0	1	4	3.176742	78.61	0.00	-722.30	0.00	23953.09	0.00	0.00	0.00	78.61	-0.00
2	0	1	4	3.193355	66.91	0.00	-704.41	0.00	1076.73	0.00	0.00	0.00	66.91	-0.00
2	0	1	4	3.209914	39.41	-1.27	-1660.50	-76.78	-57738.57	-4636.64	0.00	-1.27	39.41	-0.00
2	0	1	4	3.226276	25.34	-2.28	-860.16	-61.67	48913.91	923.31	0.00	-2.28	25.34	-0.00
2	0	1	4	3.244393	12.68	-2.74	-698.52	-25.12	8922.36	2017.41	0.00	-2.74	12.68	-0.00
2	0	1	4	3.260985	0.00	-0.51	-764.38	134.20	-3969.29	9602.11	-0.00	-0.51	0.00	-0.00
2	0	1	4	3.277034	0.00	0.00	0.00	31.70	47628.19	-6386.59	0.00	0.00	0.00	-0.00
2	0	1	4	3.292921	-0.25	0.00	-16.01	0.00	-1007.98	-1995.59	0.00	-0.00	-0.25	0.00
2	0	1	4	3.310180	-0.25	0.00	0.00	0.00	927.85	0.00	0.00	-0.00	-0.25	0.00
2	0	1	4	3.326752	-0.25	0.00	0.00	0.00	0.00	0.00	0.00	-0.00	-0.25	0.00
2	0	1	4	3.343240	-0.25	0.00	0.00	0.00	0.00	0.00	0.00	-0.00	-0.25	0.00
2	0	1	4	3.360467	-0.25	0.00	0.00	0.00	0.00	0.00	0.00	-0.00	-0.25	0.00
3	1	0	1	3.726542	-0.25	0.00	-0.07	0.00	-0.02	0.00	-0.25	0.00	-0.00	-0.00
3	1	1	1	3.743960	-0.25	0.00	0.00	0.00	3.92	0.00	-0.25	0.00	-0.00	-0.00
3	1	1	1	3.759853	-0.25	0.00	0.00	0.00	0.00	0.00	-0.25	0.00	-0.00	-0.00
3	1	1	1	3.776777	-0.25	0.00	0.00	0.00	0.00	0.00	-0.25	0.00	-0.00	-0.00
3	1	1	1	3.793174	-0.25	0.00	0.00	0.00	0.00	0.00	-0.25	0.00	-0.00	-0.00
3	1	1	1	3.810809	-0.25	0.00	0.00	0.00	0.00	0.00	-0.25	0.00	-0.00	-0.00
3	1	1	1	3.827613	-0.25	0.00	0.00	0.00	0.00	0.00	-0.25	0.00	-0.00	-0.00
3	1	1	1	3.844270	-0.25	0.00	0.00	0.00	0.00	0.00	-0.25	0.00	-0.00	-0.00
3	1	1	1	3.860832	-0.25	0.00	0.00	0.00	0.00	0.00	-0.25	0.00	-0.00	-0.00
3	1	1	1	3.877412	-0.25	0.00	0.00	0.00	0.00	0.00	-0.25	0.00	-0.00	-0.00
3	1	1	1	3.893318	-0.25	0.00	0.00	0.00	0.00	0.00	-0.25	0.00	-0.00	-0.00
3	1	1	1	3.910944	-0.25	0.00	0.00	0.00	0.00	0.00	-0.25	0.00	-0.00	-0.00
3	1	1	1	3.927037	-0.25	0.00	0.00	0.00	0.00	0.00	-0.25	0.00	-0.00	-0.00
3	1	1	1	3.943671	-0.25	0.00	0.00	0.00	0.00	0.00	-0.25	0.00	-0.00	-0.00
3	1	1	1	3.960230	-0.25	0.00	0.00	0.00	0.00	0.00	-0.25	0.00	-0.00	-0.00
3	1	1	1	3.976789	-0.25	0.00	0.00	0.00	0.00	0.00	-0.25	0.00	-0.00	-0.00
3	1	1	1	3.993185	-0.25	0.00	0.00	0.00	0.00	0.00	-0.25	0.00	-0.00	-0.00
3	1	1	1	4.010717	-0.25	0.00	0.00	0.00	0.00	0.00	-0.25	0.00	-0.00	-0.00
3	1	1	1	4.027244	-0.25	0.00	0.00	0.00	0.00	0.00	-0.25	0.00	-0.00	-0.00
3	1	1	1	4.044001	-0.18	0.18	4.45	10.74	265.36	640.65	-0.18	0.00	0.00	0.18
3	1	1	1	4.060512	-0.18	0.18	0.00	0.00	-269.31	-650.18	-0.18	0.00	0.00	0.18
3	1	1	1	4.076503	-0.25	1.25	-4.35	66.75	-272.10	4174.73	-0.25	0.00	0.00	1.25
3	1	1	1	4.093922	-0.25	5.08	-0.27	220.12	234.54	8804.12	-0.25	0.00	0.00	5.08
3	1	1	1	4.110412	-0.25	15.52	-0.02	632.80	15.05	25026.61	-0.25	0.00	0.00	15.52
3	1	1	1	4.126611	-0.25	20.86	-0.00	329.84	1.00	-18702.85	-0.25	0.00	0.00	20.86
3	1	1	1	4.144429	-0.25	29.51	-0.00	485.47	0.02	8734.53	-0.25	0.00	0.00	29.51
3	1	1	1	4.160745	-0.25	33.33	-0.00	233.88	0.02	-15419.22	-0.25	0.00	0.00	33.33
3	1	1	1	4.176729	-2.54	41.90	-142.96	536.42	-8944.37	18928.57	-2.54	0.00	0.00	41.90
3	1	1	1	4.194079	-4.05	46.12	-87.34	243.45	3205.49	-16886.10	-4.05	0.00	0.00	46.12
3	1	1	1	4.210698	-4.56	50.93	-30.46	289.29	3422.95	2758.32	-4.56	0.00	0.00	50.93
3	1	1	1	4.227412	-3.30	61.48	75.30	630.96	6327.62	20442.82	-3.30	0.00	0.00	61.48
3	1	1	1	4.243762	-1.78	67.14	93.10	346.28	1088.74	-17411.16	-1.78	0.00	0.00	67.14
3	1	1	1	4.260343	-0.51	73.01	76.68	354.21	-990.40	478.62	-0.51	0.00	0.00	73.01
3	1	1	1	4.276741	-0.25	84.72	15.51	713.73	-3730.04	21924.31	-0.25	0.00	0.00	84.72
3	1	1	1	4.293315	-0.25	89.80	-0.00	307.00	-936.04	-24541.05	-0.25	0.00	0.00	89.80
3	1	1	1	4.310451	-0.25	98.71	-0.00	519.62	-0.00	12407.59	-0.25	0.00	0.00	98.71
3	1	1	1	4.326861	-0.25	102.52	-0.00	232.53	0.00	-17493.69	-0.25	0.00	0.00	102.52
3	1	1	1	4.343323	-0.25	105.83	-0.00	200.91	0.00	-1921.00	-0.25	0.00	0.00	105.83
3	1	1	1	4.360974	-0.25	110.16	-0.00	245.01	-0.00	2498.42	-0.25	0.00	0.00	110.16
3	1	1	1	4.377589	-0.25	111.94	-0.00	107.18	0.00	-8295.67	-0.25	0.00	0.00	111.94
3	1	1	1	4.394349	-0.25	112.19	-0.00	15.18	0.00	-5489.39	-0.25	0.00	0.00	112.19
3	1	1	1	4.411134	-0.25	112.70	-0.00	30.31	-0.00	901.68	-0.25	0.00	0.00	112.70
3	0	1	1	4.443356	-1.53	113.20	-0.34	25.48	-0.08	5.73	-1.53	0.00	0.00	113.20
3	0	1	1	4.461430	-3.31	112.91	-98.46	-16.18	-5428.42	-2304.91	-3.31	0.00	0.00	112.91
3	0	1	1	4.475348	-3.56	111.88	-18.25	-73.71	5763.03	-4133.48	-3.56	0.00	0.00	111.88
3	0	1	1	4.494215	-3.56	110.10	0.00	-94.43	967.54	-1098.40	-3.56	0.00	0.00	110.10
3	0	1	1	4.510568	-2.54	105.04	62.16	-309.51	3800.99	-13151.94	-2.54	0.00	0.00	105.04
3	0	1	1	4.527404	-1.53	102.26	60.41	-165.07	-103.92	8579.25	-1.53	0.00	0.00	102.26
3	0	1	1	4.543852	-0.51	98.96	61.86	-200.46	88.02	-2151.50	-0.51	0.00	0.00	98.96
3	0	1	1	4.559912	-0.25	92.35	15.84	-411.79	-2865.33	-13158.66	-0.25	0.00	0.00	92.35
3	0	1	1	4.577534	-0.25	85.22	0.00	-404.23	-898.88	429.12	-0.25	0.00	0.00	85.22
3	0	1	1	4.593943	-0.25	80.65	0.00	-279.07	-0.00	7627.37	-0.25	0.00	0.00	80.65
3	0	1	1	4.610187	-0.25	69.45	0.00	-689.11	0.00	-25242.71	-0.25	0.00	0.00	69.45
3	0	1	1	4.627545	-0.25	63.85	0.00	-322.43	-0.00	21123.97	-0.25	0.00	0.00	63.85
3	0	1	1	4.643670	0.00	58.26	15.78	-347.07	978.48	-1528.58	-0.00	0.00	0.00	58.26
3	0	1	1	4.661161	0.00	47.06	0.00	-639.94	-901.99	-16743.21	-0.00	0.00	0.00	47.06
3	0	1	1	4.677217	0.00	41.47	0.00	-348.59	0.00	18146.31	-0.00	0.00	0.00	41.47
3	0	1	1	4.693308	0.00	30.78	0.00	-664.05	0.00	-19605.65	-0.00	0.00	0.00	30.78
3	0	1	1	4.710898	0.00	25.44	0.00	-303.71	0.00	20485.00	-0.00	0.00	0.00	25.44
3	0	1	1	4.727409	0.00	20.61	0.00	-292.75	0.00	663.87	-0.00	0.00	0.00	20.61
3	0	1	1	4.743716	0.00	11.70	0.00	-546.04	0.00	-15532.48	-0.00	0.00	0.00	11.70
3	0	1	1	4.759932	0.00	7.89	0.00	-235.33	0.00	19160.81	-0.00	0.00	0.00	7.89
3	0	1	1	4.777589	-0.25	1.25	-14.13	-376.01	-800.17	-7967.81	-0.25	0.00	0.00	1.25
3	0	1	1	4.793517	-0.18	0.18	4.37	-67.02	1161.26	19399.81	-0.18	0.00	0.00	0.18
3	0	1	1	4.810912	-0.18	0.18	0.00	0.00	-251.09	3852.40	-0.18	0.00	0.00	0.18
3	0	1	1	4.827024	-0.18	0.18	0.00	0.00	0.00	0.00	-0.18	0.00	0.00	0.18
3	0	1	1	4.843370	-0.25	0.00	-4.56	-11.01	-278.87	-673.26	-0.25	0.00	-0.00	-0.00
3	0	1	1	4.860018	-0.25	0.00	0.00	0.00	273.81	661.03	-0.25	0.00	-0.00	-0.00
4	1	0	2	5.160506	0.00	0.00	0.00	0.00	0.00	0.00	0.00	0.00	-0.00	0.00
4	1	1	2	5.177627	0.00	0.00	0.00	0.00	0.00	0.00	0.00	0.00	-0.00	0.00
4	1	1	2	5.193848	0.00	0.00	0.00	0.00	0.00	0.00	0.00	0.00	-0.00	0.00
4	1	1	2	5.210465	0.00	0.00	0.00	0.00	0.00	0.00	0.00	0.00	-0.00	0.00
4	1	1	2	5.226929	0.00	0.00	0.00	0.00	0.00	0.00	0.00	0.00	-0.00	0.00
4	1	1	2	5.243073	0.00	0.00	0.00	0.00	0.00	0.00	0.00	0.00	-0.00	0.00
4	1	1	2	5.260682	0.00	0.00	0.00	0.00	0.00	0.00	0.00	0.00	-0.00	0.00
4	1	1	2	5.276844	0.00	0.00	0.00	0.00	0.00	0.00	0.00	0.00	-0.00	0.00
4	1	1	2	5.294484	0.00	0.00	0.00	0.00	0.00	0.00	0.00	0.00	-0.00	0.00
4	1	1	2	5.311326	0.00	0.00	0.00	0.00	0.00	0.00	0.00	0.00	-0.00	0.00
4	1	1	2	5.326327	0.00	0.00	0.00	0.00	0.00	0.00	0.00	0.00	-0.00	0.00
4	1	1	2	5.343353	0.00	0.00	0.00	0.00	0.00	0.00	0.00	0.00	-0.00	0.00
4	1	1	2	5.360953	0.00	0.00	0.00	0.00	0.00	0.00	0.00	0.00	-0.00	0.00
4	1	1	2	5.377707	0.00	0.00	0.00	0.00	0.00	0.00	0.00	0.00	-0.00	0.00
4	1	1	2	5.393819	0.00	0.00	0.00	0.00	0.00	0.00	0.00	0.00	-0.00	0.00
4	1	1	2	5.409666	0.00	0.00	0.00	0.00	0.00	0.00	0.00	0.00	-0.00	0.00
4	1	1	2	5.427276	0.00	0.00	0.00	0.00	0.00	0.00	0.00	0.00	-0.00	0.00
4	1	1	2	5.443674	0.00	0.00	0.00	0.00	0.00	0.00	0.00	0.00	-0.00	0.00
4	1	1	2	5.459565	0.00	0.00	0.00	0.00	0.00	0.00	0.00	0.00	-0.00	0.00
4	1	1	2	5.476918	0.00	0.00	0.00	0.00	0.00	0.00	0.00	0.00	-0.00	0.00
4	1	1	2	5.493460	0.00	0.00	0.00	0.00	0.00	0.00	0.00	0.00	-0.00	0.00
4	1	1	2	5.510762	-0.25	0.00	-14.70	0.00	-849.78	0.00	0.00	-0.00	-0.25	0.00
4	1	1	2	5.527184	-0.25	0.00	0.00	0.00	895.33	0.00	0.00	-0.00	-0.25	0.00
4	1	1	2	5.543691	-0.25	0.00	0.00	0.00	0.00	0.00	0.00	-0.00	-0.25	0.00
4	1	1	2	5.560131	-0.51	0.00	-15.48	0.00	-941.37	0.00	0.00	-0.00	-0.51	0.00
4	1	1	2	5.578027	-3.56	0.00	-170.58	0.00	-8666.89	0.00	0.00	-0.00	-3.56	0.00
4	1	1	2	5.594032	-4.58	0.00	-63.58	0.00	6685.56	0.00	0.00	-0.00	-4.58	0.00
4	1	1	2	5.610082	-5.34	0.00	-47.55	0.00	998.74	0.00	0.00	-0.00	-5.34	0.00
4	1	1	2	5.627858	-5.60	0.00	-14.31	0.00	1869.98	0.00	0.00	-0.00	-5.60	0.00
4	1	1	2	5.644254	-6.11	0.00	-31.03	0.00	-1019.71	0.00	0.00	-0.00	-6.11	0.00
4	1	1	2	5.660448	-6.87	0.00	-47.13	0.00	-994.11	0.00	0.00	-0.00	-6.87	0.00
4	1	1	2	5.676450	-10.94	0.00	-254.36	0.00	-12950.02	0.00	0.00	-0.00	-10.94	0.00
4	1	1	2	5.693979	-14.50	0.00	-203.19	0.00	2919.54	0.00	0.00	-0.00	-14.50	0.00
4	1	1	2	5.710227	-18.57	0.00	-250.53	0.00	-2914.15	0.00	0.00	-0.00	-18.57	0.00
4	1	1	2	5.727747	-28.49	0.00	-566.30	0.00	-18023.25	0.00	0.00	-0.00	-28.49	0.00
4	1	1	2	5.744488	-34.09	0.00	-334.32	0.00	13857.10	0.00	0.00	-0.00	-34.09	0.00
4	1	1	2	5.760641	-47.06	-0.25	-803.16	-15.75	-29024.32	-974.96	0.00	-0.25	-47.06	0.00
4	1	1	2	5.776668	-53.17	-0.51	-380.85	-15.87	26350.01	-7.68	0.00	-0.51	-53.17	0.00
4	1	1	2	5.794240	-65.88	-1.27	-723.36	-43.42	-19492.61	-1567.95	0.00	-1.27	-65.88	0.00
4	1	1	2	5.810741	-72.49	-1.27	-400.92	-0.00	19540.45	2631.36	0.00	-1.27	-72.49	0.00
4	1	1	2	5.827427	-78.85	-1.27	-381.20	-0.00	1181.57	0.04	0.00	-1.27	-78.85	0.00
4	1	1	2	5.843994	-91.57	-1.78	-767.38	-30.70	-23310.09	-1853.09	0.00	-1.78	-91.57	0.00
4	1	1	2	5.860599	-98.18	-2.03	-398.12	-15.31	22238.06	926.65	0.00	-2.03	-98.18	0.00
4	1	1	2	5.877287	-104.80	-1.78	-396.73	15.23	83.09	1830.66	0.00	-1.78	-104.80	0.00
4	1	1	2	5.893991	-116.26	-0.76	-686.10	60.90	-17322.91	2734.06	0.00	-0.76	-116.26	0.00
4	1	1	2	5.910747	-120.08	-0.51	-227.83	15.18	27349.89	-2728.78	0.00	-0.51	-120.08	0.00
4	1	1	2	5.927202	-122.62	-0.00	-154.67	30.92	4446.33	956.35	0.00	-0.00	-122.62	0.00
4	1	1	2	5.943708	-123.64	-0.00	-61.65	0.00	5635.15	-1873.21	0.00	-0.00	-123.64	0.00
4	1	1	2	5.960137	-122.88	-0.00	46.46	0.00	6580.49	0.00	0.00	-0.00	-122.88	0.00
4	1	1	2	5.978009	-120.59	-0.00	128.11	0.00	4568.63	0.00	0.00	-0.00	-120.59	0.00
4	0	1	2	6.010497	-114.99	-0.00	-19.13	-0.00	-3.18	-0.00	0.00	-0.00	-114.99	0.00
4	0	1	2	6.027316	-112.95	-0.00	121.00	0.00	8331.55	0.00	0.00	-0.00	-112.95	0.00
4	0	1	2	6.043751	-108.37	-0.51	278.71	-30.96	9595.98	-1883.78	0.00	-0.51	-108.37	0.00
4	0	1	2	6.059834	-106.08	-1.53	142.98	-63.26	-8439.75	-2008.72	0.00	-1.53	-106.08	0.00
4	0	1	2	6.077495	-103.78	-2.03	130.15	-28.80	-726.24	1951.65	0.00	-2.03	-103.78	0.00
4	0	1	2	6.093704	-95.84	-3.56	489.41	-94.05	22164.75	-4025.66	0.00	-3.56	-95.84	0.00
4	0	1	2	6.110783	-90.23	-3.81	328.54	-14.84	-9418.85	4637.47	0.00	-3.81	-90.23	0.00
4	0	1	2	6.126650	-83.87	-3.81	401.24	0.03	4581.90	937.40	0.00	-3.81	-83.87	0.00
4	0	1	2	6.144420	-68.58	-3.81	860.05	0.11	25819.43	4.25	0.00	-3.81	-68.58	0.00
4	0	1	2	6.160487	-59.73	-2.54	550.96	78.95	-19237.51	4906.62	0.00	-2.54	-59.73	0.00
4	0	1	2	6.176973	-41.68	-1.78	1094.65	46.25	32978.60	-1983.04	0.00	-1.78	-41.68	0.00
4	0	1	2	6.194687	-32.56	0.00	514.89	100.44	-32729.53	3059.27	0.00	-0.00	-32.56	0.00
4	0	1	2	6.210777	-23.41	0.00	569.21	0.00	3375.67	-6242.61	0.00	-0.00	-23.41	0.00
4	0	1	2	6.227014	-6.87	0.00	1018.41	0.00	27665.29	0.00	0.00	-0.00	-6.87	0.00
4	0	1	2	6.244585	-0.25	0.00	376.44	0.00	-36535.70	0.00	0.00	-0.00	-0.25	0.00
4	0	1	2	6.260589	-0.25	0.00	0.00	0.00	-23521.31	0.00	0.00	-0.00	-0.25	0.00
4	0	1	2	6.276811	-0.25	0.00	0.00	0.00	0.00	0.00	0.00	-0.00	-0.25	0.00
4	0	1	2	6.294461	-0.25	0.00	0.00	0.00	0.00	0.00	0.00	-0.00	-0.25	0.00
4	0	1	2	6.311162	-0.25	0.00	0.00	0.00	0.00	0.00	0.00	-0.00	-0.25	0.00
4	0	1	2	6.327519	-0.25	0.00	0.00	0.00	0.00	0.00	0.00	-0.00	-0.25	0.00
5	1	0	3	6.727540	0.00	0.00	0.00	0.00	0.00	0.00	0.00	0.00	-0.00	-0.00
5	1	1	3	6.744927	0.00	0.00	0.00	0.00	0.00	0.00	0.00	0.00	-0.00	-0.00
5	1	1	3	6.758908	0.00	0.00	0.00	0.00	0.00	0.00	0.00	0.00	-0.00	-0.00
5	1	1	3	6.777557	0.00	0.00	0.00	0.00	0.00	0.00	0.00	0.00	-0.00	-0.00
5	1	1	3	6.793925	0.00	0.00	0.00	0.00	0.00	0.00	0.00	0.00	-0.00	-0.00
5	1	1	3	6.810458	0.00	0.00	0.00	0.00	0.00	0.00	0.00	0.00	-0.00	-0.00
5	1	1	3	6.827009	0.00	0.00	0.00	0.00	0.00	0.00	0.00	0.00	-0.00	-0.00
5	1	1	3	6.844692	0.00	0.00	0.00	0.00	0.00	0.00	0.00	0.00	-0.00	-0.00
5	1	1	3	6.860781	0.00	0.00	0.00	0.00	0.00	0.00	0.00	0.00	-0.00	-0.00
5	1	1	3	6.877167	0.00	0.00	0.00	0.00	0.00	0.00	0.00	0.00	-0.00	-0.00
5	1	1	3	6.893786	0.00	0.00	0.00	0.00	0.00	0.00	0.00	0.00	-0.00	-0.00
5	1	1	3	6.909972	0.00	0.00	0.00	0.00	0.00	0.00	0.00	0.00	-0.00	-0.00
5	1	1	3	6.927566	0.00	0.00	0.00	0.00	0.00	0.00	0.00	0.00	-0.00	-0.00
5	1	1	3	6.944195	0.00	0.00	0.00	0.00	0.00	0.00	0.00	0.00	-0.00	-0.00
5	1	1	3	6.961028	0.00	0.00	0.00	0.00	0.00	0.00	0.00	0.00	-0.00	-0.00
5	1	1	3	6.977515	0.00	0.00	0.00	0.00	0.00	0.00	0.00	0.00	-0.00	-0.00
5	1	1	3	6.994099	0.00	-1.02	0.00	-61.36	0.00	-3699.92	0.00	0.00	-0.00	-1.02
5	1	1	3	7.010638	0.00	-4.58	0.00	-215.35	0.00	-9311.28	0.00	0.00	-0.00	-4.58
5	1	1	3	7.027163	0.00	-10.18	0.00	-338.68	0.00	-7462.49	0.00	0.00	-0.00	-10.18
5	1	1	3	7.043638	0.00	-27.73	0.00	-1065.52	0.00	-44118.98	0.00	0.00	-0.00	-27.73
5	1	1	3	7.061393	0.00	-39.18	0.00	-644.76	0.00	23696.93	0.00	0.00	-0.00	-39.18
5	1	1	3	7.077865	0.00	-51.39	0.00	-741.37	0.00	-5865.18	0.00	0.00	-0.00	-51.39
5	1	1	3	7.094505	0.00	-77.34	0.00	-1559.42	0.00	-49160.69	0.00	0.00	-0.00	-77.34
5	1	1	3	7.111229	2.03	-90.04	121.66	-759.22	7274.92	47847.31	2.03	0.00	-0.00	-90.04
5	1	1	3	7.127951	4.57	-102.68	151.90	-755.96	1807.80	195.21	4.57	0.00	-0.00	-102.68
5	1	1	3	7.144682	11.40	-124.90	407.98	-1328.33	15306.17	-34210.15	11.40	0.00	-0.00	-124.90
5	1	1	3	7.161397	15.66	-129.05	254.70	-248.40	-9170.19	64607.61	15.66	0.00	-0.00	-129.05
5	1	1	3	7.177809	19.62	-128.51	241.17	33.03	-824.41	17147.85	19.62	0.00	-0.00	-128.51
5	1	1	3	7.194109	25.45	-127.49	357.72	62.97	7150.03	1836.81	25.45	0.00	-0.00	-127.49
5	1	1	3	7.210480	27.60	-127.04	131.22	27.35	-13835.84	-2176.10	27.60	0.00	-0.00	-127.04
5	1	1	3	7.227094	29.01	-126.72	85.42	19.06	-2756.48	-498.94	29.01	0.00	-0.00	-126.72
5	1	1	3	7.243709	29.72	-126.56	42.46	9.85	-2585.35	-554.23	29.72	0.00	-0.00	-126.56
5	0	1	3	7.444576	4.58	-7.64	0.62	-1.03	0.08	-0.14	4.58	-0.00	-0.00	-7.64
5	0	1	3	7.461664	0.25	-1.25	-253.50	373.83	-14871.38	21937.71	0.25	0.00	-0.00	-1.25
5	0	1	3	7.476641	0.00	0.00	-16.66	83.28	15813.30	-19399.50	0.00	0.00	-0.00	-0.00
5	0	1	3	7.494408	-0.18	0.18	-10.13	10.13	367.58	-4117.53	-0.18	0.00	0.00	0.18
5	0	1	3	7.511118	-0.18	0.18	0.00	0.00	605.94	-605.94	-0.18	0.00	0.00	0.18
5	0	1	3	7.527564	-0.18	0.18	0.00	0.00	0.00	0.00	-0.18	0.00	0.00	0.18
5	0	1	3	7.544172	-0.18	0.18	0.00	0.00	0.00	0.00	-0.18	0.00	0.00	0.18
5	0	1	3	7.560520	-0.18	0.18	0.00	0.00	0.00	0.00	-0.18	0.00	0.00	0.18
