Trial	Type	Target #	Time to Target	Endpoint Error	Est. Avg. Error Mag	Accum. Error x dMagProj	Max Error Mag.	Max Error Pos. (% of trajectory)	Feedback	Reached Target
1	1	3	-1.187437e+05	3.363840e-02	2.618540e+00	1.918004e+02	4.375000e+00	6.953803e+01	1	0
2	1	4	7.184335e-01	1.125543e-01	8.193799e+00	8.025682e+02	1.107129e+01	100	1	1
3	1	1	9.515932e-01	1.283894e-02	2.338652e+00	2.234098e+02	3.733398e+00	9.030791e+01	1	1
4	1	2	8.335516e-01	-3.077162e-02	2.604366e+00	2.553958e+02	4.274414e+00	7.830967e+01	1	1
5	1	3	5.174515e-01	8.222804e-02	4.360092e+00	4.225670e+02	7.987305e+00	100	1	1
6	1	1	4.668832e-01	1.139708e-02	9.460977e-01	1.064360e+02	1.282227e+00	100	1	1
7	1	4	5.184667e-01	-1.942371e-01	8.481873e+00	7.973292e+02	1.849219e+01	100	0	1
8	1	2	5.334406e-01	4.374853e-02	1.693274e+00	1.694895e+02	4.381836e+00	100	1	1
9	1	3	5.014905e-01	7.986380e-02	4.895949e+00	4.832933e+02	7.900391e+00	100	1	1
10	1	4	5.510657e-01	1.271734e-01	8.014387e+00	7.605371e+02	1.213379e+01	9.588264e+01	1	1
11	1	1	5.005992e-01	-2.015352e-02	1.400043e+00	1.575048e+02	2.267578e+00	100	1	1
12	1	2	5.338739e-01	3.229373e-02	1.020306e+00	9.869868e+01	3.125000e+00	100	1	1
13	1	1	5.167160e-01	5.414725e-03	4.710513e-01	4.536583e+01	5.214844e-01	100	1	1
14	1	3	5.332525e-01	-4.165355e-02	2.172515e+00	2.172621e+02	4.167969e+00	100	1	1
15	1	2	5.180887e-01	-9.372258e-02	5.760348e+00	5.480037e+02	8.942383e+00	100	1	1
16	1	4	4.505818e-01	-3.018908e-02	1.286258e+00	1.257016e+02	2.951172e+00	100	1	1
17	2	2	6.844396e-01	-1.099428e-02	1.302065e+00	1.468765e+02	2.509766e+00	6.917150e+00	1	1
18	2	4	5.009623e-01	2.641153e-02	2.352898e+00	2.320568e+02	2.605469e+00	100	1	1
19	2	1	4.666870e-01	-1.647688e-02	7.169986e-01	7.176848e+01	1.649414e+00	100	1	1
20	2	3	4.339746e-01	-4.961120e-02	2.603565e+00	2.640762e+02	5.036133e+00	100	1	1
21	2	4	6.680324e-01	-1.431869e-02	8.186793e-01	7.939270e+01	1.388672e+00	9.462862e+01	1	1
22	2	2	4.673687e-01	1.730234e-02	9.510615e-01	9.119138e+01	1.659180e+00	100	1	1
23	2	3	4.511137e-01	-9.886499e-03	9.865775e-01	1.030029e+02	1.032227e+00	2.233187e+01	1	1
24	2	1	4.007778e-01	2.855127e-02	2.433872e+00	2.738106e+02	3.212891e+00	100	1	1
25	2	2	4.334901e-01	-3.201042e-02	2.514551e+00	2.566708e+02	3.268555e+00	7.269718e+01	1	1
26	2	4	4.344445e-01	2.355539e-02	2.358800e+00	2.608593e+02	2.605469e+00	100	1	1
27	2	1	8.850823e-01	1.136694e-01	8.156703e+00	7.912401e+02	1.276172e+01	8.044255e+01	1	1
28	2	3	5.000261e-01	-1.024797e-01	7.677349e+00	7.518554e+02	1.007129e+01	8.377675e+01	1	1
29	2	4	6.007110e-01	-5.600875e-02	1.975237e+00	2.081020e+02	5.479492e+00	100	1	1
30	2	2	4.502639e-01	2.438145e-02	1.390724e+00	1.336616e+02	2.343750e+00	100	1	1
31	2	3	7.839463e-01	-7.972609e-02	1.084805e+01	1.883026e+03	1.664355e+01	2.707428e+01	1	1
32	2	1	4.849632e-01	-2.683041e-03	2.452622e-01	2.374564e+01	2.607422e-01	7.498109e+01	1	1
33	2	2	4.669916e-01	-2.565165e-02	5.226010e+00	5.233359e+02	5.955078e+00	2.353331e+01	1	1
34	2	4	4.498954e-01	-6.731787e-02	2.552799e+00	2.793969e+02	7.378906e+00	100	1	1
35	2	1	4.163004e-01	8.988644e-02	7.286666e+00	7.142783e+02	8.834961e+00	100	1	1
36	2	3	4.341895e-01	-1.495669e-02	1.466089e+00	1.521912e+02	1.552734e+00	3.677175e+01	1	1
37	2	4	5.005940e-01	3.498925e-02	4.907080e+00	5.083189e+02	5.969727e+00	7.485647e+01	1	1
38	2	2	4.511540e-01	1.473855e-02	7.636123e-01	8.094812e+01	1.562500e+00	100	1	1
39	2	3	4.337641e-01	-2.068966e-02	1.837203e+00	1.840738e+02	2.073242e+00	4.930846e+01	1	1
40	2	1	3.841265e-01	-1.276518e-02	9.938297e-01	1.013425e+02	1.301758e+00	8.007642e+01	1	1
41	2	2	4.510749e-01	-2.691960e-03	5.749346e-02	5.568781e+00	2.607422e-01	100	1	1
42	2	4	4.179834e-01	-9.150554e-06	4.296779e+00	4.585595e+02	7.291992e+00	3.898685e+01	1	1
43	2	1	4.334518e-01	-7.621713e-02	4.058612e+00	4.146958e+02	7.802734e+00	100	1	1
44	2	3	3.842124e-01	-3.009534e-02	1.974043e+00	2.220779e+02	3.386719e+00	100	1	1
45	2	4	4.675175e-01	2.884032e-03	7.930897e-01	8.029569e+01	1.073242e+00	6.166927e+01	1	1
46	2	2	4.009584e-01	5.259526e-03	8.767156e-02	8.676316e+00	5.205078e-01	100	1	1
47	2	3	5.178320e-01	6.379231e-02	2.162682e+00	2.091529e+02	6.177734e+00	100	1	1
48	2	1	3.503480e-01	1.044361e-02	3.714463e-01	3.705902e+01	1.041992e+00	100	1	1
49	2	2	4.173379e-01	3.905675e-02	2.458843e+00	2.457954e+02	3.906250e+00	100	1	1
50	2	4	4.177187e-01	7.921273e-02	7.586492e+00	8.215193e+02	8.856445e+00	8.460671e+01	1	1
51	2	1	7.339130e-01	5.482791e-02	5.585544e+00	5.334085e+02	6.511719e+00	6.935576e+01	1	1
52	2	3	4.017254e-01	-5.147295e-02	4.021056e+00	3.854519e+02	4.938477e+00	8.532789e+01	1	1
53	2	4	4.512074e-01	-7.342318e-02	4.186054e+00	4.209355e+02	7.396484e+00	100	1	1
54	2	2	3.511260e-01	1.051990e-02	5.579275e-01	5.520867e+01	1.041016e+00	100	1	1
55	2	3	5.006027e-01	7.898867e-02	4.459916e+00	4.456998e+02	7.910156e+00	100	1	1
56	2	1	4.168722e-01	1.868857e-02	1.625901e+00	1.577536e+02	1.813477e+00	100	1	1
57	2	2	4.669198e-01	1.582769e-02	5.362683e-01	5.326652e+01	1.572266e+00	100	1	1
58	2	4	4.513822e-01	5.802259e-02	5.663799e+00	5.841678e+02	6.251953e+00	8.838434e+01	1	1
59	2	1	3.675524e-01	-3.331876e-02	1.429430e+00	1.452002e+02	3.385742e+00	100	1	1
60	2	3	4.507874e-01	-6.578063e-02	5.460548e+00	5.469720e+02	6.598633e+00	100	1	1
61	2	4	4.508221e-01	2.684463e-03	1.059391e+00	1.028985e+02	1.563477e+00	6.621188e+01	1	1
62	2	2	3.170801e-01	2.846156e-02	1.903097e+00	2.088983e+02	3.125000e+00	100	1	1
63	2	3	4.847800e-01	4.140725e-02	2.015077e+00	2.111245e+02	4.340820e+00	100	1	1
64	2	1	4.667167e-01	-5.012728e-02	3.424054e+00	3.436492e+02	5.035156e+00	100	1	1
65	1	2	7.503142e-01	4.965536e-03	3.479055e-01	3.646859e+01	5.205078e-01	100	1	1
66	1	3	5.838180e-01	6.157958e-02	3.910582e+00	3.799260e+02	6.510742e+00	9.678343e+01	1	1
67	1	4	4.831526e-01	-1.370374e-01	5.895229e+00	5.752397e+02	1.345605e+01	100	1	1
68	1	1	4.333116e-01	8.488265e-02	6.806809e+00	6.528753e+02	8.161133e+00	100	1	1
69	1	4	4.845109e-01	-7.184575e-02	3.108946e+00	3.262633e+02	7.552734e+00	100	1	1
70	1	3	4.674403e-01	9.584572e-03	1.335325e+00	1.450301e+02	1.823242e+00	1.822473e+01	1	1
71	1	1	4.330858e-01	7.781560e-02	5.552451e+00	5.720434e+02	8.033203e+00	100	1	1
72	1	2	5.170756e-01	-4.242648e-02	3.054324e+00	3.366229e+02	4.678711e+00	8.298466e+01	1	1
73	1	4	4.174222e-01	-4.905185e-02	2.320956e+00	2.339451e+02	4.948242e+00	100	1	1
74	1	2	4.346995e-01	2.360419e-02	7.489172e-01	7.434904e+01	2.343750e+00	100	1	1
75	1	1	4.842413e-01	-1.007725e-01	5.182407e+00	5.650797e+02	1.102539e+01	100	1	1
76	1	3	4.681373e-01	1.836970e-16	1.058702e-14	1.047835e-12	1.818116e-14	100	1	1
77	1	2	4.515051e-01	7.465879e-02	2.909162e+00	2.869928e+02	7.378906e+00	100	1	1
78	1	3	5.015651e-01	2.698097e-02	1.499067e+00	1.452133e+02	2.614258e+00	100	1	1
79	1	4	4.513963e-01	8.615232e-02	7.051113e+00	6.733881e+02	8.248047e+00	100	1	1
80	1	1	4.177251e-01	5.754058e-02	5.945537e+00	6.688729e+02	6.480469e+00	100	1	1
81	3	1	7.006972e-01	7.310334e-01	5.522317e+01	4.632035e+03	7.522056e+01	1.000000e+02	0	1
82	3	4	7.661329e-01	7.534790e-01	4.885693e+01	3.683176e+03	7.072173e+01	100	0	1
83	3	2	5.334458e-01	8.039896e-01	5.599414e+01	4.898074e+03	9.078933e+01	100	0	1
84	3	3	7.668072e-01	2.105584e+00	6.160246e+01	3.561118e+03	9.758833e+01	100	0	1
85	3	4	8.013750e-01	-3.588314e-02	5.189680e+00	5.591319e+02	7.182244e+00	5.213654e+01	1	1
86	3	3	6.840954e-01	1.639356e+00	4.868579e+01	4.558427e+02	1.363521e+02	100	0	1
87	3	1	5.343175e-01	7.630234e-01	4.858814e+01	3.951659e+03	7.776932e+01	100	0	1
88	3	2	1.166323e+00	-3.253961e-01	2.407531e+01	2.864057e+03	4.013660e+01	100	0	1
89	3	1	6.506648e-01	2.735704e-02	2.649506e+00	2.589524e+02	2.674438e+00	1.000000e+02	1	1
90	3	2	8.352967e-01	1.611650e+00	1.067198e+02	2.792399e+03	1.528497e+02	1.000000e+02	0	1
91	3	3	7.176264e-01	-4.944715e-01	5.359154e+01	7.649412e+03	7.695518e+01	100	0	1
92	3	4	8.674117e-01	2.672597e-02	2.996434e+00	3.768710e+02	4.065864e+00	3.794904e+00	1	1
93	3	4	8.181354e-01	1.437444e-02	2.787614e+00	4.284959e+02	4.604480e+00	2.295936e+01	1	1
94	3	2	9.504980e-01	-9.933360e-02	1.502086e+01	2.173218e+03	1.964638e+01	6.262391e+01	1	1
95	3	3	1.034778e+00	1.383717e+00	7.850941e+01	1.532722e+03	1.031354e+02	100	0	1
96	3	1	8.512338e-01	-5.895195e-02	3.914732e+00	4.152876e+02	6.261071e+00	100	1	1
97	3	3	8.007618e-01	-1.877515e-01	1.395516e+01	1.457783e+03	1.984664e+01	100	0	1
98	3	4	9.008409e-01	-2.461245e-01	2.724958e+01	3.464900e+03	3.194341e+01	100	0	1
99	3	2	7.667019e-01	-9.576819e-03	5.381095e-01	5.218473e+01	9.287682e-01	1.000000e+02	1	1
100	3	1	6.671311e-01	-1.988630e-01	2.182355e+01	3.151102e+03	2.909841e+01	100	0	1
101	3	1	6.510311e-01	-2.905724e-01	3.068418e+01	4.474052e+03	4.360239e+01	100	0	1
102	3	4	1.234228e+00	-7.553219e-02	9.527776e+00	1.409204e+03	1.119287e+01	100	1	1
103	3	3	8.503065e-01	3.647198e-02	4.223403e+00	4.262527e+02	4.971845e+00	5.164173e+01	1	1
104	3	2	1.017017e+00	-2.055707e-01	2.101123e+01	2.766091e+03	2.745080e+01	100	0	1
105	3	2	7.004868e-01	1.429568e+00	7.008304e+01	1.031098e+03	1.034820e+02	100	0	1
106	3	3	9.179497e-01	-3.957300e-01	2.954293e+01	3.308108e+03	4.678022e+01	100	0	1
107	3	4	8.342524e-01	-1.182887e-01	1.072375e+01	1.259654e+03	1.395983e+01	100	1	1
108	3	1	7.674566e-01	-2.015766e-01	1.669692e+01	1.819586e+03	2.226972e+01	100	0	1
109	3	3	8.171318e-01	1.441511e+00	6.978844e+01	1.083629e+03	1.024352e+02	100	0	1
110	3	2	8.505114e-01	1.325799e+00	9.275337e+01	3.454374e+03	1.489585e+02	100	0	1
111	3	1	1.149716e+00	-9.084862e-02	7.353230e+00	8.102008e+02	1.003760e+01	100	1	1
112	3	4	9.180393e-01	-2.772447e-01	1.505907e+01	1.510633e+03	2.854667e+01	100	0	1
113	3	1	7.336446e-01	-1.225859e-01	5.521845e+00	6.131911e+02	1.368155e+01	1.000000e+02	1	1
114	3	4	7.506599e-01	1.724536e-01	1.110010e+01	1.079316e+03	1.730478e+01	9.280241e+01	0	1
115	3	2	1.133723e+00	3.143485e-02	1.976597e+00	1.929392e+02	3.069423e+00	1.000000e+02	1	1
116	3	3	9.350653e-01	-3.613457e-01	2.113206e+01	1.939477e+03	3.468690e+01	100	0	1
117	3	1	9.179889e-01	-3.322744e-01	1.992942e+01	1.925653e+03	3.334174e+01	100	0	1
118	3	2	8.801419e-01	2.046534e-01	1.438125e+01	1.390433e+03	2.006761e+01	100	0	1
119	3	3	6.683792e-01	1.403368e+00	5.969777e+01	1.020731e+03	9.698342e+01	100	0	1
120	3	4	9.343964e-01	-2.984444e-01	1.750707e+01	1.652622e+03	2.903972e+01	100	0	1
121	3	3	1.168544e+00	-4.489613e-01	2.324192e+01	2.230135e+03	4.622780e+01	100	0	1
122	3	1	7.007131e-01	6.315117e-01	3.958375e+01	3.637298e+03	6.721036e+01	100	0	1
123	3	4	8.676905e-01	-7.303180e-02	5.401623e+00	5.988447e+02	8.111012e+00	100	1	1
124	3	2	1.334327e+00	-3.063710e-01	2.989237e+01	3.612957e+03	3.823348e+01	100	0	1
125	3	1	9.000851e-01	1.432014e+00	9.725165e+01	1.915747e+03	1.384969e+02	100	0	1
126	3	3	7.502268e-01	1.404558e+00	7.509128e+01	1.257385e+03	9.769053e+01	100	0	1
127	3	2	1.001045e+00	1.434516e+00	7.448639e+01	1.160948e+03	1.136584e+02	1.000000e+02	0	1
128	3	4	8.006141e-01	-3.186914e-01	2.308373e+01	2.322138e+03	3.319052e+01	1.000000e+02	0	1
129	1	3	6.835104e-01	-2.688849e-01	3.056944e+01	3.439032e+03	3.100000e+01	100	0	1
130	1	4	7.671318e-01	-2.508401e-01	1.389238e+01	1.285005e+03	2.370117e+01	100	0	1
131	1	2	8.686194e-01	-1.632709e-01	6.955482e+00	6.524975e+02	1.623535e+01	9.528013e+01	0	1
132	1	1	9.679415e-01	-8.185035e-02	7.145285e+00	6.889897e+02	9.820312e+00	4.606745e+01	1	1
133	1	2	8.845483e-01	-4.723767e-02	1.776052e+00	1.696165e+02	5.296875e+00	9.427265e+01	1	1
134	1	4	6.507120e-01	-1.446458e-01	8.555885e+00	8.159006e+02	1.415137e+01	7.541935e+01	1	1
135	1	3	5.512198e-01	-6.720391e-02	2.632870e+00	2.649274e+02	6.772461e+00	100	1	1
136	1	1	5.005098e-01	-1.350636e-01	6.970793e+00	6.813882e+02	1.328320e+01	100	1	1
137	1	4	6.337673e-01	-9.092970e-02	5.969864e+00	5.649567e+02	8.889648e+00	6.807422e+01	1	1
138	1	3	8.181603e-01	-4.969158e-02	4.722560e+00	4.534672e+02	6.946289e+00	8.589488e+01	1	1
139	1	2	6.336461e-01	-7.601900e-02	5.105694e+00	4.882220e+02	8.064453e+00	7.929901e+01	1	1
140	1	1	4.675550e-01	-1.031568e-01	3.944841e+00	3.738353e+02	9.810547e+00	100	1	1
141	1	3	5.003615e-01	-2.339003e-03	1.527172e+00	1.702424e+02	2.083984e+00	4.112097e+01	1	1
142	1	1	5.008078e-01	-3.450820e-02	1.136509e+00	1.114633e+02	3.385742e+00	100	1	1
143	1	4	5.170703e-01	-6.472553e-02	2.695739e+00	2.720854e+02	6.541992e+00	100	1	1
144	1	2	4.668597e-01	-3.224815e-02	7.647277e-01	7.616359e+01	3.212891e+00	100	1	1
145	2	2	6.670201e-01	-1.311184e-01	1.038701e+01	9.853968e+02	1.251074e+01	8.819497e+01	1	1
146	2	4	5.005049e-01	-8.326490e-02	3.508316e+00	3.507870e+02	8.344727e+00	100	1	1
147	2	1	5.511345e-01	-1.082415e-01	6.038150e+00	5.927766e+02	1.066797e+01	100	1	1
148	2	3	5.007535e-01	-8.153386e-02	6.629990e+00	6.481333e+02	7.988281e+00	7.042676e+01	1	1
149	2	4	5.506198e-01	1.498101e-02	2.223143e+00	2.175076e+02	2.594727e+00	7.204699e+01	1	1
150	2	2	4.515562e-01	-4.793211e-02	2.456249e+00	2.667765e+02	5.209961e+00	100	1	1
151	2	3	5.006990e-01	6.304283e-02	4.238644e+00	4.022159e+02	5.990234e+00	100	1	1
152	2	1	4.677576e-01	3.341406e-02	3.674471e+00	3.722913e+02	4.167969e+00	8.740434e+01	1	1
153	2	2	4.339331e-01	-1.175910e-01	6.797511e+00	6.444558e+02	1.120020e+01	100	1	1
154	2	4	4.853460e-01	-6.766499e-02	3.800145e+00	3.797140e+02	6.771484e+00	8.931284e+01	1	1
155	2	1	5.178360e-01	-3.137087e-02	4.406532e-01	4.388114e+01	3.125000e+00	100	1	1
156	2	3	4.338293e-01	-6.633769e-02	4.824170e+00	4.721374e+02	6.501953e+00	100	1	1
157	2	4	4.674956e-01	1.030000e-01	7.348635e+00	7.407195e+02	1.041895e+01	100	1	1
158	2	2	3.499662e-01	-1.197933e-01	8.040377e+00	8.351627e+02	1.250293e+01	100	1	1
159	2	3	5.175496e-01	3.688520e-02	1.801955e+00	1.780134e+02	3.645508e+00	100	1	1
160	2	1	4.847856e-01	-8.095514e-03	7.149435e-01	6.899344e+01	1.041992e+00	8.218644e+01	1	1
161	2	2	5.335253e-01	-2.364680e-02	2.858638e+00	2.728939e+02	4.081055e+00	7.217096e+01	1	1
162	2	4	4.847744e-01	-1.394022e-01	7.081175e+00	6.878628e+02	1.362988e+01	100	1	1
163	2	1	4.833702e-01	-7.914123e-03	6.390169e-02	6.307983e+00	7.812500e-01	100	1	1
164	2	3	4.836636e-01	-2.852451e-02	2.137869e+00	2.146868e+02	2.865234e+00	100	1	1
165	2	4	5.349300e-01	-2.638490e-03	6.862431e-01	6.756210e+01	1.563477e+00	2.830630e+01	1	1
166	2	2	4.175468e-01	2.632815e-02	1.854386e+00	1.834013e+02	2.604492e+00	100	1	1
167	2	3	1.050483e+00	-2.638404e-02	6.034874e-01	5.734839e+01	2.507812e+00	9.868460e+01	1	1
168	2	1	4.845722e-01	4.355805e-02	4.076860e+00	4.385452e+02	4.688477e+00	100	1	1
169	2	2	4.338245e-01	-7.351811e-02	5.124910e+00	4.879024e+02	7.011719e+00	8.385939e+01	1	1
170	2	4	4.509904e-01	2.449294e-16	9.848946e-01	1.040968e+02	1.302734e+00	6.476023e+01	1	1
171	2	1	7.677983e-01	8.104485e-03	1.577387e+00	1.522425e+02	1.823242e+00	9.136413e+01	1	1
172	2	3	4.342884e-01	-3.405089e-02	3.216236e+00	3.442911e+02	3.646484e+00	4.841858e+01	1	1
173	2	4	4.851647e-01	1.171551e-01	8.565336e+00	8.696910e+02	1.195020e+01	100	1	1
174	2	2	3.669123e-01	-5.401362e-03	8.335908e-01	8.047978e+01	1.041992e+00	4.793300e+01	1	1
175	2	3	4.838301e-01	-3.754171e-02	3.125614e+00	3.008526e+02	3.615234e+00	6.644617e+01	1	1
176	2	1	4.504033e-01	-1.186397e-02	8.377377e-01	7.964153e+01	1.127930e+00	100	1	1
177	2	2	4.831727e-01	1.043270e-02	8.695932e-02	8.676825e+00	1.041016e+00	100	1	1
178	2	4	4.677943e-01	4.517552e-03	5.964780e-01	5.737839e+01	6.953125e-01	6.859214e+01	1	1
179	2	1	3.498439e-01	3.390633e-02	2.951573e+00	2.928341e+02	3.365234e+00	100	1	1
180	2	3	5.011252e-01	-9.652086e-02	8.748271e+00	9.394567e+02	1.039746e+01	7.194653e+01	1	1
181	2	4	5.006087e-01	-9.254762e-02	4.912681e+00	4.870798e+02	9.202148e+00	100	1	1
182	2	2	3.840234e-01	-1.666855e-02	1.258109e+00	1.376020e+02	1.823242e+00	6.880363e+01	1	1
183	2	3	6.348028e-01	7.768329e-02	4.343997e+00	4.117931e+02	7.378906e+00	100	1	1
184	2	1	4.171818e-01	-6.098281e-02	2.681279e+00	2.630508e+02	5.990234e+00	100	1	1
185	2	2	4.845738e-01	-7.729119e-03	6.233294e-01	6.308289e+01	7.822266e-01	100	1	1
186	2	4	4.515959e-01	3.040075e-02	3.788440e+00	3.894287e+02	4.428711e+00	6.629996e+01	1	1
187	2	1	4.009368e-01	5.382687e-03	2.037466e+00	1.973914e+02	3.125977e+00	5.322057e+01	1	1
188	2	3	4.506966e-01	-1.030883e-01	8.622703e+00	8.620430e+02	1.034277e+01	7.889678e+01	1	1
189	2	4	4.838617e-01	-2.868675e-02	2.055466e+00	1.997175e+02	3.202148e+00	4.129513e+01	1	1
190	2	2	3.670647e-01	1.525026e-02	9.409595e-01	9.766590e+01	1.583008e+00	100	1	1
191	2	3	4.336083e-01	9.373399e-02	4.793079e+00	4.780347e+02	9.375977e+00	100	1	1
192	2	1	3.166493e-01	-7.430055e-02	4.286219e+00	4.175212e+02	7.250977e+00	100	1	1
193	1	3	6.842208e-01	-1.606124e-02	8.646164e-01	8.715486e+01	1.619141e+00	100	1	1
194	1	1	5.005063e-01	4.878585e-02	5.068659e+00	5.036583e+02	6.241211e+00	9.091320e+01	1	1
195	1	4	5.669813e-01	-3.011540e-02	1.541182e+00	1.509832e+02	2.951172e+00	8.644098e+01	1	1
196	1	2	3.505019e-01	2.179990e-02	6.927035e-01	6.617821e+01	2.083008e+00	100	1	1
197	1	3	4.512734e-01	-2.147325e-02	1.733412e+00	1.673352e+02	2.073242e+00	100	1	1
198	1	4	7.345224e-01	7.026278e-02	6.710990e+00	7.401226e+02	8.651367e+00	3.397708e+01	1	1
199	1	2	3.674598e-01	6.945542e-02	5.423697e+00	5.465804e+02	7.010742e+00	100	1	1
200	1	1	4.680258e-01	5.320495e-02	4.815652e+00	5.417608e+02	5.991211e+00	100	1	1
201	1	2	4.510438e-01	9.250906e-02	1.030407e+01	1.075306e+03	1.098340e+01	6.955045e+01	1	1
202	1	4	4.678663e-01	-1.979288e-02	1.263727e+00	1.218805e+02	1.909180e+00	100	1	1
203	1	1	4.668426e-01	6.123234e-17	3.505980e-15	3.338145e-13	5.830108e-15	100	1	1
204	1	3	4.180324e-01	-4.206104e-02	4.371526e+00	4.307020e+02	5.188477e+00	4.659973e+01	1	1
205	1	1	3.508771e-01	3.086850e-02	1.378048e+00	1.395071e+02	3.125977e+00	100	1	1
206	1	2	4.011029e-01	-6.293745e-02	4.588129e+00	4.361814e+02	5.991211e+00	8.657613e+01	1	1
207	1	4	3.184156e-01	-8.382333e-02	5.179552e+00	4.976872e+02	8.073242e+00	100	1	1
208	1	3	6.169900e-01	-6.883137e-02	5.508264e+00	7.934697e+02	8.283203e+00	6.786479e+01	1	1
209	2	2	5.844077e-01	-9.870171e-03	6.939591e-01	7.106168e+01	1.010742e+00	100	1	1
210	2	4	4.497793e-01	-5.174398e-02	2.480937e+00	2.541603e+02	5.305664e+00	100	1	1
211	2	1	4.668468e-01	2.685597e-03	9.073517e-01	8.809375e+01	1.302734e+00	8.524528e+01	1	1
212	2	3	4.844513e-01	1.836970e-16	1.221582e-14	1.371310e-12	2.062125e-14	100	1	1
213	2	4	4.669495e-01	2.260082e-02	5.305975e+00	5.398312e+02	7.292969e+00	5.094450e+01	1	1
214	2	2	5.174542e-01	9.708336e-03	1.327069e-01	1.304156e+01	9.541016e-01	100	1	1
215	2	3	5.515738e-01	-2.683896e-03	4.466889e-01	4.339600e+01	5.214844e-01	1.286866e+01	1	1
216	2	1	4.011653e-01	-2.314691e-02	1.239195e+00	1.394095e+02	2.604492e+00	100	1	1
217	2	2	4.843761e-01	-7.120833e-02	4.510677e+00	4.421080e+02	6.991211e+00	8.697866e+01	1	1
218	2	4	4.175133e-01	-1.622813e-01	9.397262e+00	1.001607e+03	1.745020e+01	100	0	1
219	2	1	4.509638e-01	1.603017e-02	1.564026e+00	1.599629e+02	1.639648e+00	100	1	1
220	2	3	4.499908e-01	-6.686876e-02	6.067630e+00	6.057379e+02	6.946289e+00	4.703748e+01	1	1
221	2	4	5.175670e-01	-1.674033e-02	3.257091e+00	3.269687e+02	5.351563e+00	5.174131e+01	1	1
222	2	2	4.014117e-01	1.224647e-16	7.166088e-15	7.066994e-13	1.207712e-14	100	1	1
223	2	3	4.669922e-01	2.165210e-02	6.363555e-01	6.121007e+01	2.083008e+00	100	1	1
224	2	1	4.007004e-01	-1.062009e-02	6.724767e-01	6.591585e+01	1.041016e+00	9.096561e+01	1	1
225	2	2	4.341686e-01	-4.974620e-03	3.138652e-01	3.290190e+01	5.214844e-01	100	1	1
226	2	4	4.499537e-01	-6.528984e-02	3.408279e+00	3.670856e+02	7.041992e+00	100	1	1
227	2	1	4.341060e-01	6.869097e-03	5.477755e-01	5.544676e+01	6.953125e-01	100	1	1
228	2	3	4.671706e-01	-5.344866e-03	1.217361e+00	1.187735e+02	1.563477e+00	3.753253e+01	1	1
229	2	4	5.011404e-01	-1.567684e-02	6.495247e-01	6.473236e+01	1.562500e+00	9.215898e+01	1	1
230	2	2	7.348396e-01	5.178731e-03	1.469772e+00	1.446749e+02	3.548828e+00	7.645045e+01	1	1
231	2	3	5.169953e-01	3.178990e-02	1.704237e+00	1.674729e+02	3.125000e+00	100	1	1
232	2	1	3.670071e-01	7.966017e-03	4.087468e-01	4.013622e+01	7.822266e-01	100	1	1
233	2	2	4.499576e-01	7.945789e-03	5.007321e-01	5.052456e+01	8.017578e-01	100	1	1
234	2	4	3.514115e-01	-1.577884e-02	1.886342e+00	1.892311e+02	2.583984e+00	3.924497e+01	1	1
235	2	1	4.511049e-01	-2.721345e-02	1.348398e+00	1.418860e+02	2.864258e+00	100	1	1
236	2	3	4.340926e-01	-1.071114e-01	7.590859e+00	7.203162e+02	1.020312e+01	100	1	1
237	2	4	4.835000e-01	3.167829e-02	3.222482e+00	3.443996e+02	3.386719e+00	100	1	1
238	2	2	4.177677e-01	-4.677192e-02	3.741109e+00	4.371837e+02	5.469727e+00	8.038675e+01	1	1
239	2	3	4.671294e-01	1.488802e-02	6.222994e-01	6.530558e+01	1.562500e+00	100	1	1
240	2	1	4.331683e-01	-2.712871e-02	1.351828e+00	1.340316e+02	2.690430e+00	100	1	1
241	2	2	3.842736e-01	2.441319e-02	6.487233e-01	6.226730e+01	2.343750e+00	100	1	1
242	2	4	4.846710e-01	-1.555746e-02	1.560387e+00	1.587602e+02	2.323242e+00	3.190640e+01	1	1
243	2	1	4.179864e-01	9.757260e-03	2.469644e+00	2.637285e+02	3.125977e+00	7.829284e+01	1	1
244	2	3	4.676300e-01	-9.256338e-03	1.470247e+00	1.551096e+02	1.844727e+00	3.424665e+01	1	1
245	2	4	5.172268e-01	2.387280e-02	4.712653e+00	4.799312e+02	5.556641e+00	5.959073e+01	1	1
246	2	2	3.839005e-01	9.693398e-05	2.606731e+00	2.626155e+02	3.636719e+00	3.614280e+01	1	1
247	2	3	5.345894e-01	6.241374e-02	2.815885e+00	2.699070e+02	5.990234e+00	100	1	1
248	2	1	5.673939e-01	2.143589e-02	2.020277e+00	2.127604e+02	2.257813e+00	100	1	1
249	2	2	5.347728e-01	-8.062803e-02	5.028933e+00	5.187413e+02	8.334961e+00	100	1	1
250	2	4	4.665470e-01	-2.173695e-02	4.056930e+00	4.140367e+02	7.157227e+00	3.696247e+01	1	1
251	2	1	5.332883e-01	6.123234e-17	3.298558e-15	3.167356e-13	5.879680e-15	100	1	1
252	2	3	4.836503e-01	4.453554e-03	4.337617e-01	4.223034e+01	5.214844e-01	1.332163e+01	1	1
253	2	4	5.669145e-01	-6.852212e-02	2.733812e+00	2.597789e+02	6.521484e+00	9.698577e+01	1	1
254	2	2	4.176050e-01	1.091991e-02	1.820306e-01	1.735263e+01	1.041016e+00	100	1	1
255	2	3	5.508850e-01	6.425472e-02	4.486804e+00	4.358948e+02	6.250977e+00	100	1	1
256	2	1	3.674593e-01	-9.223275e-02	4.983428e+00	5.051560e+02	9.375977e+00	100	1	1
257	1	1	6.341881e-01	-2.643615e-02	2.505409e+00	2.605625e+02	2.750000e+00	100	1	1
258	1	2	4.998726e-01	2.432515e-02	9.725733e+00	1.041128e+03	1.380371e+01	4.038935e+01	1	1
259	1	3	5.169251e-01	7.965262e-03	2.488782e-01	2.440999e+01	7.812500e-01	100	1	1
260	1	4	4.337634e-01	4.169472e-02	3.878393e+00	4.049058e+02	4.355469e+00	100	1	1
261	1	1	4.335959e-01	9.279935e-02	8.345623e+00	8.166078e+02	9.887695e+00	8.429594e+01	1	1
262	1	3	5.503690e-01	-7.793963e-02	6.649267e+00	7.096404e+02	8.334961e+00	100	1	1
263	1	2	5.350212e-01	-1.354122e-02	5.504789e-02	5.295564e+00	1.302734e+00	100	1	1
264	1	4	4.508636e-01	3.720241e-02	3.009933e+00	3.286118e+02	4.063477e+00	100	1	1
265	1	3	6.352534e-01	1.369186e-02	1.032676e+00	9.817578e+01	1.822266e+00	9.497797e+01	1	1
266	1	2	4.181376e-01	-2.286187e-02	2.145945e+00	2.282078e+02	2.431641e+00	4.783188e+01	1	1
267	1	1	4.851984e-01	-2.552284e-03	2.353593e+00	2.494487e+02	3.115234e+00	7.223072e+01	1	1
268	1	4	5.675599e-01	-7.304324e-02	2.788918e+00	2.717098e+02	7.128906e+00	100	1	1
269	1	3	4.851855e-01	-9.299450e-02	7.572034e+00	7.666240e+02	9.442383e+00	7.530335e+01	1	1
270	1	4	8.001454e-01	8.026113e-02	1.458956e+01	1.393517e+03	1.952441e+01	7.960269e+01	1	1
271	1	2	4.001151e-01	4.096954e-02	1.791934e+00	1.745561e+02	3.993164e+00	100	1	1
272	1	1	5.665935e-01	-1.355597e-02	6.942300e-01	6.666167e+01	1.301758e+00	100	1	1
273	3	3	9.170115e-01	1.412111e+00	7.572921e+01	1.177442e+03	9.715675e+01	100	0	1
274	3	1	1.084038e+00	1.455690e-01	1.042355e+01	1.116353e+03	1.570136e+01	100	1	1
275	3	2	9.677063e-01	-1.757807e-01	1.233480e+01	1.211313e+03	1.744220e+01	100	0	1
276	3	4	1.035179e+00	3.419132e-01	1.572413e+01	1.426715e+03	3.413378e+01	9.066341e+01	0	1
277	3	1	1.267872e+00	8.730989e-02	7.455770e+00	7.124597e+02	1.006868e+01	8.184748e+01	1	1
278	3	3	9.167402e-01	2.059478e-02	2.034313e+00	2.075326e+02	4.311004e+00	8.772397e+01	1	1
279	3	4	1.017716e+00	1.225290e+00	5.691985e+01	1.834919e+03	8.956087e+01	100	0	1
280	3	2	1.266560e+00	-9.503369e-02	4.784843e+00	4.526282e+02	9.016993e+00	1.000000e+02	1	1
281	3	3	8.345087e-01	-3.287531e-02	2.125885e+00	2.064031e+02	3.193029e+00	100	1	1
282	3	1	5.503897e-01	4.927887e-02	3.853800e+00	3.736643e+02	4.781948e+00	100	1	1
283	3	2	1.034567e+00	-2.322834e-01	1.532894e+01	1.506288e+03	2.324475e+01	100	0	1
284	3	4	7.500768e-01	1.566691e-02	3.105783e+00	3.134533e+02	4.527831e+00	3.479228e+01	1	1
285	3	3	7.839951e-01	-3.567859e-01	2.536929e+01	2.751048e+03	4.041972e+01	100	0	1
286	3	2	7.833985e-01	1.567279e+00	2.380250e+01	5.279384e+01	1.071805e+02	100	0	1
287	3	4	-1.181307e+05	-1.553675e+00	1.492032e+01	1.401927e+02	2.283734e+01	5.359006e+01	0	0
288	3	1	7.514088e-01	-2.985526e-01	2.219296e+01	2.548347e+03	3.533808e+01	100	0	1
289	3	3	7.509612e-01	-2.141829e-01	1.368373e+01	1.405334e+03	2.233946e+01	100	0	1
290	3	1	1.284028e+00	-1.640344e+00	4.387680e+01	1.067201e+03	1.008642e+02	100	0	1
291	3	2	8.504838e-01	-1.076553e-01	5.752810e+00	5.890042e+02	1.106512e+01	100	1	1
292	3	4	9.183024e-01	1.061694e-01	6.864110e+00	7.631336e+02	1.184818e+01	100	1	1
293	3	3	8.508774e-01	-2.729786e-01	1.729558e+01	1.677146e+03	2.714834e+01	100	0	1
294	3	1	5.174490e-01	2.021032e-01	1.355061e+01	1.411425e+03	2.134233e+01	100	0	1
295	3	2	8.174844e-01	-1.440972e-01	1.163208e+01	1.372447e+03	1.712041e+01	100	1	1
296	3	4	7.178365e-01	4.138331e-02	4.983518e+00	5.052362e+02	6.136085e+00	4.713655e+01	1	1
297	3	2	9.515051e-01	1.177807e+00	7.313467e+01	3.604427e+03	1.188865e+02	100	0	1
298	3	3	1.368430e+00	-6.806608e-02	3.090979e+00	2.978805e+02	6.569740e+00	1.000000e+02	1	1
299	3	1	9.006366e-01	3.718394e-02	3.939334e+00	3.770939e+02	5.034683e+00	5.651867e+01	1	1
300	3	4	1.034917e+00	8.840397e-03	1.551748e+00	1.507799e+02	2.455539e+00	5.185696e+01	1	1
301	3	2	5.834301e-01	2.274653e-01	1.081115e+01	1.020783e+03	2.185540e+01	100	0	1
302	3	4	7.668142e-01	1.168649e+00	4.535233e+01	1.879321e+03	9.742675e+01	100	0	1
303	3	3	1.217049e+00	-2.236430e-01	1.238081e+01	1.263229e+03	2.320677e+01	100	0	1
304	3	1	6.682782e-01	-8.048228e-02	2.703609e+00	2.628774e+02	7.842394e+00	100	1	1
305	3	3	1.118188e+00	-1.980322e-01	1.238894e+01	1.198947e+03	1.941920e+01	1.000000e+02	0	1
306	3	4	9.346289e-01	-3.536372e-02	1.467518e+00	1.393517e+02	3.359448e+00	100	1	1
307	3	2	1.034479e+00	-1.673490e-02	3.464039e+00	3.541650e+02	4.842715e+00	5.190396e+01	1	1
308	3	1	1.051659e+00	-2.990143e-02	3.180100e+00	3.365495e+02	4.938699e+00	4.117893e+01	1	1
309	3	4	9.501852e-01	5.120430e-02	1.584753e+00	1.592299e+02	5.149312e+00	100	1	1
310	3	2	7.838538e-01	-2.903397e-03	1.292749e+00	1.300565e+02	2.379580e+00	1.920778e+01	1	1
311	3	1	8.352561e-01	-2.515809e-01	1.295570e+01	1.243936e+03	2.467830e+01	1.000000e+02	0	1
312	3	3	7.666459e-01	-1.774674e-01	9.622651e+00	9.412114e+02	1.754302e+01	1.000000e+02	0	1
313	3	2	8.846115e-01	-1.163104e-01	9.119718e+00	1.034436e+03	1.325273e+01	100	1	1
314	3	1	1.250303e+00	-9.237171e-02	4.640286e+00	4.400911e+02	9.951976e+00	9.579235e+01	1	1
315	3	4	1.217144e+00	9.144935e-02	4.252685e+00	4.078060e+02	8.793950e+00	100	1	1
316	3	3	9.340052e-01	-2.409779e-01	9.866899e+00	9.117253e+02	2.270821e+01	100	0	1
317	3	1	5.667447e-01	1.627031e-01	1.054736e+01	1.003975e+03	1.562540e+01	100	0	1
318	3	3	8.673352e-01	6.656146e-02	1.606366e+00	1.538408e+02	6.383987e+00	100	1	1
319	3	2	8.678288e-01	3.812486e-02	2.560101e+00	2.600541e+02	3.874586e+00	100	1	1
320	3	4	6.006147e-01	3.703250e-02	3.977342e+00	3.938549e+02	4.405607e+00	7.730940e+01	1	1
321	1	4	-1.180588e+05	-2.025638e-02	6.255004e+00	5.939810e+02	8.494141e+00	6.701769e+01	1	0
322	1	2	5.843831e-01	-4.688372e-02	1.288990e+00	1.359708e+02	4.949219e+00	100	1	1
323	1	3	5.504536e-01	-2.272938e-02	1.104072e+00	1.138747e+02	2.344727e+00	100	1	1
324	1	1	4.176289e-01	-1.157499e-01	6.878995e+00	6.933880e+02	1.171973e+01	100	1	1
325	1	3	7.347291e-01	-4.857605e-02	4.137051e+00	3.972417e+02	6.230469e+00	9.141012e+01	1	1
326	1	1	4.844451e-01	-4.530173e-02	1.209065e+00	1.180917e+02	4.427734e+00	100	1	1
327	1	2	4.843731e-01	-6.727763e-02	3.626777e+00	3.551798e+02	6.598633e+00	100	1	1
328	1	4	5.676060e-01	-2.505360e-01	1.314777e+01	1.257807e+03	2.448242e+01	100	0	1
329	1	1	5.675792e-01	-7.125250e-02	4.199879e+00	4.189174e+02	7.119141e+00	100	1	1
330	1	2	4.511664e-01	-4.857288e-02	3.617606e+00	3.505121e+02	5.187500e+00	3.252701e+01	1	1
331	1	3	4.348861e-01	1.316545e-02	1.159384e+00	1.128237e+02	1.281250e+00	100	1	1
332	1	4	4.842383e-01	-2.785161e-02	2.663046e+00	2.807979e+02	3.833984e+00	3.231826e+01	1	1
333	1	2	4.345021e-01	1.070778e-02	1.547824e-01	1.504745e+01	1.041016e+00	100	1	1
334	1	4	4.670226e-01	-7.201672e-02	3.616002e+00	3.785714e+02	7.552734e+00	100	1	1
335	1	1	4.847775e-01	-2.301244e-02	4.515016e-01	4.597600e+01	2.343750e+00	100	1	1
336	1	3	5.172283e-01	-6.094224e-02	2.903056e+00	3.056742e+02	6.424805e+00	100	1	1
337	2	2	6.677382e-01	-5.920906e-02	3.384665e+00	3.283125e+02	5.750000e+00	100	1	1
338	2	4	4.842581e-01	-1.003758e-02	2.202230e+00	2.331031e+02	3.105469e+00	6.186052e+01	1	1
339	2	1	4.842054e-01	3.484852e-02	4.363766e+00	4.347956e+02	5.556641e+00	8.483862e+01	1	1
340	2	3	4.998888e-01	-2.655965e-02	4.034912e+00	4.009181e+02	5.244141e+00	1.192468e+01	1	1
341	2	4	5.171753e-01	-7.262299e-02	3.136242e+00	3.035754e+02	7.041992e+00	100	1	1
342	2	2	3.831775e-01	-1.344745e-02	3.742287e-01	3.625158e+01	1.302734e+00	100	1	1
343	2	3	6.511164e-01	-1.177129e-02	7.446137e-01	7.078993e+01	1.119141e+00	8.137050e+01	1	1
344	2	1	4.670011e-01	5.269485e-02	6.194229e+00	6.105973e+02	7.022461e+00	8.441070e+01	1	1
345	2	2	5.008192e-01	-3.912804e-02	4.832955e+00	4.609006e+02	6.598633e+00	6.968409e+01	1	1
346	2	4	3.681957e-01	-1.046575e-01	8.393188e+00	8.129261e+02	1.121582e+01	8.897459e+01	1	1
347	2	1	5.175204e-01	4.564300e-03	1.490241e+00	1.485817e+02	1.844727e+00	8.589367e+01	1	1
348	2	3	3.842866e-01	-8.588170e-02	7.049492e+00	7.251821e+02	8.856445e+00	8.151682e+01	1	1
349	2	4	5.171924e-01	-4.283922e-04	2.666532e+00	2.553022e+02	4.125977e+00	4.368886e+01	1	1
350	2	2	3.683368e-01	5.885944e-02	2.675964e+00	2.838638e+02	6.250977e+00	100	1	1
351	2	3	4.501442e-01	3.608509e-02	1.570077e+00	1.698888e+02	3.906250e+00	100	1	1
352	2	1	4.170865e-01	-4.727950e-03	1.465445e-01	1.613320e+01	5.205078e-01	100	1	1
353	2	2	4.514641e-01	-5.422424e-02	4.305900e+00	4.202079e+02	5.296875e+00	6.583743e+01	1	1
354	2	4	4.499000e-01	-2.031348e-02	1.307243e+00	1.284379e+02	1.996094e+00	9.019173e+01	1	1
355	2	1	6.007962e-01	1.679662e-02	8.290111e-01	8.144872e+01	1.650391e+00	100	1	1
356	2	3	4.845331e-01	-2.315578e-02	2.007528e+00	2.258449e+02	2.605469e+00	100	1	1
357	2	4	5.015757e-01	6.815587e-02	6.512880e+00	6.359153e+02	7.185547e+00	8.906314e+01	1	1
358	2	2	4.342015e-01	-5.655514e-02	4.199011e+00	4.283442e+02	5.775391e+00	8.800008e+01	1	1
359	2	3	5.181921e-01	1.104847e-01	6.481694e+00	6.847492e+02	1.171973e+01	100	1	1
360	2	1	3.836203e-01	7.388347e-03	7.168246e-01	7.589100e+01	7.822266e-01	100	1	1
361	2	2	4.506502e-01	-1.262617e-02	1.007111e+00	1.039056e+02	1.302734e+00	5.657845e+01	1	1
362	2	4	5.004106e-01	4.441253e-02	3.716771e+00	3.894951e+02	4.657227e+00	100	1	1
363	2	1	5.674041e-01	-2.255753e-02	1.418539e+00	1.364332e+02	2.169922e+00	100	1	1
364	2	3	4.350461e-01	4.573418e-02	2.874146e+00	3.120413e+02	4.968750e+00	100	1	1
365	2	4	6.179976e-01	-7.459823e-02	4.101493e+00	4.144871e+02	7.552734e+00	9.226733e+01	1	1
366	2	2	3.843201e-01	1.224647e-16	7.027873e-15	6.690686e-13	1.165890e-14	100	1	1
367	2	3	5.004639e-01	-8.051520e-03	6.079292e-01	5.824959e+01	7.714844e-01	7.227364e+01	1	1
368	2	1	3.334202e-01	-4.258416e-02	1.314141e+00	1.285150e+02	4.166992e+00	100	1	1
369	2	2	5.013238e-01	-3.932917e-02	2.585885e+00	2.739018e+02	4.167969e+00	8.647570e+01	1	1
370	2	4	4.344357e-01	7.830979e-02	7.261464e+00	7.509659e+02	8.115234e+00	100	1	1
371	2	1	7.675940e-01	5.886100e-02	6.549744e+00	6.381139e+02	7.564453e+00	8.748847e+01	1	1
372	2	3	4.337510e-01	-1.624536e-01	6.261257e+00	6.264559e+02	1.639844e+01	100	0	1
373	2	4	4.839774e-01	-8.033166e-03	4.518695e-01	4.394475e+01	7.812500e-01	100	1	1
374	2	2	3.513187e-01	7.256934e-02	3.637403e+00	3.648557e+02	7.291992e+00	100	1	1
375	2	3	6.016185e-01	9.491094e-02	6.650072e+00	6.314321e+02	1.008105e+01	8.985087e+01	1	1
376	2	1	3.511978e-01	-7.037058e-03	1.173091e-01	1.302338e+01	7.812500e-01	100	1	1
377	2	2	4.341613e-01	1.584806e-02	1.749116e+00	1.916188e+02	2.344727e+00	6.164324e+01	1	1
378	2	4	3.842572e-01	9.915618e-06	3.709093e-01	3.652986e+01	5.214844e-01	7.011631e+01	1	1
379	2	1	4.511845e-01	2.765969e-03	2.927874e+00	2.873748e+02	4.438477e+00	5.382710e+01	1	1
380	2	3	3.675211e-01	-5.383427e-02	4.387122e+00	4.453143e+02	5.469727e+00	7.305779e+01	1	1
381	2	4	8.340255e-01	2.649255e-02	9.604831e+00	9.443875e+02	1.406543e+01	7.814449e+01	1	1
382	2	2	4.349784e-01	-1.804924e-03	1.226980e-01	1.181675e+01	1.738281e-01	5.753962e+01	1	1
383	2	3	4.674109e-01	8.428477e-02	3.965709e+00	4.043977e+02	8.615234e+00	100	1	1
384	2	1	3.849279e-01	-4.518782e-02	2.015878e+00	2.089722e+02	4.687500e+00	100	1	1
385	1	1	5.844463e-01	-2.666035e-02	2.794149e+00	3.143418e+02	3.000000e+00	100	1	1
386	1	2	4.508823e-01	-1.018805e-01	6.597010e+00	6.498828e+02	1.007129e+01	100	1	1
387	1	3	4.513066e-01	5.280315e-03	5.248227e-01	5.173399e+01	7.812500e-01	7.674757e+01	1	1
388	1	4	5.010071e-01	-3.584866e-03	1.689192e+00	1.633551e+02	2.344727e+00	5.708645e+01	1	1
389	1	3	4.333189e-01	-1.113989e-01	5.760430e+00	5.543852e+02	1.076562e+01	100	1	1
390	1	4	5.003117e-01	2.708449e-02	3.461818e+00	3.621386e+02	3.875977e+00	6.788181e+01	1	1
391	1	2	4.182090e-01	5.352425e-02	4.033581e+00	4.575357e+02	6.077148e+00	100	1	1
392	1	1	4.011910e-01	-2.553322e-02	5.926322e-01	6.646567e+01	2.864258e+00	100	1	1
393	1	4	4.004274e-01	-8.412543e-02	3.614834e+00	3.460850e+02	8.073242e+00	100	1	1
394	1	2	4.003321e-01	6.633974e-03	7.603268e-02	7.957741e+00	6.943359e-01	100	1	1
395	1	3	4.010396e-01	-5.068069e-02	4.335320e+00	4.212500e+02	5.188477e+00	5.720158e+01	1	1
396	1	1	4.017783e-01	-3.381797e-02	1.405062e+00	1.514051e+02	3.645508e+00	100	1	1
397	1	4	5.168137e-01	3.118725e-02	2.279393e+00	2.220449e+02	3.039063e+00	100	1	1
398	1	3	4.175162e-01	-1.453531e-01	5.810817e+00	5.824436e+02	1.467285e+01	100	1	1
399	1	1	4.671856e-01	1.081245e-02	8.846121e-01	8.612528e+01	1.052734e+00	100	1	1
400	1	2	4.507071e-01	1.546652e-02	4.564993e-01	4.611401e+01	1.562500e+00	100	1	1
401	3	1	8.497125e-01	-1.066346e-01	9.302764e+00	9.062032e+02	1.042706e+01	100	1	1
402	3	3	5.177211e-01	-4.607433e-02	3.839515e+00	4.141408e+02	4.973226e+00	8.258409e+01	1	1
403	3	4	8.508654e-01	2.021659e-01	6.060022e+00	5.733516e+02	1.939227e+01	100	0	1
404	3	2	6.505472e-01	1.878672e-01	1.067268e+01	9.969565e+02	1.904838e+01	9.152245e+01	0	1
405	3	4	7.347644e-01	1.739977e-01	8.460387e+00	8.380964e+02	1.741250e+01	1.000000e+02	0	1
406	3	2	5.842941e-01	6.487584e-02	4.336993e+00	4.334583e+02	6.493091e+00	1.000000e+02	1	1
407	3	3	1.016837e+00	-1.252986e-01	5.586512e+00	5.272672e+02	1.188823e+01	100	1	1
408	3	1	6.855141e-01	2.373129e-01	1.333771e+01	1.237447e+03	2.244028e+01	1.000000e+02	0	1
409	3	3	8.677834e-01	-1.510202e-01	6.989130e+00	6.566426e+02	1.429751e+01	100	0	1
410	3	4	9.339511e-01	1.542402e-01	8.993615e+00	9.126550e+02	1.577732e+01	100	0	1
411	3	1	1.434112e+00	1.288818e+00	5.423021e+01	1.659275e+03	1.056165e+02	100	0	1
412	3	2	1.300272e+00	-2.999219e-02	4.352452e+00	4.809637e+02	5.341280e+00	3.283383e+01	1	1
413	3	1	6.999685e-01	-7.680014e-02	4.010327e+00	3.898851e+02	7.481245e+00	100	1	1
414	3	2	7.829640e-01	-1.225182e-01	6.639016e+00	6.553815e+02	1.215547e+01	1.000000e+02	1	1
415	3	4	6.848434e-01	4.971142e-02	1.077537e+00	1.050330e+02	4.849620e+00	100	1	1
416	3	3	5.165704e-01	-6.923970e-02	4.729424e+00	4.773204e+02	6.999252e+00	100	1	1
417	3	4	9.008394e-01	7.839537e-01	1.637066e+01	1.159955e+03	7.065129e+01	100	0	1
418	3	2	7.504018e-01	1.023275e-01	4.944040e+00	5.316563e+02	1.104233e+01	100	1	1
419	3	1	6.845163e-01	1.095524e+00	7.020033e+01	3.744555e+03	1.036519e+02	1.000000e+02	0	1
420	3	3	9.006687e-01	-4.751820e-02	3.930726e+00	4.053698e+02	4.904172e+00	100	1	1
421	3	1	7.342189e-01	-1.839927e-01	1.085076e+01	1.073810e+03	1.841654e+01	1.000000e+02	0	1
422	3	2	8.506985e-01	-3.147357e-01	2.232058e+01	2.315066e+03	3.376642e+01	100	0	1
423	3	3	9.176669e-01	-2.828452e-01	1.837357e+01	1.685493e+03	2.666152e+01	100	0	1
424	3	4	1.084244e+00	1.305566e-01	7.515815e+00	7.902077e+02	1.380516e+01	100	1	1
425	3	2	9.847130e-01	-7.364773e-02	4.909786e+00	4.917297e+02	7.389404e+00	100	1	1
426	3	1	1.218014e+00	7.485751e-02	6.656378e+00	6.342695e+02	9.356735e+00	7.023502e+01	1	1
427	3	4	8.337876e-01	8.397018e-02	5.326454e+00	5.566433e+02	8.796022e+00	100	1	1
428	3	3	7.843020e-01	-2.305891e-01	1.351014e+01	1.312564e+03	2.280834e+01	1.000000e+02	0	1
429	3	2	7.163926e-01	1.747669e-01	6.985633e+00	6.624789e+02	1.674476e+01	1.000000e+02	0	1
430	3	1	7.680937e-01	2.335065e-01	1.497341e+01	1.389980e+03	2.207913e+01	100	0	1
431	3	3	7.345302e-01	-2.050209e-01	1.194883e+01	1.210028e+03	2.105783e+01	100	0	1
432	3	4	1.134824e+00	9.028057e-02	1.849227e+00	1.766615e+02	8.648247e+00	100	1	1
433	3	2	7.508371e-01	1.762567e-01	6.726366e+00	6.329355e+02	1.675926e+01	100	0	1
434	3	4	6.836926e-01	1.496698e-02	1.049208e+00	1.027614e+02	1.848559e+00	6.088695e+01	1	1
435	3	1	8.503205e-01	2.902425e-02	2.644947e+00	2.517655e+02	3.868371e+00	8.065087e+01	1	1
436	3	3	7.503339e-01	1.223119e-01	6.599179e+00	6.381380e+02	1.188685e+01	1.000000e+02	1	1
437	3	4	5.840381e-01	1.137550e+00	5.455107e+01	2.213603e+03	8.772682e+01	100	0	1
438	3	3	8.509832e-01	-6.780070e-02	4.302274e+00	4.338297e+02	6.847335e+00	9.379023e+01	1	1
439	3	1	1.001251e+00	2.628415e-02	2.021869e+00	1.924564e+02	3.423667e+00	7.284796e+01	1	1
440	3	2	1.017247e+00	1.716448e-01	4.006354e+00	3.802421e+02	1.645266e+01	1.000000e+02	0	1
441	3	3	6.680098e-01	2.655409e-01	1.340540e+01	1.233851e+03	2.503186e+01	100	0	1
442	3	2	9.175313e-01	-1.647944e-02	7.176143e+00	6.852336e+02	9.554918e+00	6.168237e+01	1	1
443	3	4	7.004226e-01	2.464339e-01	7.392294e+00	6.815191e+02	2.319089e+01	100	0	1
444	3	1	6.172297e-01	2.384523e-01	1.617494e+01	1.807759e+03	2.716699e+01	100	0	1
445	3	3	7.675604e-01	1.014372e-01	3.504449e+00	3.313238e+02	9.623281e+00	100	1	1
446	3	1	8.168588e-01	8.226547e-02	2.647329e+00	2.560359e+02	7.974286e+00	1.000000e+02	1	1
447	3	2	1.201528e+00	2.257166e-01	1.573325e+01	1.508123e+03	2.860813e+01	9.465976e+01	0	1
448	3	4	6.346000e-01	1.436445e-01	9.574675e+00	9.098276e+02	1.374439e+01	100	1	1
449	1	3	6.503503e-01	-3.776069e-02	4.588798e+00	4.820658e+02	4.750000e+00	5.405024e+01	1	1
450	1	4	6.014804e-01	-2.286156e-01	1.043882e+01	9.815038e+02	2.187793e+01	100	0	1
451	1	1	5.331023e-01	-1.179371e-01	5.742304e+00	5.427543e+02	1.119922e+01	100	1	1
452	1	2	6.016002e-01	-6.837148e-02	3.382656e+00	3.211806e+02	6.501953e+00	100	1	1
453	1	4	4.015256e-01	-1.221728e-01	8.467222e+00	8.420007e+02	1.220996e+01	8.821357e+01	1	1
454	1	1	6.517032e-01	-8.376003e-02	4.200731e+00	4.213366e+02	8.420898e+00	100	1	1
455	1	2	5.169048e-01	-1.272045e-01	4.504241e+00	4.586629e+02	1.302344e+01	100	1	1
456	1	3	8.004525e-01	-4.214036e-02	1.529430e+00	1.476393e+02	4.591797e+00	8.920778e+01	1	1
457	1	3	5.851071e-01	-7.209437e-02	3.512053e+00	3.335730e+02	6.859375e+00	100	1	1
458	1	2	5.343473e-01	-7.577479e-02	3.411096e+00	3.247337e+02	7.227539e+00	100	1	1
459	1	1	5.514751e-01	-8.142082e-02	2.145647e+00	2.054498e+02	7.813477e+00	100	1	1
460	1	4	5.173176e-01	-7.833014e-02	2.815437e+00	2.806171e+02	7.823242e+00	100	1	1
461	1	2	4.514920e-01	-5.188229e-02	4.002944e+00	3.815110e+02	4.949219e+00	8.032379e+01	1	1
462	1	3	8.674352e-01	-2.784778e-02	2.389625e+00	2.300527e+02	4.504883e+00	5.427766e+01	1	1
463	1	1	5.676368e-01	-5.831217e-02	3.667498e+00	3.606182e+02	5.740234e+00	7.536549e+01	1	1
464	1	4	6.342352e-01	-7.015081e-02	3.110772e+00	2.997824e+02	6.771484e+00	100	1	1
465	3	4	1.034529e+00	2.725237e-02	6.581018e+00	6.255026e+02	9.642616e+00	6.184014e+01	1	1
466	3	2	5.673633e-01	3.282371e-01	1.376690e+01	1.247701e+03	3.086480e+01	100	0	1
467	3	1	1.051101e+00	6.956323e-03	2.410555e+00	2.342599e+02	3.745456e+00	8.104851e+01	1	1
468	3	3	7.169606e-01	2.286695e-02	3.345872e+00	3.311459e+02	4.412512e+00	3.009363e+01	1	1
469	3	1	6.512981e-01	1.714484e-01	1.095512e+01	1.031351e+03	1.630144e+01	9.569660e+01	0	1
470	3	4	8.508661e-01	1.134151e-01	3.855269e+00	3.675292e+02	1.085865e+01	100	1	1
471	3	3	5.841574e-01	-1.599140e-01	5.819949e+00	5.630963e+02	1.560538e+01	100	0	1
472	3	2	1.050134e+00	1.618439e-01	5.810507e+00	5.464423e+02	1.590714e+01	9.745356e+01	0	1
473	3	4	7.014991e-01	1.161716e-01	4.677517e+00	4.453729e+02	1.111138e+01	1.000000e+02	1	1
474	3	2	1.050924e+00	7.235543e-02	8.505757e+00	8.140691e+02	1.350546e+01	6.401587e+01	1	1
475	3	1	8.338481e-01	8.747778e-02	9.257967e+00	8.871228e+02	1.294682e+01	8.180606e+01	1	1
476	3	3	1.200358e+00	2.108230e-01	7.566798e+00	7.339010e+02	2.075607e+01	100	0	1
477	3	4	8.505699e-01	2.194382e-01	1.126672e+01	1.066459e+03	2.111100e+01	100	0	1
478	3	3	6.344244e-01	1.981143e-02	1.342257e+00	1.440315e+02	2.862263e+00	2.207857e+01	1	1
479	3	2	1.017962e+00	1.081291e-01	5.310575e+00	5.105492e+02	1.135721e+01	9.291209e+01	1	1
480	3	1	8.507035e-01	4.698108e-02	3.557317e+00	3.489606e+02	4.674224e+00	7.753328e+01	1	1
481	3	2	1.100743e+00	7.952161e-03	5.262179e+00	5.085709e+02	1.310841e+01	6.779485e+01	1	1
482	3	3	9.679394e-01	1.796724e-01	8.643823e+00	8.092392e+02	1.700440e+01	100	0	1
483	3	4	1.183373e+00	-4.570992e-03	2.107307e+00	2.015130e+02	5.203864e+00	8.334717e+01	1	1
484	3	1	9.335909e-01	3.595756e-02	2.733566e+00	2.659864e+02	3.929829e+00	6.649800e+01	1	1
485	3	1	8.513373e-01	9.061032e-02	5.531968e+00	5.281052e+02	8.673797e+00	9.845639e+01	1	1
486	3	2	1.084213e+00	5.883008e-02	3.828249e+00	3.631055e+02	6.875647e+00	9.242771e+01	1	1
487	3	4	-1.177057e+05	-1.518845e-01	3.214043e+01	3.557308e+03	4.697841e+01	9.335172e+01	0	0
488	3	3	1.001406e+00	1.322610e-01	3.441543e+00	3.310801e+02	1.279836e+01	100	1	1
489	3	4	1.417587e+00	4.500829e-01	3.036516e+01	3.966948e+03	5.167059e+01	1.945092e+01	0	1
490	3	3	1.117381e+00	9.520536e-02	4.131152e+00	4.060049e+02	9.568729e+00	9.569009e+01	1	1
491	3	2	1.001174e+00	5.718695e-02	2.907808e+00	2.806237e+02	5.524962e+00	100	1	1
492	3	1	6.165494e-01	6.147138e-02	4.597331e+00	4.529125e+02	6.247951e+00	9.420539e+01	1	1
493	3	4	1.050281e+00	3.321258e-02	1.707516e+00	1.636729e+02	3.675712e+00	9.500403e+01	1	1
494	3	3	1.200931e+00	5.088143e-02	5.821754e+00	5.543261e+02	1.000722e+01	5.757571e+01	1	1
495	3	2	8.843262e-01	7.233982e-02	6.089485e+00	5.835189e+02	1.081238e+01	9.135103e+01	1	1
496	3	1	7.677914e-01	5.915641e-02	5.124334e+00	4.908786e+02	6.593909e+00	8.865733e+01	1	1
497	3	4	-1.176882e+05	2.663942e-02	2.501148e+00	1.880375e+02	5.134120e+00	8.064718e+01	1	0
498	3	2	1.117060e+00	6.396664e-04	7.021985e+00	6.746544e+02	1.098916e+01	4.044705e+01	1	1
499	3	1	8.849921e-01	3.826223e-02	1.529350e+00	1.457163e+02	3.647400e+00	100	1	1
500	3	3	9.005897e-01	1.702020e-01	6.815793e+00	6.427011e+02	1.620683e+01	9.804694e+01	0	1
501	3	1	6.663250e-01	5.554036e-02	3.332131e+00	3.197055e+02	5.334375e+00	100	1	1
502	3	3	1.166715e+00	6.274846e-01	3.096002e+01	5.114442e+03	5.676327e+01	1.000000e+02	0	1
503	3	2	9.499775e-01	3.264778e-02	3.956959e+00	3.773246e+02	5.419311e+00	2.371028e+01	1	1
504	3	4	1.100675e+00	5.069305e-02	4.321285e+00	4.130474e+02	1.221693e+01	8.638429e+01	1	1
505	3	2	8.834491e-01	1.375189e-01	8.312155e+00	7.922968e+02	1.558604e+01	9.014598e+01	1	1
506	3	3	1.234745e+00	7.402448e-02	4.640391e+00	4.503198e+02	1.051200e+01	8.633569e+01	1	1
507	3	4	1.367324e+00	6.868405e-02	9.988468e+00	9.527070e+02	2.025198e+01	8.564644e+01	1	1
508	3	1	9.679980e-01	1.611981e-02	6.667800e+00	6.449026e+02	1.015430e+01	7.156371e+01	1	1
509	3	4	1.233682e+00	-7.147283e-03	1.696457e+00	1.619334e+02	4.911078e+00	7.897737e+01	1	1
510	3	1	8.846189e-01	1.555504e-01	4.120787e+00	3.936326e+02	1.497975e+01	100	0	1
511	3	3	1.216489e+00	1.327191e-01	1.568116e+01	1.510981e+03	2.993810e+01	3.030622e+01	1	1
512	3	2	1.283877e+00	-1.079849e-01	6.548587e+00	6.212399e+02	1.464070e+01	7.243214e+01	1	1
513	1	4	5.840297e-01	-1.788604e-01	1.506278e+01	1.490156e+03	1.788574e+01	100	0	1
514	1	1	4.836789e-01	-2.718187e-01	1.471988e+01	1.398461e+03	2.647949e+01	100	0	1
515	1	3	7.176895e-01	-2.954425e-01	1.980576e+01	1.823581e+03	2.906445e+01	8.840194e+01	0	1
516	1	2	1.434531e+00	-1.917804e-02	7.698676e+00	7.318178e+02	1.536719e+01	3.834948e+01	1	1
517	1	1	9.338535e-01	-4.692943e-02	6.318115e+00	6.072301e+02	1.076465e+01	6.368578e+01	1	1
518	1	3	9.178294e-01	1.285131e-02	5.938790e+00	5.663309e+02	1.257910e+01	7.450794e+01	1	1
519	1	4	6.847496e-01	-1.453547e-01	7.291358e+00	7.005329e+02	1.406445e+01	9.349379e+01	1	1
520	1	2	8.335048e-01	-1.245732e-01	6.383405e+00	6.081378e+02	1.349219e+01	8.833479e+01	1	1
521	1	1	5.679546e-01	-1.382323e-01	7.401328e+00	7.066823e+02	1.328320e+01	100	1	1
522	1	2	7.681045e-01	-8.985404e-02	4.918678e+00	4.686818e+02	9.366211e+00	9.619567e+01	1	1
523	1	3	6.846267e-01	-1.718026e-01	8.050736e+00	7.573274e+02	1.632227e+01	100	0	1
524	1	4	7.338764e-01	-1.745603e-01	9.900657e+00	9.364049e+02	1.693945e+01	9.366649e+01	0	1
525	1	1	7.513172e-01	-6.847836e-02	6.191860e+00	5.877853e+02	7.726562e+00	9.213431e+01	1	1
526	1	3	9.170276e-01	-2.154603e-02	3.931372e+00	3.782333e+02	6.241211e+00	6.309202e+01	1	1
527	1	4	1.000998e+00	-1.351461e-02	3.569175e+00	3.437701e+02	5.468750e+00	3.600093e+01	1	1
528	1	2	6.669470e-01	-4.713306e-02	2.558676e+00	2.466498e+02	4.546875e+00	100	1	1
529	2	2	7.843270e-01	-1.255462e-01	5.149546e+00	4.982236e+02	1.221094e+01	100	1	1
530	2	4	5.512983e-01	-6.204039e-02	4.218496e+00	4.249599e+02	6.257812e+00	100	1	1
531	2	1	4.835471e-01	-1.181686e-01	7.466023e+00	7.793901e+02	1.239355e+01	100	1	1
532	2	3	4.678005e-01	-3.311258e-02	3.202813e+00	3.337869e+02	3.452148e+00	5.726400e+01	1	1
533	2	4	6.003121e-01	-1.282447e-01	7.796199e+00	7.717247e+02	1.276465e+01	100	1	1
534	2	2	4.500571e-01	-8.679977e-02	4.836559e+00	4.777566e+02	8.595703e+00	8.971636e+01	1	1
535	2	3	5.669351e-01	-4.291292e-02	3.323723e+00	3.217909e+02	4.157227e+00	7.632641e+01	1	1
536	2	1	4.846609e-01	-2.435943e-02	3.432761e-01	3.302188e+01	2.343750e+00	100	1	1
537	2	2	4.843953e-01	-6.539906e-02	4.182144e+00	4.125130e+02	6.459961e+00	100	1	1
538	2	4	5.339270e-01	-8.492921e-02	3.644214e+00	3.646421e+02	8.518555e+00	100	1	1
539	2	1	5.509889e-01	-1.404399e-02	1.145744e+00	1.098582e+02	1.520508e+00	2.357896e+01	1	1
540	2	3	5.673249e-01	-1.232002e-01	1.090104e+01	1.100686e+03	1.250293e+01	6.087684e+01	1	1
541	2	4	5.501257e-01	-1.639644e-02	2.856824e+00	3.174730e+02	4.688477e+00	4.710928e+01	1	1
542	2	2	3.996807e-01	-2.538716e-02	2.002700e+00	1.917820e+02	2.431641e+00	6.600245e+01	1	1
543	2	3	5.840860e-01	-5.708282e-02	3.341818e+00	3.192970e+02	5.459961e+00	100	1	1
544	2	1	4.009658e-01	-3.384945e-02	1.448235e+00	1.448023e+02	3.385742e+00	100	1	1
545	2	2	5.178177e-01	-1.383416e-01	7.533064e+00	7.187382e+02	1.328418e+01	9.372064e+01	1	1
546	2	4	4.671696e-01	-7.538563e-02	3.021900e+00	2.917520e+02	7.291992e+00	9.487371e+01	1	1
547	2	1	5.511185e-01	2.704366e-03	1.283824e+00	1.237799e+02	1.823242e+00	7.244579e+01	1	1
548	2	3	5.003366e-01	-1.777216e-01	1.469576e+01	1.576981e+03	1.927441e+01	100	0	1
549	2	4	1.168007e+00	-1.933195e-02	7.160235e+00	6.828095e+02	1.007129e+01	8.830005e+01	1	1
550	2	2	4.682767e-01	-5.409569e-03	5.924416e-01	5.711102e+01	1.823242e+00	8.784152e+01	1	1
551	2	3	6.507253e-01	-2.140202e-02	2.357962e+00	2.295674e+02	2.605469e+00	3.365364e+01	1	1
552	2	1	5.011121e-01	-2.657204e-03	2.320803e-01	2.268789e+01	2.597656e-01	2.291294e+01	1	1
553	2	2	5.507756e-01	1.819077e-03	1.633014e-01	1.551714e+01	1.728516e-01	100	1	1
554	2	4	5.339856e-01	7.692485e-02	6.811074e+00	6.850185e+02	7.751953e+00	100	1	1
555	2	1	6.504575e-01	-3.355821e-02	1.582005e+00	1.513595e+02	3.211914e+00	9.564365e+01	1	1
556	2	3	6.009427e-01	1.447140e-02	1.140388e+00	1.102702e+02	1.465820e+00	3.023552e+01	1	1
557	2	4	5.507918e-01	-6.001153e-02	3.971162e+00	3.855905e+02	5.833984e+00	100	1	1
558	2	2	3.682825e-01	1.224647e-16	6.760281e-15	6.546447e-13	1.185910e-14	100	1	1
559	2	3	5.668064e-01	-2.561218e-02	5.427931e-01	5.497742e+01	2.594727e+00	100	1	1
560	2	1	4.002000e-01	5.655655e-02	2.103857e+00	2.032523e+02	5.469727e+00	100	1	1
561	2	2	4.673335e-01	1.766130e-03	3.277473e-01	3.207666e+01	5.214844e-01	4.065397e+01	1	1
562	2	4	4.182474e-01	-3.074932e-02	1.662959e+00	1.736493e+02	3.211914e+00	100	1	1
563	2	1	3.842684e-01	1.283424e-01	1.214992e+01	1.258857e+03	1.536719e+01	6.857781e+01	1	1
564	2	3	5.846183e-01	-5.996182e-02	5.274204e+00	5.271011e+02	5.969727e+00	100	1	1
565	2	4	5.173236e-01	1.073613e-01	9.710704e+00	9.584674e+02	1.063770e+01	100	1	1
566	2	2	4.175195e-01	1.272826e-02	1.547238e-01	1.476676e+01	1.214844e+00	100	1	1
567	2	3	5.667400e-01	-2.218509e-02	1.725017e+00	1.687720e+02	2.170898e+00	6.672290e+01	1	1
568	2	1	3.332065e-01	-9.452362e-02	6.107847e+00	5.852319e+02	9.083984e+00	100	1	1
569	2	2	4.839156e-01	-4.934535e-03	3.791479e-01	4.006823e+01	5.214844e-01	4.775079e+01	1	1
570	2	4	4.677172e-01	1.047252e-02	3.031801e+00	3.016464e+02	3.907227e+00	6.911034e+01	1	1
571	2	1	6.004173e-01	-5.417495e-03	3.454346e-02	3.318871e+00	5.205078e-01	100	1	1
572	2	3	5.331107e-01	-4.413680e-02	3.611700e+00	3.621647e+02	4.428711e+00	100	1	1
573	2	4	5.335338e-01	-7.915271e-03	5.075650e+00	4.984596e+02	7.730469e+00	4.182950e+01	1	1
574	2	2	3.840887e-01	1.278796e-02	1.117537e+00	1.137542e+02	1.301758e+00	100	1	1
575	2	3	5.838783e-01	-1.766491e-02	1.552340e+00	1.517094e+02	1.726562e+00	5.389458e+01	1	1
576	2	1	4.349510e-01	7.843706e-03	3.215302e-01	3.206448e+01	7.822266e-01	100	1	1
577	1	2	5.844936e-01	-1.082706e-01	1.108696e+01	1.275000e+03	1.250000e+01	100	1	1
578	1	1	5.839656e-01	7.520570e-03	7.500000e-01	7.479346e+01	7.500000e-01	100	1	1
579	1	4	5.344450e-01	-1.318431e-01	6.185267e+00	5.831124e+02	1.250195e+01	100	1	1
580	1	3	4.838292e-01	-2.699975e-02	1.857032e+00	1.798310e+02	2.615234e+00	9.408241e+01	1	1
581	1	4	5.353189e-01	-2.130462e-02	3.524789e+00	3.445757e+02	5.209961e+00	4.271757e+01	1	1
582	1	2	5.345521e-01	4.185691e-02	9.759286e+00	9.710013e+02	1.328320e+01	6.753924e+01	1	1
583	1	3	5.674132e-01	-8.426901e-02	5.284940e+00	5.051763e+02	8.074219e+00	100	1	1
584	1	1	4.508260e-01	-5.321701e-03	3.964237e-01	3.877326e+01	5.205078e-01	4.274574e+01	1	1
585	1	2	5.836848e-01	-5.710250e-02	3.095581e+00	3.013264e+02	5.564453e+00	100	1	1
586	1	3	5.342282e-01	-4.411168e-03	5.234027e-01	5.028857e+01	9.453125e-01	1.623503e+01	1	1
587	1	4	7.009810e-01	-1.034099e-01	7.451900e+00	7.130682e+02	1.392383e+01	9.292246e+01	1	1
588	1	1	5.834749e-01	3.730330e-02	4.892779e+00	4.667922e+02	6.946289e+00	8.607693e+01	1	1
589	1	4	5.340968e-01	-3.795156e-02	1.874983e+00	1.800185e+02	3.645508e+00	100	1	1
590	1	3	4.336205e-01	-8.094902e-03	7.056132e-01	6.818332e+01	7.822266e-01	2.857128e+01	1	1
591	1	2	5.679739e-01	-5.396875e-02	4.849339e+00	4.988047e+02	7.987305e+00	3.644295e+01	1	1
592	1	1	5.008020e-01	-3.212315e-02	9.110549e-01	9.106279e+01	3.211914e+00	100	1	1
593	3	4	1.267507e+00	1.532736e-01	1.267794e+01	1.205467e+03	2.377508e+01	8.824948e+01	0	1
594	3	2	1.167462e+00	5.938985e-02	9.587561e+00	9.193741e+02	1.346887e+01	7.426170e+01	1	1
595	3	3	9.179274e-01	1.071788e-01	7.147395e+00	6.932776e+02	1.043604e+01	100	1	1
596	3	1	6.003051e-01	1.738290e-01	1.184586e+01	1.167920e+03	1.749675e+01	9.458320e+01	0	1
597	3	3	1.117432e+00	1.225587e-01	4.657281e+00	4.485274e+02	1.186268e+01	100	1	1
598	3	4	-1.174615e+05	7.826782e-02	9.688272e+00	8.247866e+02	1.889370e+01	7.584297e+01	1	0
599	3	2	1.384745e+00	1.207577e-01	8.525538e+00	8.108757e+02	1.540927e+01	5.776921e+01	1	1
600	3	1	8.844220e-01	4.473092e-02	6.775059e+00	6.461443e+02	9.793843e+00	6.536941e+01	1	1
601	3	4	1.018481e+00	7.167079e-02	1.533879e+00	1.462643e+02	6.845954e+00	9.845463e+01	1	1
602	3	3	1.167491e+00	1.962867e-01	8.423254e+00	7.930333e+02	1.908981e+01	9.452256e+01	0	1
603	3	2	1.267327e+00	-4.812677e-02	3.236947e+00	3.094061e+02	9.884303e+00	8.073225e+01	1	1
604	3	1	7.508499e-01	6.742310e-02	7.294860e+00	7.030980e+02	1.013013e+01	6.974502e+01	1	1
605	3	3	9.347159e-01	7.763802e-02	5.087522e+00	4.887996e+02	7.474340e+00	9.463259e+01	1	1
606	3	1	7.841546e-01	1.198742e-01	5.784585e+00	5.539426e+02	1.153468e+01	100	1	1
607	3	2	1.384524e+00	5.667846e-02	4.927955e+00	4.711615e+02	1.257808e+01	8.096101e+01	1	1
608	3	4	1.117984e+00	7.097020e-03	3.978287e+00	3.785617e+02	1.122739e+01	7.926518e+01	1	1
609	3	3	1.266626e+00	9.515818e-02	2.953945e+00	2.909040e+02	9.399548e+00	100	1	1
610	3	1	5.850213e-01	5.966714e-02	7.418772e+00	7.091189e+02	9.516249e+00	7.726501e+01	1	1
611	3	4	1.267683e+00	3.619485e-02	2.294921e+00	2.213142e+02	6.316314e+00	7.351760e+01	1	1
612	3	2	1.167770e+00	1.064746e-01	8.015240e+00	7.590750e+02	1.459651e+01	7.051318e+01	1	1
613	3	4	9.679425e-01	6.275049e-02	4.738226e+00	4.519942e+02	1.059832e+01	9.362839e+01	1	1
614	3	3	1.084513e+00	1.018935e-01	4.787194e+00	4.579943e+02	9.782104e+00	100	1	1
615	3	2	1.283322e+00	1.512064e-01	7.552955e+00	7.226593e+02	2.028858e+01	9.249340e+01	0	1
616	3	1	-1.174300e+05	2.127168e-01	1.955539e+01	1.969860e+03	3.851591e+01	1.387411e+01	0	0
617	3	3	1.334795e+00	5.876680e-02	1.061739e+01	1.017731e+03	1.834058e+01	5.421538e+01	1	1
618	3	2	1.250881e+00	8.544784e-02	3.276577e+00	3.105311e+02	8.117917e+00	100	1	1
619	3	1	1.117161e+00	-1.275611e-02	1.378714e+00	1.317978e+02	4.112820e+00	1.239417e+01	1	1
620	3	4	1.183807e+00	6.066795e-02	4.610133e+00	4.426465e+02	1.264644e+01	7.819714e+01	1	1
621	3	1	1.117359e+00	6.406961e-02	1.461414e+00	1.398499e+02	6.139537e+00	100	1	1
622	3	3	1.017313e+00	6.591871e-02	7.173508e+00	6.854674e+02	1.146424e+01	7.018984e+01	1	1
623	3	2	1.133722e+00	5.766899e-02	5.278603e+00	5.080587e+02	1.108238e+01	8.660525e+01	1	1
624	3	4	8.839080e-01	1.408910e-01	8.879099e+00	8.379675e+02	1.749882e+01	9.343016e+01	1	1
625	3	3	1.050998e+00	1.249089e-01	5.609789e+00	5.378896e+02	1.240751e+01	9.500702e+01	1	1
626	3	1	6.669559e-01	8.272327e-02	8.180352e+00	7.874442e+02	1.037596e+01	8.105882e+01	1	1
627	3	4	1.017468e+00	4.942125e-02	7.000560e+00	6.679213e+02	1.263953e+01	8.475045e+01	1	1
628	3	2	1.017003e+00	9.146778e-02	6.386344e+00	6.112287e+02	1.135721e+01	9.538099e+01	1	1
629	3	3	8.290957e-01	2.525119e-01	1.629488e+01	1.525209e+03	2.488684e+01	8.976894e+01	0	1
630	3	4	9.682441e-01	6.557013e-02	8.594365e+00	8.257068e+02	1.459651e+01	7.731651e+01	1	1
631	3	1	9.173300e-01	-3.741718e-03	5.225476e-01	5.130379e+01	1.288536e+00	7.855254e+01	1	1
632	3	2	7.679192e-01	5.710324e-02	1.737880e+00	1.658646e+02	5.455909e+00	100	1	1
633	3	3	8.174173e-01	5.832310e-02	1.388720e+00	1.330305e+02	5.593325e+00	100	1	1
634	3	2	8.847962e-01	-1.196726e-01	9.131834e+00	8.613906e+02	1.410485e+01	8.340434e+01	1	1
635	3	4	8.672881e-01	1.408653e-01	4.158816e+00	4.069001e+02	1.387421e+01	100	1	1
636	3	1	6.501813e-01	4.725665e-02	3.416212e+00	3.282232e+02	4.543713e+00	100	1	1
637	3	4	1.051548e+00	-1.120892e-03	3.213380e+00	3.108014e+02	5.203864e+00	2.427838e+01	1	1
638	3	2	7.502507e-01	1.262492e-01	5.888890e+00	5.726374e+02	1.215547e+01	100	1	1
639	3	1	5.845279e-01	-3.500936e-02	1.489302e+00	1.425299e+02	3.351852e+00	100	1	1
640	3	3	7.344786e-01	-1.756037e-02	3.348504e+00	3.278362e+02	5.587110e+00	4.726623e+01	1	1
641	1	1	5.679302e-01	-8.710237e-02	5.670228e+00	6.189630e+02	9.532227e+00	100	1	1
642	1	4	5.170718e-01	-3.173094e-02	2.302457e+00	2.329844e+02	3.211914e+00	100	1	1
643	1	3	6.013730e-01	-1.296063e-01	7.835132e+00	7.847757e+02	1.305469e+01	100	1	1
644	1	2	5.338101e-01	-2.303682e-01	1.169224e+01	1.097849e+03	2.202148e+01	9.389697e+01	0	1
645	1	1	5.015785e-01	-1.378642e-01	7.184427e+00	6.833275e+02	1.319629e+01	100	1	1
646	1	3	5.843019e-01	-9.459484e-02	7.662911e+00	7.382511e+02	9.140625e+00	100	1	1
647	1	4	5.345372e-01	-4.023683e-02	1.946695e+00	1.894054e+02	3.916992e+00	100	1	1
648	1	2	4.502112e-01	-1.246346e-01	6.919191e+00	7.048588e+02	1.276270e+01	100	1	1
649	1	3	5.668485e-01	-8.523886e-02	6.753323e+00	6.571432e+02	8.314453e+00	100	1	1
650	1	1	5.180012e-01	-1.000375e-01	6.039146e+00	5.745858e+02	9.549805e+00	100	1	1
651	1	2	5.345552e-01	-1.077389e-01	5.534818e+00	5.331749e+02	1.041895e+01	100	1	1
652	1	4	5.512314e-01	-8.008314e-02	2.771560e+00	2.698346e+02	7.813477e+00	100	1	1
653	1	2	5.674340e-01	-1.287110e-01	5.999887e+00	5.796043e+02	1.250293e+01	100	1	1
654	1	1	4.504829e-01	-1.342545e-01	8.127733e+00	7.679438e+02	1.276172e+01	100	1	1
655	1	4	6.335179e-01	-8.402501e-02	3.492676e+00	3.564167e+02	8.594727e+00	100	1	1
656	1	3	5.676059e-01	-6.154679e-02	5.264519e+00	5.480292e+02	6.415039e+00	7.473006e+01	1	1
