Trial	Type	Target #	Time to Target	Endpoint Error	Est. Avg. Error Mag	Accum. Error x dMagProj	Max Error Mag.	Max Error Pos. (% of trajectory)	Feedback	Reached Target
1	3	3	1.200593e+00	2.615772e-01	7.644126e+00	7.123058e+02	2.494623e+01	100	0	1
2	3	1	8.669170e-01	7.772179e-01	4.366247e+01	2.972651e+03	6.697765e+01	100	0	1
3	3	2	9.843554e-01	1.939110e-01	8.940914e+00	8.360652e+02	1.983697e+01	8.936470e+01	0	1
4	3	4	7.299236e-01	5.084473e-01	3.084330e+01	2.601636e+03	4.701017e+01	100	0	1
5	3	1	7.334844e-01	6.639371e-01	5.693365e+01	4.723651e+03	6.340345e+01	7.802414e+01	0	1
6	3	4	5.688722e-01	9.909035e-01	6.606055e+01	3.804006e+03	8.791188e+01	100	0	1
7	3	2	-3.541556e+04	1.638936e-01	2.202784e+01	1.788780e+03	3.080334e+01	4.685454e+01	0	0
8	3	3	1.351436e+00	1.412303e-01	5.761118e+00	5.497143e+02	1.448740e+01	9.401650e+01	1	1
9	3	4	1.300737e+00	2.341024e-01	2.119383e+01	1.968240e+03	2.810266e+01	5.075174e+01	0	1
10	3	3	-3.541030e+04	1.601717e-01	1.434088e+01	1.264249e+03	1.743460e+01	8.579329e+01	0	0
11	3	1	1.200966e+00	1.535373e-01	1.763789e+01	1.665336e+03	2.369705e+01	6.215882e+01	0	1
12	3	2	1.383690e+00	1.829918e-01	1.655003e+01	1.547560e+03	2.012907e+01	7.720029e+01	0	1
13	3	3	-3.540505e+04	2.815286e-01	2.070597e+01	1.709690e+03	2.873036e+01	7.182163e+01	0	0
14	3	2	-3.540330e+04	0	0	0	0	0	1	0
15	3	1	-3.540155e+04	1.795946e-01	1.131420e+01	6.772250e+02	1.534781e+01	6.543533e+01	0	0
16	3	4	1.450741e+00	-1.771941e-01	3.802818e+01	3.828698e+03	5.537461e+01	4.951201e+01	0	1
17	1	3	1.067587e+00	-1.478915e-01	1.227692e+01	1.161584e+03	2.121484e+01	9.265941e+01	1	1
18	1	2	9.514262e-01	-4.706707e-02	8.518613e+00	8.164974e+02	1.389160e+01	6.259055e+01	1	1
19	1	4	7.510081e-01	-9.601818e-02	5.597202e+00	5.448745e+02	9.375977e+00	8.421512e+01	1	1
20	1	1	1.053235e+00	-2.081484e-02	4.983408e+00	4.778281e+02	8.507812e+00	4.811631e+01	1	1
21	1	2	9.169042e-01	-3.491558e-02	2.498501e+00	2.414811e+02	4.417969e+00	7.763262e+01	1	1
22	1	1	8.334511e-01	-1.049748e-01	6.043562e+00	5.776324e+02	1.406445e+01	8.682872e+01	1	1
23	1	4	8.995882e-01	-6.036535e-02	7.904176e+00	7.620737e+02	1.442187e+01	6.308038e+01	1	1
24	1	3	1.033296e+00	-8.226021e-02	1.097840e+01	1.086722e+03	1.337109e+01	5.315056e+01	1	1
25	1	4	5.505297e-01	-2.031459e-01	7.766273e+00	7.397678e+02	1.962109e+01	100	0	1
26	1	1	8.842908e-01	-1.055524e-02	4.422848e+00	4.218680e+02	1.278320e+01	8.854238e+01	1	1
27	1	3	8.166381e-01	-4.843734e-02	5.397143e+00	5.197227e+02	8.314453e+00	8.214833e+01	1	1
28	1	2	7.670856e-01	-2.430741e-02	1.608253e+00	1.551038e+02	3.039062e+00	8.199520e+01	1	1
29	1	1	9.682750e-01	-3.267517e-02	1.659675e+00	1.590193e+02	8.681641e+00	8.615168e+01	1	1
30	1	3	7.500058e-01	-5.633542e-02	3.612400e+00	3.447972e+02	6.859375e+00	7.535068e+01	1	1
31	1	4	6.669652e-01	3.640642e-02	2.908708e+00	2.912088e+02	4.688477e+00	9.323540e+01	1	1
32	1	2	7.835570e-01	-6.109406e-02	2.441633e+00	2.356724e+02	5.904297e+00	8.785702e+01	1	1
33	2	2	9.340298e-01	-2.551512e-02	1.607157e+00	1.531319e+02	3.212891e+00	8.542042e+01	1	1
34	2	4	9.505056e-01	-2.316775e-02	2.656817e+00	2.523795e+02	3.875977e+00	3.419551e+01	1	1
35	2	1	8.509224e-01	2.138988e-02	6.398974e+00	6.160450e+02	8.310547e+00	4.931885e+01	1	1
36	2	3	8.172695e-01	1.357378e-02	1.906215e+00	1.827993e+02	2.952148e+00	4.621886e+01	1	1
37	2	4	1.017258e+00	-6.075898e-02	2.827108e+00	2.703036e+02	5.816406e+00	9.182788e+01	1	1
38	2	2	6.840681e-01	3.598147e-02	1.082099e+00	1.043909e+02	3.472656e+00	100	1	1
39	2	3	8.508354e-01	6.578190e-02	2.402410e+00	2.279615e+02	6.250977e+00	100	1	1
40	2	1	6.676924e-01	-4.461145e-02	1.921367e+00	1.868304e+02	4.600586e+00	7.562467e+01	1	1
41	2	2	7.501725e-01	2.794467e-02	1.001305e+00	9.637758e+01	2.690430e+00	100	1	1
42	2	4	7.849334e-01	-3.740648e-02	1.226144e+00	1.194401e+02	3.645508e+00	100	1	1
43	2	1	7.503410e-01	9.043243e-04	3.359436e+00	3.228733e+02	4.601563e+00	6.901520e+01	1	1
44	2	3	7.835717e-01	3.525712e-02	1.480202e+00	1.420850e+02	3.385742e+00	100	1	1
45	2	4	7.841436e-01	-3.406809e-02	1.252861e+00	1.212681e+02	3.298828e+00	9.327253e+01	1	1
46	2	2	8.508335e-01	5.393156e-03	1.807449e+00	1.744400e+02	3.645508e+00	6.428745e+01	1	1
47	2	3	8.512672e-01	6.363240e-02	2.659258e+00	2.540344e+02	6.086914e+00	100	1	1
48	2	1	7.343091e-01	1.081198e-02	6.382651e-01	6.150968e+01	1.041992e+00	100	1	1
49	1	1	7.009155e-01	3.677689e-02	4.169273e+00	4.005882e+02	4.750000e+00	8.400602e+01	1	1
50	1	4	6.505965e-01	-4.037201e-02	7.723371e-01	7.634975e+01	3.993164e+00	100	1	1
51	1	2	6.678251e-01	-3.245870e-02	1.856749e+00	1.787538e+02	4.167969e+00	8.232454e+01	1	1
52	1	3	6.497319e-01	2.274080e-02	2.667828e+00	2.545197e+02	4.513672e+00	8.061683e+01	1	1
53	1	2	8.178104e-01	-1.063949e-02	2.823710e+00	2.765333e+02	4.341797e+00	5.753617e+01	1	1
54	1	1	7.337436e-01	-7.743381e-02	6.523229e+00	6.203756e+02	8.942383e+00	8.384145e+01	1	1
55	1	3	5.513315e-01	-5.258714e-02	3.170339e+00	3.183930e+02	5.286133e+00	8.677350e+01	1	1
56	1	4	7.677453e-01	4.017551e-02	7.384789e-01	7.038194e+01	3.831055e+00	100	1	1
57	1	2	7.169750e-01	-1.091506e-02	2.280661e-01	2.177118e+01	1.041992e+00	9.727164e+01	1	1
58	1	4	7.004008e-01	7.324770e-02	5.157336e+00	4.943186e+02	7.033203e+00	100	1	1
59	1	3	8.839423e-01	8.182455e-02	5.445435e+00	5.194754e+02	9.386719e+00	9.699650e+01	1	1
60	1	1	6.341618e-01	-1.083467e-02	6.402889e-01	6.151776e+01	1.041016e+00	7.442674e+01	1	1
61	1	2	6.168364e-01	-5.368070e-03	1.465886e+00	1.394696e+02	2.594727e+00	5.802498e+01	1	1
62	1	3	7.007110e-01	-5.390191e-02	3.690993e+00	3.511345e+02	5.718750e+00	3.392667e+01	1	1
63	1	1	9.181141e-01	-2.155858e-04	2.247047e+00	2.137526e+02	3.232422e+00	6.823907e+01	1	1
64	1	4	6.351062e-01	-7.135896e-02	5.914541e+00	5.818719e+02	9.115234e+00	7.749576e+01	1	1
65	2	2	7.502839e-01	-4.423672e-02	4.884306e+00	6.068750e+02	5.500000e+00	100	1	1
66	2	4	8.340126e-01	-6.089076e-02	2.684591e+00	2.594746e+02	5.892578e+00	9.353258e+01	1	1
67	2	1	9.005562e-01	2.369332e-02	2.115417e+00	2.015472e+02	3.299805e+00	8.952154e+01	1	1
68	2	3	7.345182e-01	-2.509351e-02	1.881999e+00	1.823334e+02	2.952148e+00	7.526712e+01	1	1
69	2	4	7.839650e-01	-2.781071e-02	3.014016e+00	2.915031e+02	5.469727e+00	4.281834e+01	1	1
70	2	2	6.175157e-01	-2.245916e-02	1.468101e+00	1.418825e+02	2.170898e+00	100	1	1
71	2	3	7.503799e-01	-1.420773e-02	1.739952e+00	1.701721e+02	1.910156e+00	2.401298e+01	1	1
72	2	1	7.843161e-01	-4.642392e-02	3.757941e+00	3.581604e+02	7.465820e+00	7.704391e+01	1	1
73	2	2	7.505093e-01	3.865790e-02	1.824075e+00	1.760268e+02	3.732422e+00	100	1	1
74	2	4	6.347672e-01	5.577386e-02	1.638518e+00	1.554496e+02	5.296875e+00	100	1	1
75	2	1	7.845179e-01	1.887618e-02	7.091286e-01	6.848631e+01	2.083984e+00	9.703325e+01	1	1
76	2	3	7.674750e-01	-1.622767e-02	7.047106e-01	6.789034e+01	1.563477e+00	9.648454e+01	1	1
77	2	4	8.517391e-01	9.533008e-03	1.142926e+00	1.120436e+02	1.997070e+00	2.957912e+01	1	1
78	2	2	7.499126e-01	1.086061e-02	1.351674e+00	1.295561e+02	2.430664e+00	8.541707e+01	1	1
79	2	3	7.339625e-01	-1.864728e-02	7.987648e-01	7.767208e+01	1.813477e+00	7.589331e+01	1	1
80	2	1	6.504243e-01	1.091740e-02	6.337655e-01	6.048624e+01	1.041992e+00	100	1	1
81	3	1	-3.522354e+04	1.453687e-01	2.590067e+01	2.409238e+03	3.522828e+01	3.664155e+01	1	0
82	3	2	-3.522179e+04	2.511381e-01	1.570614e+01	1.415972e+03	2.559257e+01	7.469228e+01	0	0
83	3	3	1.384164e+00	1.693688e-01	1.728441e+01	1.625599e+03	2.345053e+01	5.430877e+01	0	1
84	3	4	1.250978e+00	2.409364e-01	1.923675e+01	1.787950e+03	2.332831e+01	3.315725e+01	0	1
85	3	2	9.181716e-01	5.106845e-01	3.300706e+01	2.801699e+03	4.823104e+01	8.994647e+01	0	1
86	3	4	-3.521479e+04	1.211670e-01	1.035986e+01	8.775179e+02	1.645266e+01	2.927998e+01	1	0
87	3	3	1.334810e+00	6.706136e-02	1.553372e+01	1.481005e+03	3.028406e+01	4.520493e+01	1	1
88	3	1	1.418435e+00	1.039064e-01	1.708822e+01	1.634972e+03	3.140272e+01	4.860527e+01	1	1
89	3	4	1.267166e+00	5.733807e-02	9.065896e+00	8.703207e+02	1.662253e+01	5.427630e+01	1	1
90	3	1	1.218036e+00	9.032742e-02	1.768026e+01	1.701909e+03	2.909979e+01	5.369943e+01	1	1
91	3	3	9.970785e-01	2.798262e-01	2.687855e+01	2.500737e+03	4.239050e+01	7.116541e+01	0	1
92	3	2	-3.520431e+04	6.424907e-02	1.295811e+01	1.186900e+03	2.068840e+01	4.738699e+01	1	0
93	3	1	1.001531e+00	-2.916640e-02	1.293450e+01	1.231013e+03	2.227041e+01	5.200871e+01	1	1
94	3	4	1.301085e+00	9.872267e-02	9.801766e+00	9.295251e+02	1.921549e+01	4.770993e+01	1	1
95	3	3	1.083969e+00	4.396904e-02	1.669657e+01	1.593268e+03	2.746530e+01	4.924090e+01	1	1
96	3	2	1.050705e+00	1.473330e-01	1.889096e+01	1.824857e+03	2.679824e+01	4.528240e+01	1	1
97	2	2	8.669029e-01	-1.002070e-01	6.222395e+00	5.933697e+02	9.587891e+00	9.563027e+01	1	1
98	2	4	5.503397e-01	-1.860360e-01	8.430602e+00	8.011131e+02	1.788477e+01	100	0	1
99	2	1	7.678867e-01	-3.557844e-02	2.103599e+00	2.052365e+02	4.253906e+00	8.896563e+01	1	1
100	2	3	8.177444e-01	-1.408099e-01	7.599463e+00	7.168580e+02	1.363086e+01	8.343375e+01	1	1
101	2	4	8.847421e-01	-1.233515e-01	8.411596e+00	8.010320e+02	1.606152e+01	7.638722e+01	1	1
102	2	2	8.337538e-01	-2.688680e-03	1.710417e+00	1.658720e+02	2.083984e+00	3.357233e+01	1	1
103	2	3	8.842258e-01	-4.560703e-03	3.041544e+00	2.898140e+02	4.601562e+00	6.200549e+01	1	1
104	2	1	8.331386e-01	-5.334010e-02	9.458915e+00	9.074462e+02	1.362988e+01	7.194568e+01	1	1
105	2	2	8.668215e-01	-4.120844e-02	3.054915e+00	2.944115e+02	5.796875e+00	6.369495e+01	1	1
106	2	4	6.837974e-01	-5.516519e-02	1.456585e+00	1.396914e+02	5.295898e+00	100	1	1
107	2	1	7.337971e-01	-4.877105e-02	5.007974e+00	4.877542e+02	1.041797e+01	7.807145e+01	1	1
108	2	3	8.335052e-01	-1.967691e-02	3.467617e+00	3.365790e+02	4.254883e+00	7.540269e+01	1	1
109	2	4	9.670776e-01	5.781581e-03	7.341183e-01	7.018286e+01	1.073242e+00	9.427862e+01	1	1
110	2	2	8.847477e-01	1.082136e-02	2.065594e+00	1.987025e+02	2.865234e+00	2.536115e+01	1	1
111	2	3	8.339645e-01	7.303564e-03	2.470841e+00	2.348940e+02	4.514648e+00	7.159777e+01	1	1
112	2	1	6.677095e-01	1.848414e-02	2.695940e+00	2.658924e+02	3.646484e+00	7.816900e+01	1	1
113	1	3	1.017761e+00	-3.162793e-02	2.835625e+00	2.717659e+02	5.115234e+00	7.898410e+01	1	1
114	1	2	9.337497e-01	-1.518169e-02	3.601126e+00	3.502166e+02	5.904297e+00	5.991605e+01	1	1
115	1	4	7.677335e-01	-5.324435e-02	1.682302e+00	1.616834e+02	5.122070e+00	9.783163e+01	1	1
116	1	1	7.508413e-01	4.651856e-02	1.735921e+00	1.683504e+02	4.514648e+00	100	1	1
117	1	2	7.174591e-01	6.567608e-02	6.189713e+00	5.963704e+02	7.900391e+00	8.242872e+01	1	1
118	1	4	8.351063e-01	-4.546832e-02	2.399965e+00	2.289647e+02	4.340820e+00	100	1	1
119	1	1	8.009424e-01	-3.276978e-02	1.893974e+00	1.805490e+02	3.125000e+00	7.094739e+01	1	1
120	1	3	8.167716e-01	2.277646e-02	1.746990e+00	1.664076e+02	2.952148e+00	6.891942e+01	1	1
121	1	1	8.173652e-01	-3.407909e-02	2.126262e+00	2.057408e+02	3.993164e+00	6.312321e+01	1	1
122	1	3	6.342873e-01	-1.790869e-03	4.576807e+00	4.442408e+02	6.511719e+00	4.400712e+01	1	1
123	1	4	9.172313e-01	3.419281e-02	1.532513e+00	1.483200e+02	3.310547e+00	100	1	1
124	1	2	7.668772e-01	2.781142e-02	2.075612e+00	2.000108e+02	2.680664e+00	100	1	1
125	1	1	8.516321e-01	-5.652897e-02	5.534355e+00	5.410913e+02	6.327148e+00	7.318311e+01	1	1
126	1	3	6.006418e-01	-8.333756e-02	6.732877e+00	6.430161e+02	8.845703e+00	7.554603e+01	1	1
127	1	2	6.499873e-01	-4.719479e-02	7.731081e-01	7.390053e+01	4.514648e+00	100	1	1
128	1	4	5.679553e-01	-9.743675e-03	8.445099e-01	8.269187e+01	9.541016e-01	3.137224e+01	1	1
129	3	1	1.467652e+00	2.348235e-02	1.818005e+01	1.727548e+03	2.887537e+01	5.490589e+01	1	1
130	3	2	-3.510031e+04	1.286234e-02	2.792845e+01	2.458656e+03	3.855320e+01	6.750414e+01	1	0
131	3	4	1.117232e+00	1.456147e-01	2.377796e+01	2.311519e+03	4.177454e+01	6.021353e+01	1	1
132	3	3	9.169490e-01	1.414700e-01	2.381565e+01	2.296945e+03	3.528421e+01	6.225460e+01	1	1
133	3	4	1.250498e+00	8.835103e-02	1.670332e+01	1.585827e+03	2.645919e+01	5.024184e+01	1	1
134	3	3	1.151159e+00	1.810630e-02	9.237522e+00	8.926269e+02	1.869414e+01	4.371141e+01	1	1
135	3	2	1.234749e+00	5.046290e-02	2.718209e+01	2.594073e+03	4.343528e+01	5.670757e+01	1	1
136	3	1	1.062818e+00	-3.532061e-02	1.728275e+01	1.649885e+03	3.057546e+01	6.546688e+01	1	1
137	3	2	9.830275e-01	3.409375e-01	2.665536e+01	2.389155e+03	3.898340e+01	7.883513e+01	0	1
138	3	4	1.066921e+00	3.844650e-02	1.191793e+01	1.132231e+03	1.967677e+01	5.883717e+01	1	1
139	3	1	1.167694e+00	1.052471e-01	1.918339e+01	1.814517e+03	2.945335e+01	4.970068e+01	1	1
140	3	3	1.008180e+00	3.677152e-02	1.842098e+01	1.775196e+03	3.307381e+01	6.286079e+01	1	1
141	3	2	1.283504e+00	-2.370195e-02	2.338975e+01	2.255820e+03	3.780121e+01	5.703423e+01	1	1
142	3	1	9.680054e-01	9.741629e-02	1.228206e+01	1.191046e+03	2.566162e+01	6.507826e+01	1	1
143	3	3	8.680468e-01	8.217821e-02	1.834196e+01	1.744922e+03	3.024263e+01	7.063811e+01	1	1
144	3	4	9.509183e-01	6.853235e-02	1.317443e+01	1.252219e+03	2.113586e+01	6.899728e+01	1	1
145	1	4	8.849435e-01	-3.713896e-01	2.073016e+01	1.865876e+03	3.505469e+01	100	0	1
146	1	3	1.050735e+00	-1.077333e-02	7.333568e+00	7.092721e+02	1.163379e+01	5.161606e+01	1	1
147	1	2	8.010965e-01	-1.086494e-01	5.903624e+00	5.591955e+02	1.371777e+01	8.469287e+01	1	1
148	1	1	9.176968e-01	-5.542088e-02	6.350485e+00	6.062170e+02	1.111230e+01	8.162883e+01	1	1
149	1	4	5.841941e-01	-2.350448e-01	1.472548e+01	1.375006e+03	2.219434e+01	100	0	1
150	1	3	8.335768e-01	-2.100402e-02	6.745600e+00	6.412799e+02	9.029297e+00	3.808193e+01	1	1
151	1	1	8.840386e-01	-3.247253e-02	3.395234e+00	3.357104e+02	5.816406e+00	6.312198e+01	1	1
152	1	2	8.168999e-01	3.417332e-02	1.666155e+00	1.585857e+02	3.253906e+00	9.753758e+01	1	1
153	1	3	7.177884e-01	2.317655e-02	3.588533e+00	3.493738e+02	5.036133e+00	3.918251e+01	1	1
154	1	4	8.015204e-01	-7.116449e-02	8.185166e+00	7.826825e+02	1.254687e+01	6.213834e+01	1	1
155	1	1	8.349082e-01	-1.916521e-02	7.114394e-01	6.763676e+01	1.822266e+00	100	1	1
156	1	2	7.675591e-01	-9.067597e-03	2.192878e+00	2.101844e+02	4.166992e+00	4.347879e+01	1	1
157	1	3	7.340872e-01	3.224917e-02	2.634600e+00	2.532149e+02	3.237305e+00	2.303745e+01	1	1
158	1	2	8.351418e-01	-5.953677e-02	5.508649e+00	5.305786e+02	9.126953e+00	6.619858e+01	1	1
159	1	4	8.832538e-01	-2.557931e-02	3.355039e+00	3.187418e+02	7.900391e+00	6.755787e+01	1	1
160	1	1	5.682371e-01	-1.585996e-02	3.514233e+00	3.648933e+02	4.656250e+00	6.379497e+01	1	1
161	3	2	1.084795e+00	3.713955e-01	3.620645e+01	3.239381e+03	5.031645e+01	7.063273e+01	0	1
162	3	1	1.012872e+00	8.805200e-02	1.663623e+01	1.585109e+03	2.492551e+01	6.282314e+01	1	1
163	3	4	1.099760e+00	9.567079e-02	1.631481e+01	1.548829e+03	2.593093e+01	5.913049e+01	1	1
164	3	3	9.005675e-01	9.470469e-02	1.317066e+01	1.259728e+03	1.872383e+01	5.577680e+01	1	1
165	3	1	8.508629e-01	1.803522e-01	2.406774e+01	2.255129e+03	3.132676e+01	5.610247e+01	0	1
166	3	3	9.179582e-01	8.140505e-02	1.915896e+01	1.849277e+03	2.794867e+01	6.431965e+01	1	1
167	3	4	1.034711e+00	7.645210e-02	1.460567e+01	1.418162e+03	1.885641e+01	5.106357e+01	1	1
168	3	2	1.034507e+00	5.805676e-02	1.837841e+01	1.783696e+03	2.774082e+01	5.325331e+01	1	1
169	3	4	9.466318e-01	1.721409e-01	1.435042e+01	1.356168e+03	1.962290e+01	6.635076e+01	0	1
170	3	1	1.001053e+00	1.194004e-01	2.034444e+01	1.944316e+03	3.006723e+01	5.034538e+01	1	1
171	3	2	7.962523e-01	4.540642e-01	2.622613e+01	2.295936e+03	4.291185e+01	9.558122e+01	0	1
172	3	3	9.500549e-01	1.307323e-01	1.666379e+01	1.605848e+03	2.593024e+01	6.215972e+01	1	1
173	3	1	1.184677e+00	1.022808e-01	5.027888e+00	4.861219e+02	9.923664e+00	100	1	1
174	3	2	-3.499829e+04	7.118587e-02	2.066003e+01	1.903601e+03	3.155533e+01	5.623464e+01	1	0
175	3	3	9.669644e-01	-3.010502e-02	1.386907e+01	1.362720e+03	2.342084e+01	4.695411e+01	1	1
176	3	4	1.301235e+00	4.727113e-02	8.350051e+00	8.113964e+02	1.675926e+01	8.206593e+01	1	1
177	2	2	8.844075e-01	-2.282075e-01	1.104239e+01	1.022813e+03	2.151270e+01	100	0	1
178	2	4	8.333278e-01	-3.122307e-01	1.745611e+01	1.581653e+03	3.107031e+01	8.648984e+01	0	1
179	2	1	9.175349e-01	1.910622e-02	4.184436e+00	3.992581e+02	9.549805e+00	5.004555e+01	1	1
180	2	3	8.011643e-01	-9.184170e-02	8.910815e+00	8.463795e+02	1.161328e+01	7.120693e+01	1	1
181	2	4	1.001212e+00	-6.619244e-02	1.146245e+01	1.105376e+03	2.045703e+01	5.867705e+01	1	1
182	2	2	9.009833e-01	-3.714528e-02	2.706471e+00	2.593085e+02	6.946289e+00	7.861482e+01	1	1
183	2	3	8.010208e-01	-4.892279e-02	5.481513e+00	5.334251e+02	8.238281e+00	6.939859e+01	1	1
184	2	1	9.012521e-01	-6.759197e-02	7.140206e+00	6.775595e+02	1.250195e+01	7.776806e+01	1	1
185	2	2	1.100109e+00	1.195473e-02	1.755650e+00	1.672154e+02	4.157227e+00	5.861581e+01	1	1
186	2	4	9.003454e-01	-2.736386e-02	6.617773e+00	6.297225e+02	1.215430e+01	7.153428e+01	1	1
187	2	1	8.501586e-01	-1.063811e-02	1.869269e+00	1.811986e+02	3.027344e+00	7.483327e+01	1	1
188	2	3	8.678734e-01	-2.340341e-02	1.814377e+00	1.750077e+02	2.257812e+00	100	1	1
189	2	4	1.066466e+00	-4.825565e-02	3.557985e+00	3.453504e+02	6.684570e+00	6.860443e+01	1	1
190	2	2	7.166359e-01	5.795054e-02	2.388581e+00	2.287347e+02	5.555664e+00	9.510504e+01	1	1
191	2	3	7.500402e-01	-5.424018e-02	6.693088e+00	6.413011e+02	9.629883e+00	6.158080e+01	1	1
192	2	1	8.175039e-01	-7.258174e-02	7.891232e+00	7.632146e+02	1.119922e+01	8.285507e+01	1	1
193	3	3	1.267700e+00	1.564904e-01	1.484284e+01	1.407367e+03	1.987219e+01	4.885115e+01	0	1
194	3	2	1.000484e+00	3.003304e-01	2.338387e+01	2.146146e+03	3.155533e+01	7.852908e+01	0	1
195	3	1	1.101106e+00	1.265908e-01	1.512724e+01	1.447484e+03	2.063523e+01	4.448654e+01	1	1
196	3	4	9.959011e-01	1.123571e-03	1.433641e+01	1.383325e+03	2.546275e+01	5.158266e+01	1	1
197	3	2	8.161731e-01	3.554327e-01	2.778156e+01	2.522480e+03	3.707960e+01	7.802613e+01	0	1
198	3	1	1.218366e+00	2.944997e-02	1.547990e+01	1.480481e+03	2.534743e+01	5.076606e+01	1	1
199	3	3	1.196184e+00	1.161134e-01	8.839010e+00	8.351300e+02	1.623860e+01	3.820793e+01	1	1
200	3	4	1.284548e+00	6.418127e-02	1.191056e+01	1.140479e+03	1.768112e+01	3.962110e+01	1	1
201	3	2	9.663265e-01	1.468873e-01	1.357362e+01	1.287050e+03	1.660665e+01	5.208864e+01	1	1
202	3	3	1.134315e+00	-1.420596e-02	8.854263e+00	8.512636e+02	1.748087e+01	5.153489e+01	1	1
203	3	1	1.167625e+00	1.188088e-01	1.084497e+01	1.035389e+03	1.612466e+01	4.720812e+01	1	1
204	3	4	9.679630e-01	-6.004287e-03	9.803361e+00	9.380300e+02	1.655348e+01	6.644487e+01	1	1
205	3	3	1.117950e+00	1.010243e-01	7.245927e+00	6.916770e+02	1.243928e+01	3.433668e+01	1	1
206	3	1	8.509222e-01	3.123893e-02	1.835088e+01	1.758303e+03	2.748878e+01	6.661910e+01	1	1
207	3	4	1.079977e+00	6.891782e-02	1.729580e+01	1.644072e+03	2.933734e+01	6.777256e+01	1	1
208	3	2	9.674137e-01	7.645903e-02	1.343950e+01	1.288457e+03	2.035970e+01	5.466306e+01	1	1
209	2	2	1.067850e+00	-2.577784e-02	3.988844e+00	3.819279e+02	6.896484e+00	6.164493e+01	1	1
210	2	4	8.514084e-01	-1.368910e-01	6.383581e+00	6.034729e+02	1.302246e+01	9.228544e+01	1	1
211	2	1	8.834108e-01	9.052441e-04	3.716349e+00	3.568130e+02	9.375977e+00	7.089385e+01	1	1
212	2	3	9.017625e-01	-1.184962e-01	1.558592e+01	1.477649e+03	2.266016e+01	6.978019e+01	1	1
213	2	4	1.016983e+00	-4.864343e-02	5.779216e+00	5.553127e+02	8.063477e+00	4.705267e+01	1	1
214	2	2	7.343900e-01	4.493186e-02	4.932783e+00	4.762304e+02	7.291992e+00	5.746452e+01	1	1
215	2	3	9.341601e-01	-4.042193e-02	5.965528e+00	5.763201e+02	9.463867e+00	7.088358e+01	1	1
216	2	1	9.515933e-01	-6.066385e-02	5.895926e+00	5.709548e+02	7.619141e+00	5.095953e+01	1	1
217	2	2	9.838706e-01	-7.166388e-03	4.354458e+00	4.224802e+02	6.685547e+00	4.317823e+01	1	1
218	2	4	7.847415e-01	-7.083173e-02	3.637966e+00	3.561192e+02	6.945312e+00	8.430152e+01	1	1
219	2	1	1.001348e+00	1.089288e-02	9.086843e-01	8.691956e+01	1.388672e+00	4.245636e+01	1	1
220	2	3	6.499516e-01	-7.891560e-02	5.987220e+00	5.784800e+02	9.463867e+00	7.708666e+01	1	1
221	2	4	9.336941e-01	-1.603456e-02	4.822508e+00	4.634317e+02	8.660156e+00	6.160420e+01	1	1
222	2	2	8.842015e-01	2.771088e-02	9.263240e-01	8.991313e+01	2.690430e+00	100	1	1
223	2	3	9.014442e-01	3.005641e-02	3.718955e+00	3.594893e+02	5.949219e+00	2.230967e+01	1	1
224	2	1	6.669349e-01	-4.540010e-02	2.308052e+00	2.249426e+02	5.122070e+00	8.476738e+01	1	1
225	1	1	7.510821e-01	-5.269198e-02	2.565150e+00	2.450370e+02	5.038086e+00	100	1	1
226	1	2	8.504639e-01	-3.084849e-02	2.645703e+00	2.531090e+02	3.560547e+00	7.413642e+01	1	1
227	1	4	7.510518e-01	-8.491601e-02	5.259581e+00	5.036100e+02	9.712891e+00	7.352344e+01	1	1
228	1	3	9.349379e-01	-2.432859e-02	3.447851e+00	3.322294e+02	4.949219e+00	4.873266e+01	1	1
229	1	1	7.000461e-01	-2.978266e-02	5.047030e+00	4.852394e+02	6.858398e+00	6.216392e+01	1	1
230	1	4	8.346226e-01	-6.179667e-02	5.625354e+00	5.524988e+02	9.723633e+00	7.268551e+01	1	1
231	1	3	8.670447e-01	2.992758e-02	2.233805e+00	2.137254e+02	3.907227e+00	5.045522e+01	1	1
232	1	2	8.006574e-01	-1.786457e-02	5.359064e+00	5.211061e+02	7.292969e+00	3.696421e+01	1	1
233	1	1	7.002251e-01	-5.479176e-03	1.913674e+00	1.855442e+02	2.354492e+00	2.057431e+01	1	1
234	1	3	7.183905e-01	-1.345681e-02	9.218092e+00	8.923365e+02	1.484668e+01	4.573977e+01	1	1
235	1	4	8.012353e-01	-4.870627e-02	2.561397e+00	2.463143e+02	4.687500e+00	9.187485e+01	1	1
236	1	2	7.180758e-01	-2.296916e-02	2.601774e+00	2.557030e+02	4.687500e+00	4.770318e+01	1	1
237	1	1	8.842317e-01	3.646927e-03	2.693593e+00	2.567752e+02	5.295898e+00	2.504610e+01	1	1
238	1	2	7.836025e-01	-1.619086e-02	2.675408e+00	2.565544e+02	3.896484e+00	6.387596e+01	1	1
239	1	4	6.182352e-01	-1.549719e-01	8.552394e+00	8.311608e+02	1.518262e+01	9.624788e+01	0	1
240	1	3	7.179448e-01	5.456589e-03	2.408062e+00	2.344450e+02	3.983398e+00	2.848187e+01	1	1
