Trial	Type	Target #	Time to Target	Endpoint Error	Est. Avg. Error Mag	Accum. Error x dMagProj	Max Error Mag.	Max Error Pos. (% of trajectory)	Feedback	Reached Target
1	1	3	8.177410e-01	-1.320951e-01	8.941122e+00	8.497035e+02	1.262695e+01	100	1	1
2	1	4	5.178139e-01	-1.020527e-01	5.346244e+00	5.161370e+02	9.886719e+00	9.352512e+01	1	1
3	1	1	5.164755e-01	-1.489109e-01	7.543432e+00	7.726493e+02	1.536621e+01	100	0	1
4	1	2	5.834385e-01	-1.052538e-01	4.892397e+00	4.744526e+02	1.024512e+01	9.597100e+01	1	1
5	1	3	6.678794e-01	-4.918819e-02	2.706481e+00	2.577659e+02	4.688477e+00	100	1	1
6	1	1	-1.749792e+05	-1.548983e-02	1.700794e+00	1.608280e+02	2.333984e+00	5.888981e+01	1	0
7	1	4	7.997395e-01	-5.722645e-02	1.445136e+00	1.379512e+02	5.729492e+00	8.854015e+01	1	1
8	1	2	5.515540e-01	-4.096420e-02	3.778637e+00	3.602104e+02	4.167969e+00	3.606581e+01	1	1
9	1	3	8.007057e-01	-2.722888e-02	1.526445e+00	1.460260e+02	2.865234e+00	8.730502e+01	1	1
10	1	4	7.343990e-01	-3.235285e-02	2.150805e+00	2.063135e+02	3.104492e+00	6.388634e+01	1	1
11	1	1	6.335551e-01	-4.567046e-02	1.948872e+00	1.851048e+02	4.340820e+00	100	1	1
12	1	2	5.843453e-01	-2.900471e-02	1.881038e+00	1.801314e+02	2.778320e+00	7.597491e+01	1	1
13	1	1	1.434527e+00	-2.545169e-02	1.179479e+00	1.126172e+02	2.777344e+00	7.992677e+01	1	1
14	1	3	6.009123e-01	-5.295486e-02	4.371638e+00	4.297013e+02	5.730469e+00	6.537575e+01	1	1
15	1	2	7.013844e-01	-4.681275e-02	4.159898e+00	4.008898e+02	5.556641e+00	7.810768e+01	1	1
16	1	4	5.178959e-01	-2.640059e-02	6.787201e-01	6.694209e+01	2.604492e+00	9.471766e+01	1	1
17	2	2	6.177801e-01	-6.843912e-02	3.971446e+00	4.027954e+02	6.952148e+00	100	1	1
18	2	4	5.016327e-01	-7.107542e-02	1.488190e+00	1.415437e+02	6.771484e+00	100	1	1
19	2	1	4.169314e-01	-1.571117e-02	6.164311e-01	6.129998e+01	1.562500e+00	100	1	1
20	2	3	4.668505e-01	-1.511934e-01	1.042807e+01	9.804936e+02	1.432520e+01	9.002815e+01	0	1
21	2	4	5.836715e-01	-1.649109e-01	4.702043e+00	4.415191e+02	1.562695e+01	100	0	1
22	2	2	6.840332e-01	-8.480536e-02	5.086928e+00	4.831588e+02	8.334961e+00	9.506477e+01	1	1
23	2	3	6.341873e-01	-1.514716e-01	8.489568e+00	8.010289e+02	1.440234e+01	100	0	1
24	2	1	9.003128e-01	-5.344055e-02	2.190943e+00	2.097935e+02	5.642578e+00	8.939145e+01	1	1
25	2	2	7.674574e-01	5.460732e-03	9.826144e-01	9.366024e+01	1.302734e+00	2.840838e+01	1	1
26	2	4	5.173488e-01	-1.692992e-02	1.062275e+00	1.028094e+02	1.638672e+00	7.012764e+01	1	1
27	2	1	1.201401e+00	-4.324055e-02	3.490112e+00	3.361244e+02	4.948242e+00	8.573094e+01	1	1
28	2	3	6.680483e-01	-1.531190e-02	1.934516e+00	1.865353e+02	2.431641e+00	3.616200e+01	1	1
29	2	4	6.333941e-01	-1.911652e-02	3.880332e-01	3.698441e+01	1.822266e+00	9.890676e+01	1	1
30	2	2	5.672636e-01	-5.089156e-02	9.006766e-01	8.597855e+01	4.862305e+00	9.809005e+01	1	1
31	2	3	7.667201e-01	3.638733e-03	4.733606e-01	4.509916e+01	5.205078e-01	9.872490e+01	1	1
32	2	1	4.839792e-01	-1.324794e-01	6.692982e+00	6.409576e+02	1.276172e+01	9.537649e+01	1	1
33	2	2	1.283224e+00	-4.875156e-02	5.078200e+00	4.970338e+02	7.120117e+00	8.986381e+01	1	1
34	2	4	6.181369e-01	5.480803e-03	2.237039e+00	2.128464e+02	5.208984e+00	5.866468e+01	1	1
35	2	1	1.033751e+00	-3.739212e-02	2.044625e+00	2.010582e+02	3.819336e+00	9.584984e+01	1	1
36	2	3	6.340241e-01	-2.046421e-02	1.537615e+00	1.492988e+02	1.987305e+00	7.389166e+01	1	1
37	2	4	6.512706e-01	-5.284400e-02	2.137643e+00	2.070049e+02	5.122070e+00	100	1	1
38	2	2	6.674344e-01	8.106589e-03	2.251384e+00	2.169661e+02	3.472656e+00	7.090076e+01	1	1
39	2	3	7.347085e-01	-1.077442e-02	1.385145e+00	1.339519e+02	1.823242e+00	4.496652e+01	1	1
40	2	1	6.675913e-01	-2.808365e-02	1.870848e+00	1.791812e+02	3.732422e+00	7.634133e+01	1	1
41	2	2	6.846609e-01	1.089012e-02	2.474068e-01	2.364934e+01	1.041016e+00	100	1	1
42	2	4	7.177944e-01	-5.580616e-02	1.031549e+00	9.937721e+01	5.381836e+00	100	1	1
43	2	1	9.339800e-01	3.644015e-03	7.244923e-01	6.911968e+01	8.691406e-01	5.094990e+01	1	1
44	2	3	6.343120e-01	-6.838971e-02	4.604475e+00	4.377308e+02	6.511719e+00	7.890455e+01	1	1
45	2	4	5.515055e-01	-6.214079e-03	3.774834e-01	3.689826e+01	6.074219e-01	100	1	1
46	2	2	5.009526e-01	-7.945290e-02	5.959720e+00	6.238849e+02	8.334961e+00	7.636386e+01	1	1
47	2	3	5.672361e-01	2.469537e-02	1.294058e+00	1.364499e+02	2.604492e+00	100	1	1
48	2	1	4.516956e-01	-6.384430e-02	2.480917e+00	2.526562e+02	6.510742e+00	100	1	1
49	2	2	5.018430e-01	-5.417825e-02	4.458650e+00	4.354847e+02	5.296875e+00	5.866661e+01	1	1
50	2	4	4.679012e-01	2.484771e-02	2.405821e+00	2.773625e+02	2.865234e+00	100	1	1
51	2	1	5.009857e-01	-2.342942e-02	1.999156e+00	2.008645e+02	2.855469e+00	3.908112e+01	1	1
52	2	3	4.175274e-01	-5.095721e-02	3.981820e+00	3.999707e+02	5.123047e+00	6.992222e+01	1	1
53	2	4	5.005430e-01	1.783205e-02	1.419667e+00	1.451388e+02	1.823242e+00	100	1	1
54	2	2	4.172227e-01	-1.023736e-01	8.104186e+00	8.615842e+02	1.092187e+01	8.162587e+01	1	1
55	2	3	5.681741e-01	-1.348593e-01	1.016576e+01	9.684378e+02	1.292578e+01	8.468903e+01	1	1
56	2	1	4.500730e-01	-2.550458e-02	1.343497e+00	1.382464e+02	2.625000e+00	100	1	1
57	2	2	4.837607e-01	2.422792e-03	2.469503e-01	2.573950e+01	2.500000e-01	100	1	1
58	2	4	3.845650e-01	6.375346e-02	5.189189e+00	5.081858e+02	6.251953e+00	100	1	1
59	2	1	5.179681e-01	9.197258e-02	8.588891e+00	9.216702e+02	9.897461e+00	100	1	1
60	2	3	4.837869e-01	-8.432698e-02	6.888607e+00	6.783865e+02	8.324219e+00	6.464802e+01	1	1
61	2	4	4.336557e-01	1.353504e-02	3.991234e-01	3.841290e+01	1.302734e+00	100	1	1
62	2	2	4.516045e-01	1.224647e-16	6.898283e-15	6.860288e-13	1.217902e-14	100	1	1
63	2	3	4.507291e-01	-5.347415e-02	4.577167e+00	4.659860e+02	5.449219e+00	6.725276e+01	1	1
64	2	1	4.020087e-01	-5.352336e-02	1.708773e+00	1.827436e+02	5.729492e+00	100	1	1
65	1	2	8.167149e-01	-2.385849e-02	2.037414e+00	1.939383e+02	2.271484e+00	4.308578e+01	1	1
66	1	3	9.018104e-01	2.984963e-02	1.027450e+00	9.856094e+01	4.427734e+00	9.348366e+01	1	1
67	1	4	5.013418e-01	-1.068580e-01	4.833275e+00	4.576696e+02	1.015723e+01	100	1	1
68	1	1	3.839280e-01	3.512837e-02	3.340470e+00	3.219215e+02	3.646484e+00	7.486497e+01	1	1
69	1	4	4.342561e-01	5.461464e-03	9.191304e-01	8.776170e+01	1.302734e+00	6.753874e+01	1	1
70	1	3	4.506761e-01	-3.998268e-02	2.790483e+00	2.725489e+02	3.907227e+00	8.079988e+01	1	1
71	1	1	4.174162e-01	-7.135032e-02	2.592291e+00	2.644820e+02	7.291992e+00	100	1	1
72	1	2	4.004443e-01	1.584891e-02	2.619531e+00	2.869589e+02	3.994141e+00	3.818141e+01	1	1
73	1	4	3.668573e-01	2.331378e-02	3.207400e+00	3.583831e+02	3.907227e+00	7.086210e+01	1	1
74	1	2	6.343082e-01	5.747403e-02	5.594675e+00	5.317563e+02	7.291992e+00	8.876480e+01	1	1
75	1	1	4.672333e-01	-6.106822e-02	1.684959e+00	1.602833e+02	5.816406e+00	100	1	1
76	1	3	9.174953e-01	-3.818249e-02	3.755435e+00	3.584753e+02	4.688477e+00	6.157081e+01	1	1
77	1	2	5.014819e-01	-6.623890e-02	3.913715e+00	3.790533e+02	6.424805e+00	100	1	1
78	1	3	5.007876e-01	-3.729954e-02	3.929999e+00	4.114870e+02	4.949219e+00	5.721387e+01	1	1
79	1	4	4.672328e-01	2.662220e-03	2.135683e-01	2.091718e+01	2.607422e-01	100	1	1
80	1	1	4.347172e-01	6.216306e-03	1.566992e+00	1.533617e+02	1.910156e+00	7.844321e+01	1	1
81	3	1	7.176247e-01	6.567479e-01	4.725975e+01	3.646738e+03	5.948605e+01	100	0	1
82	3	4	6.512652e-01	5.399619e-01	3.398930e+01	2.791613e+03	5.272710e+01	9.080629e+01	0	1
83	3	2	8.173808e-01	5.268018e-01	4.275429e+01	3.550943e+03	5.634895e+01	7.582893e+01	0	1
84	3	3	6.837355e-01	7.699539e-01	2.547066e+01	1.814274e+03	6.906306e+01	100	0	1
85	3	4	7.010248e-01	2.674133e-01	2.151597e+01	2.019448e+03	2.792519e+01	8.037757e+01	0	1
86	3	3	6.674052e-01	2.598967e-01	2.682508e+01	2.761503e+03	3.013697e+01	5.652603e+01	0	1
87	3	1	6.005315e-01	6.265107e-01	4.796300e+01	3.949238e+03	5.959584e+01	1.000000e+02	0	1
88	3	2	8.006835e-01	2.570674e-01	2.346052e+01	2.292065e+03	3.563639e+01	7.844688e+01	0	1
89	3	1	9.010698e-01	1.015849e-01	9.539273e+00	9.088941e+02	1.486167e+01	5.094253e+01	1	1
90	3	2	8.349552e-01	2.803924e-01	2.092685e+01	1.945064e+03	2.823939e+01	8.137370e+01	0	1
91	3	3	7.504407e-01	1.605852e-01	2.303036e+01	2.216913e+03	3.143173e+01	5.522956e+01	0	1
92	3	4	6.009398e-01	3.072119e-01	1.881708e+01	1.753283e+03	2.956038e+01	100	0	1
93	3	4	6.845544e-01	9.379828e-02	9.333880e+00	8.893051e+02	1.117284e+01	9.110860e+01	1	1
94	3	2	6.170685e-01	2.823825e-01	1.991066e+01	1.864486e+03	2.790586e+01	9.527981e+01	0	1
95	3	3	6.018468e-01	2.762395e-01	3.142511e+01	2.909247e+03	3.766379e+01	4.708203e+01	0	1
96	3	1	4.838130e-01	2.366127e-01	2.408812e+01	2.475705e+03	2.828151e+01	8.333546e+01	0	1
97	3	3	8.997360e-01	3.673050e-02	6.759339e+00	6.521132e+02	8.886482e+00	4.128278e+01	1	1
98	3	4	7.006134e-01	1.369999e-01	1.628924e+01	1.561305e+03	2.000615e+01	4.597850e+01	1	1
99	3	2	7.008927e-01	1.936274e-01	2.011046e+01	1.895112e+03	2.707377e+01	7.185693e+01	0	1
100	3	1	1.383897e+00	-2.836882e-03	2.063801e+01	1.983902e+03	2.988769e+01	4.649412e+01	1	1
101	3	1	9.004501e-01	1.334623e-01	1.688960e+01	1.614429e+03	2.173525e+01	5.036951e+01	1	1
102	3	4	7.508106e-01	9.541854e-02	1.125315e+01	1.073745e+03	1.570136e+01	5.078051e+01	1	1
103	3	3	7.018392e-01	9.469844e-02	1.802666e+01	1.753528e+03	2.489375e+01	5.399239e+01	1	1
104	3	2	7.010438e-01	1.578005e-01	9.654196e+00	9.120641e+02	1.503292e+01	1.000000e+02	0	1
105	3	2	9.681538e-01	6.870431e-02	1.254102e+01	1.197202e+03	1.639120e+01	6.694564e+01	1	1
106	3	3	8.845592e-01	2.301812e-01	1.766654e+01	1.699796e+03	2.365217e+01	8.928123e+01	0	1
107	3	4	8.008477e-01	1.083987e-01	4.416176e+00	4.192114e+02	1.033039e+01	100	1	1
108	3	1	8.006237e-01	7.378894e-02	1.060364e+01	1.029637e+03	1.337150e+01	4.942718e+01	1	1
109	3	3	9.171692e-01	6.300249e-02	9.989483e+00	9.491064e+02	1.587745e+01	6.297623e+01	1	1
110	3	2	9.188121e-01	7.632651e-02	9.385975e+00	9.259040e+02	1.509507e+01	7.965028e+01	1	1
111	3	1	8.017709e-01	8.180800e-02	8.556360e+00	8.146640e+02	1.137448e+01	3.980099e+01	1	1
112	3	4	7.348073e-01	2.338167e-02	8.119857e+00	7.756271e+02	1.211818e+01	6.523122e+01	1	1
113	3	1	6.510099e-01	1.185859e-01	2.008888e+01	1.901304e+03	2.637909e+01	6.419451e+01	1	1
114	3	4	7.514151e-01	7.535446e-02	1.102450e+01	1.055643e+03	1.717496e+01	7.127723e+01	1	1
115	3	2	7.835950e-01	1.406945e-01	1.314335e+01	1.253313e+03	1.724332e+01	7.460896e+01	1	1
116	3	3	7.846025e-01	8.375686e-02	1.277089e+01	1.222179e+03	1.638292e+01	4.290745e+01	1	1
117	3	1	7.667616e-01	5.614301e-02	1.277788e+01	1.218454e+03	1.769770e+01	6.632945e+01	1	1
118	3	2	8.508729e-01	1.508065e-01	1.223648e+01	1.168763e+03	1.623929e+01	4.543161e+01	0	1
119	3	3	9.673205e-01	7.467537e-02	1.315361e+01	1.278407e+03	1.670678e+01	7.050239e+01	1	1
120	3	4	9.165999e-01	3.832019e-02	8.621607e+00	8.200666e+02	1.187304e+01	6.501869e+01	1	1
121	3	3	-1.747404e+05	4.346298e-02	7.245869e+00	6.827001e+02	9.623281e+00	3.314913e+01	1	0
122	3	1	8.515005e-01	1.662561e-01	2.023609e+01	1.943603e+03	2.814893e+01	6.471781e+01	0	1
123	3	4	1.067468e+00	1.444204e-01	5.868922e+00	5.565194e+02	1.379065e+01	100	1	1
124	3	2	9.179382e-01	1.259314e-01	7.078708e+00	6.677226e+02	1.267820e+01	9.648614e+01	1	1
125	3	1	9.846679e-01	1.651940e-01	5.895653e+00	5.533587e+02	1.564750e+01	100	0	1
126	3	3	9.175206e-01	1.163164e-01	6.771429e+00	6.461769e+02	1.115005e+01	100	1	1
127	3	2	1.001515e+00	8.564571e-02	8.657271e+00	8.356303e+02	1.412004e+01	7.246049e+01	1	1
128	3	4	9.009417e-01	3.145518e-02	7.009928e+00	6.722713e+02	1.136688e+01	5.034130e+01	1	1
129	1	3	8.677391e-01	-1.553383e-01	9.560811e+00	9.089307e+02	1.749219e+01	8.739702e+01	0	1
130	1	4	8.686440e-01	-3.777957e-02	9.090306e+00	8.767441e+02	1.571387e+01	7.047477e+01	1	1
131	1	2	8.179948e-01	-9.477994e-02	1.609927e+01	1.529116e+03	2.621973e+01	6.828192e+01	1	1
132	1	1	-1.747087e+05	-3.218469e-02	1.622700e+01	1.494310e+03	2.623242e+01	5.647734e+01	1	0
133	1	2	9.844049e-01	-3.193101e-02	1.153201e+01	1.097196e+03	2.153125e+01	6.259866e+01	1	1
134	1	4	7.015914e-01	-2.131745e-01	1.976952e+01	1.855400e+03	3.125488e+01	7.668775e+01	0	1
135	1	3	1.034110e+00	-1.548945e-02	9.027621e+00	8.605068e+02	1.674609e+01	4.883359e+01	1	1
136	1	1	1.267115e+00	-3.823716e-02	7.179087e+00	7.438768e+02	1.352930e+01	5.526747e+01	1	1
137	1	4	1.401645e+00	-1.978036e-02	8.184286e+00	7.813516e+02	1.493262e+01	4.383241e+01	1	1
138	1	3	1.417934e+00	2.107056e-02	8.898092e+00	8.473608e+02	1.570410e+01	3.190894e+01	1	1
139	1	2	7.843803e-01	-1.012120e-01	3.903164e+00	3.704004e+02	1.067969e+01	9.377824e+01	1	1
140	1	1	7.673711e-01	-6.368806e-02	6.121059e+00	5.822538e+02	7.628906e+00	4.880808e+01	1	1
141	1	3	8.348572e-01	-3.948546e-02	6.773386e+00	6.437826e+02	1.781934e+01	7.608988e+01	1	1
142	1	1	1.084850e+00	-3.646535e-02	7.119912e+00	6.777405e+02	1.102539e+01	4.241131e+01	1	1
143	1	4	7.836414e-01	-1.006576e-01	1.249541e+01	1.198485e+03	2.387500e+01	6.913334e+01	1	1
144	1	2	9.345485e-01	2.896825e-02	3.124377e+00	2.994673e+02	6.511719e+00	4.366015e+01	1	1
145	2	2	1.034155e+00	-1.607709e-02	3.466894e+00	3.348058e+02	7.109375e+00	6.619678e+01	1	1
146	2	4	6.185005e-01	-9.757940e-02	4.548341e+00	4.316038e+02	9.289062e+00	100	1	1
147	2	1	5.677276e-01	-1.499653e-01	7.939810e+00	7.663933e+02	1.458496e+01	100	0	1
148	2	3	6.674109e-01	-5.202111e-02	3.583392e+00	3.585562e+02	5.209961e+00	100	1	1
149	2	4	7.174231e-01	-4.415500e-03	2.553285e-01	2.445145e+01	4.228516e-01	100	1	1
150	2	2	6.179942e-01	2.972473e-02	3.643063e+00	3.509401e+02	5.468750e+00	8.152428e+01	1	1
151	2	3	7.516302e-01	-2.370206e-02	1.483608e+00	1.412992e+02	2.257812e+00	9.261633e+01	1	1
152	2	1	6.674498e-01	-4.066271e-02	1.351798e+00	1.297884e+02	3.906250e+00	8.996298e+01	1	1
153	2	2	6.179775e-01	-6.571406e-02	2.497349e+00	2.405138e+02	6.337891e+00	9.837658e+01	1	1
154	2	4	7.508236e-01	3.450252e-02	1.388287e+00	1.327224e+02	3.299805e+00	100	1	1
155	2	1	8.841265e-01	-3.899137e-02	1.700438e+00	1.626907e+02	3.732422e+00	9.809435e+01	1	1
156	2	3	7.347423e-01	-3.830345e-02	3.469497e+00	3.301342e+02	4.688477e+00	5.529214e+01	1	1
157	2	4	7.833033e-01	-3.013631e-02	1.136317e+00	1.079667e+02	2.864258e+00	9.086181e+01	1	1
158	2	2	6.841888e-01	3.857211e-02	2.247461e+00	2.173672e+02	3.732422e+00	100	1	1
159	2	3	6.498385e-01	-2.083966e-02	2.057576e+00	1.971495e+02	2.344727e+00	3.104590e+01	1	1
160	2	1	6.840833e-01	-1.341911e-02	7.219970e-01	7.003512e+01	1.301758e+00	7.502869e+01	1	1
161	2	2	7.675886e-01	-1.982930e-02	3.762119e+00	3.623574e+02	5.991211e+00	5.934766e+01	1	1
162	2	4	5.675836e-01	-8.898324e-04	4.804886e-01	4.640422e+01	7.822266e-01	5.792811e+01	1	1
163	2	1	7.169230e-01	-5.151431e-02	2.350699e+00	2.255982e+02	4.948242e+00	9.158679e+01	1	1
164	2	3	6.333973e-01	-6.728565e-02	5.326570e+00	5.215825e+02	6.598633e+00	7.384488e+01	1	1
165	2	4	7.496579e-01	-6.826274e-02	4.586908e+00	4.368089e+02	7.291992e+00	7.301441e+01	1	1
166	2	2	6.333530e-01	9.131838e-03	2.243871e-01	2.133189e+01	8.681641e-01	100	1	1
167	2	3	8.167384e-01	-2.134288e-02	2.274685e+00	2.209288e+02	3.202148e+00	7.255771e+01	1	1
168	2	1	6.335713e-01	8.906266e-03	1.139708e+00	1.112184e+02	1.389648e+00	6.281185e+01	1	1
169	2	2	5.837405e-01	-1.792865e-02	4.024976e-01	3.899824e+01	1.737305e+00	100	1	1
170	2	4	6.345695e-01	-4.379316e-02	1.870274e+00	1.815554e+02	4.253906e+00	100	1	1
171	2	1	6.845065e-01	-2.308380e-03	3.379860e+00	3.512942e+02	6.546875e+00	1.413109e+01	1	1
172	2	3	7.332841e-01	3.271274e-02	6.140489e-01	6.026914e+01	3.211914e+00	100	1	1
173	2	4	6.340822e-01	-5.801302e-02	3.433030e+00	3.431756e+02	5.805664e+00	7.967703e+01	1	1
174	2	2	6.001430e-01	-2.623763e-03	4.806468e-01	4.776522e+01	5.214844e-01	9.666673e+00	1	1
175	2	3	6.005109e-01	-8.058955e-02	6.074905e+00	6.279637e+02	8.348633e+00	100	1	1
176	2	1	5.182476e-01	-3.537496e-02	2.644234e+00	2.659625e+02	3.559570e+00	7.099790e+01	1	1
177	2	2	5.005083e-01	-1.009569e-02	1.186041e+00	1.174760e+02	1.260742e+00	1.760594e+01	1	1
178	2	4	5.178151e-01	2.626086e-03	2.389384e-01	2.372397e+01	2.607422e-01	100	1	1
179	2	1	5.674920e-01	1.301451e-02	6.316662e-01	6.156648e+01	1.268555e+00	100	1	1
180	2	3	6.175810e-01	2.686998e-03	4.350718e-01	4.206048e+01	5.205078e-01	7.521289e+01	1	1
181	2	4	6.507907e-01	-6.906055e-02	3.839372e+00	3.903299e+02	7.032227e+00	9.026464e+01	1	1
182	2	2	6.013293e-01	2.666203e-02	1.211377e+00	1.222095e+02	2.690430e+00	100	1	1
183	2	3	5.677132e-01	1.836970e-16	1.924741e-01	1.976242e+01	2.607422e-01	2.085410e+01	1	1
184	2	1	5.838166e-01	5.339095e-03	4.456935e-01	4.353172e+01	5.214844e-01	100	1	1
185	2	2	5.172863e-01	-6.530759e-02	4.967833e+00	4.996747e+02	6.578125e+00	7.255136e+01	1	1
186	2	4	5.678973e-01	-8.070230e-02	7.223381e+00	7.443257e+02	1.041797e+01	7.202726e+01	1	1
187	2	1	6.504301e-01	-5.550522e-02	2.718276e+00	2.628180e+02	5.372070e+00	8.976325e+01	1	1
188	2	3	5.842766e-01	2.640166e-03	1.650366e-02	1.623789e+00	2.597656e-01	100	1	1
189	2	4	5.503278e-01	-3.139856e-02	1.755939e+00	1.747057e+02	3.125000e+00	7.068079e+01	1	1
190	2	2	5.343142e-01	1.578557e-02	1.130617e+00	1.119024e+02	1.562500e+00	100	1	1
191	2	3	5.174188e-01	-2.905835e-02	2.466089e+00	2.377922e+02	2.802734e+00	4.588663e+01	1	1
192	2	1	5.170719e-01	-4.725268e-03	1.984368e+00	2.185847e+02	2.865234e+00	6.736970e+01	1	1
193	1	3	8.680831e-01	-2.712206e-02	1.669355e+00	1.603266e+02	3.125977e+00	7.152401e+01	1	1
194	1	1	6.346016e-01	-4.488272e-02	8.798651e-01	8.674147e+01	4.427734e+00	100	1	1
195	1	4	5.348611e-01	3.379398e-02	1.709999e+00	1.702184e+02	3.365234e+00	100	1	1
196	1	2	5.014064e-01	3.845759e-02	1.110533e+00	1.055288e+02	3.656250e+00	100	1	1
197	1	3	5.847100e-01	-4.575066e-03	6.036868e-01	5.970368e+01	1.377930e+00	2.125563e+01	1	1
198	1	4	5.334312e-01	-7.399572e-02	4.871819e+00	4.792224e+02	7.291992e+00	8.914392e+01	1	1
199	1	2	5.173451e-01	-8.060278e-04	7.193261e-01	7.756498e+01	1.563477e+00	9.662374e+00	1	1
200	1	1	4.842525e-01	6.682088e-02	5.440092e+00	5.553091e+02	6.831055e+00	100	1	1
201	1	2	5.351595e-01	-3.215386e-02	5.080279e+00	5.413920e+02	5.510742e+00	3.282474e+01	1	1
202	1	4	5.505650e-01	-2.499783e-03	9.410657e-01	9.779088e+01	1.302734e+00	6.883628e+01	1	1
203	1	1	6.002921e-01	-3.538481e-02	1.296174e+00	1.239707e+02	3.385742e+00	100	1	1
204	1	3	6.341392e-01	-2.847028e-02	2.281767e+00	2.295739e+02	2.865234e+00	8.679764e+01	1	1
205	1	1	5.841382e-01	6.739721e-02	3.629704e+00	3.501601e+02	6.511719e+00	100	1	1
206	1	2	5.017098e-01	-2.643634e-02	3.057480e+00	2.964083e+02	3.605469e+00	4.277440e+01	1	1
207	1	4	5.011733e-01	-1.347527e-02	6.037311e-01	5.831901e+01	1.301758e+00	7.708156e+01	1	1
208	1	3	6.014785e-01	2.619625e-03	2.319832e-01	2.300372e+01	2.597656e-01	100	1	1
