Trial	Type	Target #	Time to Target	Endpoint Error	Est. Avg. Error Mag	Accum. Error x dMagProj	Max Error Mag.	Max Error Pos. (% of trajectory)	Feedback	Reached Target
1	1	3	-3.124658e+04	3.494457e-01	5.851782e+01	4.922355e+03	7.250000e+01	4.684569e+01	0	0
2	1	1	6.863765e-01	-2.083032e-02	1.409547e+00	1.585741e+02	2.343750e+00	100	1	1
3	1	2	1.267749e+00	1.814880e-03	3.074512e+00	2.928202e+02	4.166992e+00	6.827750e+01	1	1
4	1	4	4.838271e-01	6.151362e-02	5.413380e+00	5.723274e+02	6.511719e+00	100	1	1
5	1	1	5.337451e-01	-9.510305e-02	9.350684e+00	9.026150e+02	1.025000e+01	1.812921e+00	1	1
6	1	4	1.384182e+00	-6.489891e-02	5.436557e+00	5.216812e+02	7.814453e+00	6.372009e+01	1	1
7	1	2	8.333819e-01	-3.815311e-03	5.557000e+00	5.376506e+02	7.532227e+00	6.464461e+01	1	1
8	1	3	6.331339e-01	1.093997e-02	5.189800e-01	4.938267e+01	1.041016e+00	100	1	1
9	1	4	5.501349e-01	8.920025e-02	7.030040e+00	6.756459e+02	8.595703e+00	100	1	1
10	1	3	6.008748e-01	-1.142699e-01	8.736041e+00	8.326880e+02	1.093945e+01	6.666325e+01	1	1
11	1	1	6.010619e-01	6.123234e-17	3.672759e-15	3.750016e-13	6.252037e-15	100	1	1
12	1	2	1.366801e+00	-1.018407e-02	1.192838e+01	1.227283e+03	1.683691e+01	4.844196e+01	1	1
13	1	3	5.500070e-01	-1.301453e-02	1.195635e+00	1.266719e+02	1.378906e+00	3.460567e+01	1	1
14	1	2	6.839343e-01	-1.090992e-02	1.350025e+00	1.289339e+02	2.604492e+00	6.245590e+01	1	1
15	1	1	5.339750e-01	7.224189e-02	6.432017e+00	6.945447e+02	7.814453e+00	100	1	1
16	1	4	5.009042e-01	-1.533230e-01	9.015000e+00	8.660387e+02	1.484570e+01	100	0	1
17	2	2	9.010223e-01	3.328316e-02	6.704307e-01	6.683749e+01	3.319336e+00	100	1	1
18	2	4	1.102112e+00	3.049785e-02	4.167648e+00	4.076358e+02	5.209961e+00	9.565083e+01	1	1
19	2	1	8.342784e-01	1.631049e-02	1.083282e+00	1.038311e+02	1.822266e+00	3.967437e+01	1	1
20	2	3	7.847884e-01	2.882267e-02	2.647678e+00	2.630406e+02	3.385742e+00	9.213522e+01	1	1
21	2	4	1.034077e+00	-2.987333e-02	4.262547e+00	4.085718e+02	6.946289e+00	7.798924e+01	1	1
22	2	2	8.009609e-01	-1.734405e-02	1.532085e+00	1.457725e+02	3.473633e+00	7.901262e+01	1	1
23	2	3	7.338476e-01	-4.885936e-02	3.747561e+00	3.569296e+02	4.657227e+00	6.745788e+01	1	1
24	2	1	5.342185e-01	-7.108401e-03	1.370056e-01	1.505737e+01	7.812500e-01	100	1	1
25	2	2	6.175515e-01	6.960977e-02	5.899025e+00	5.802705e+02	8.160156e+00	8.596617e+01	1	1
26	2	4	5.339737e-01	1.939030e-02	2.031636e+00	2.171986e+02	2.073242e+00	100	1	1
27	2	1	5.671129e-01	-4.265785e-02	2.242715e+00	2.462935e+02	4.687500e+00	100	1	1
28	2	3	5.183141e-01	-3.466736e-01	2.570552e+01	2.389860e+03	3.358691e+01	100	0	1
29	2	4	8.678144e-01	-1.683764e-02	1.896331e+00	1.833274e+02	4.753906e+00	9.282590e+01	1	1
30	2	2	4.675385e-01	7.378647e-02	6.585888e+00	6.273123e+02	7.041016e+00	100	1	1
31	2	3	5.515069e-01	3.782166e-02	6.085012e-01	5.862351e+01	3.645508e+00	100	1	1
32	2	1	5.173944e-01	7.214641e-02	6.929181e+00	7.158914e+02	7.988281e+00	8.966397e+01	1	1
33	1	3	7.012932e-01	7.268697e-02	5.481502e+00	5.575394e+02	7.406250e+00	100	1	1
34	1	2	9.344460e-01	-4.750084e-02	3.172876e+00	3.113726e+02	5.879883e+00	9.508812e+01	1	1
35	1	4	1.117979e+00	1.003184e-01	9.418263e+00	1.080516e+03	1.311035e+01	7.752449e+01	1	1
36	1	1	4.511670e-01	5.971318e-02	4.987651e+00	4.998318e+02	5.991211e+00	100	1	1
37	1	2	9.012441e-01	1.381582e-02	1.871076e+00	1.799888e+02	6.598633e+00	9.069784e+01	1	1
38	1	1	5.161430e-01	-5.557168e-02	3.911338e+00	3.845143e+02	5.468750e+00	8.410303e+01	1	1
39	1	4	8.503753e-01	-3.103330e-02	3.145536e+00	2.990348e+02	6.336914e+00	7.132453e+01	1	1
40	1	3	5.837947e-01	-1.272012e-01	1.220311e+01	1.372838e+03	1.438770e+01	6.646238e+01	1	1
41	1	4	8.011249e-01	-1.283817e-02	1.369864e+00	1.307659e+02	1.813477e+00	6.161944e+01	1	1
42	1	1	5.009480e-01	2.115494e-01	2.113523e+01	2.163141e+03	2.276172e+01	6.360921e+01	0	1
43	1	3	5.001121e-01	-3.415737e-02	2.707518e+00	2.614606e+02	3.560547e+00	8.300872e+01	1	1
44	1	2	4.508867e-01	3.464176e-02	2.290290e+00	2.409210e+02	3.645508e+00	100	1	1
45	1	1	5.677533e-01	2.495948e-02	2.119917e+00	2.138673e+02	2.518555e+00	100	1	1
46	1	3	5.182107e-01	1.447411e-02	4.383133e-01	4.468142e+01	1.475586e+00	100	1	1
47	1	4	5.674775e-01	-8.797106e-03	1.507722e+00	1.479526e+02	4.250000e+00	1.528586e+00	1	1
48	1	2	4.341810e-01	5.244072e-02	3.135217e+00	3.059470e+02	5.122070e+00	100	1	1
49	3	1	6.019372e-01	7.205541e-01	4.424721e+01	3.206969e+03	6.363961e+01	100	0	1
50	3	4	-3.112333e+04	1.898230e-01	6.819608e+00	4.788426e+02	1.349096e+01	100	0	0
51	3	2	1.433780e+00	2.544857e-01	3.100743e+01	2.940060e+03	3.662109e+01	7.092877e+01	0	1
52	3	3	1.000959e+00	5.804045e-01	4.080971e+01	3.305825e+03	5.311933e+01	100	0	1
53	3	2	9.335648e-01	8.097380e-02	2.485688e+01	2.367039e+03	4.018148e+01	4.142259e+01	1	1
54	3	1	7.506166e-01	1.634345e-01	1.739838e+01	1.657595e+03	2.344708e+01	7.796260e+01	0	1
55	3	3	7.954243e-01	-3.057870e-02	1.519451e+00	1.551815e+02	3.123976e+00	100	1	1
56	3	4	9.508419e-01	1.602222e+00	3.904863e+01	5.609406e+02	1.171456e+02	100	0	1
57	3	2	7.676493e-01	-3.865918e-01	1.882955e+01	1.833384e+03	3.963596e+01	100	0	1
58	3	4	9.335235e-01	2.845388e-01	1.591542e+01	1.646521e+03	3.025782e+01	100	0	1
59	3	3	8.011825e-01	1.331590e+00	5.129525e+01	2.432155e+03	9.612923e+01	1.000000e+02	0	1
60	3	1	9.677747e-01	-9.083927e-02	2.315346e+01	2.326306e+03	3.817824e+01	4.140453e+01	1	1
61	3	2	-3.110409e+04	1.540899e+00	4.534300e+01	1.128820e+03	7.062781e+01	4.152336e+01	0	0
62	3	3	1.300014e+00	7.245929e-01	4.260920e+01	3.083482e+03	6.406084e+01	100	0	1
63	3	1	8.336017e-01	5.300843e-01	3.092108e+01	2.558617e+03	4.904448e+01	9.532671e+01	0	1
64	3	4	5.002097e-01	7.017780e-01	4.067804e+01	3.261395e+03	6.777522e+01	100	0	1
65	1	1	6.680322e-01	-1.888628e-01	1.347634e+01	1.385102e+03	1.964551e+01	100	0	1
66	1	2	8.176176e-01	-1.196173e-01	3.786362e+00	3.584065e+02	1.137695e+01	9.752396e+01	1	1
67	1	3	8.165524e-01	-2.282085e-02	5.217105e-01	4.962058e+01	2.170898e+00	9.634885e+01	1	1
68	1	4	8.498317e-01	-5.491129e-02	2.415769e+00	2.327537e+02	7.378906e+00	8.053618e+01	1	1
69	1	2	6.335533e-01	6.977479e-02	9.313937e+00	8.912365e+02	1.189648e+01	5.889779e+01	1	1
70	1	4	8.170342e-01	-8.985020e-02	6.782764e+00	6.454488e+02	1.143848e+01	9.178810e+01	1	1
71	1	3	5.169192e-01	-1.260064e-02	2.275348e+00	2.352274e+02	2.865234e+00	3.651074e+01	1	1
72	1	1	4.994957e-01	-3.896464e-02	2.433004e+00	2.737129e+02	4.385742e+00	100	1	1
73	1	4	6.164624e-01	1.517400e-01	1.853531e+01	1.798305e+03	2.134766e+01	2.295343e+01	0	1
74	1	1	5.348412e-01	-1.715977e-02	2.248132e+00	2.529148e+02	2.497070e+00	7.240365e+01	1	1
75	1	3	5.339619e-01	1.257364e-02	1.658852e+00	1.749538e+02	2.320312e+00	3.208671e+01	1	1
76	1	2	7.836461e-01	1.246441e-02	1.336260e+00	1.302319e+02	2.952148e+00	7.220613e+01	1	1
77	1	1	6.508575e-01	-7.394479e-02	3.891416e+00	4.377843e+02	8.333984e+00	100	1	1
78	1	4	9.187289e-01	-4.964842e-02	1.126426e+01	1.074362e+03	1.700000e+01	1.155559e+01	1	1
79	1	3	5.171472e-01	2.222238e-03	2.072889e+00	2.331980e+02	3.136719e+00	2.013212e+01	1	1
80	1	2	5.673911e-01	-2.988747e-02	1.961665e+00	1.880037e+02	2.865234e+00	100	1	1
81	2	2	7.180036e-01	-2.257649e-02	1.004956e+00	9.957308e+01	2.237305e+00	100	1	1
82	2	4	1.067195e+00	-2.145934e-02	3.881719e+00	3.767315e+02	6.511719e+00	2.227365e+01	1	1
83	2	1	4.679874e-01	-1.001266e-01	4.308124e+00	4.802549e+02	1.119922e+01	100	1	1
84	2	3	4.513648e-01	-1.324668e-01	1.214785e+01	1.219459e+03	1.337598e+01	6.601066e+01	1	1
85	2	4	8.673515e-01	-4.192943e-02	6.837600e+00	6.506403e+02	1.197949e+01	8.531096e+01	1	1
86	2	2	5.339632e-01	9.792945e-02	7.781251e+00	7.701463e+02	1.024414e+01	9.289492e+01	1	1
87	2	3	5.504867e-01	8.396858e-02	4.134063e+00	3.965390e+02	8.073242e+00	100	1	1
88	2	1	4.177248e-01	2.451309e-02	1.957219e+00	2.079889e+02	2.605469e+00	100	1	1
89	2	2	8.339247e-01	-5.080491e-02	2.098278e+00	2.006437e+02	4.862305e+00	9.210053e+01	1	1
90	2	4	5.347476e-01	2.478367e-03	6.762371e-01	7.114490e+01	1.041992e+00	5.073423e+01	1	1
91	2	1	4.674667e-01	-3.172632e-02	1.465529e+00	1.603580e+02	3.472656e+00	100	1	1
92	2	3	4.847453e-01	-1.195266e-02	2.040813e+00	2.295895e+02	3.167969e+00	7.344595e+01	1	1
93	2	4	7.684104e-01	-1.234169e-02	2.640216e+00	2.552784e+02	6.750000e+00	2.844186e+00	1	1
94	2	2	6.173131e-01	2.148438e-03	3.096141e+00	3.194649e+02	4.127930e+00	7.273846e+01	1	1
95	2	3	5.503477e-01	3.970169e-02	1.998479e+00	2.248269e+02	4.468750e+00	100	1	1
96	2	1	4.174737e-01	7.201069e-02	7.436117e+00	8.365632e+02	8.115234e+00	100	1	1
97	1	3	6.177375e-01	2.147258e-02	2.323097e+00	2.613462e+02	2.416016e+00	100	1	1
98	1	2	6.005751e-01	-6.491373e-02	5.150156e+00	5.365618e+02	7.552734e+00	5.800026e+01	1	1
99	1	4	8.011025e-01	2.075961e-02	1.804589e+00	1.717937e+02	2.583984e+00	3.333402e+01	1	1
100	1	1	5.004820e-01	3.407218e-02	2.686128e+00	2.635842e+02	3.344727e+00	100	1	1
101	1	2	4.173508e-01	5.094887e-02	3.541736e+00	3.798339e+02	5.468750e+00	100	1	1
102	1	4	1.084626e+00	1.879582e-02	2.492365e+00	2.463985e+02	4.080078e+00	7.562578e+01	1	1
103	1	1	4.846401e-01	3.015997e-02	3.083884e+00	3.461901e+02	3.386719e+00	100	1	1
104	1	3	4.841231e-01	-7.137224e-02	7.380219e+00	8.302674e+02	9.084961e+00	6.307433e+01	1	1
105	1	1	5.014442e-01	-5.818079e-02	3.861393e+00	4.344068e+02	6.552734e+00	100	1	1
106	1	3	4.506892e-01	-1.248043e-01	1.111105e+01	1.078868e+03	1.218164e+01	6.942039e+01	1	1
107	1	4	6.174371e-01	-1.627112e-01	1.587495e+01	1.505407e+03	2.450000e+01	6.854436e+00	0	1
108	1	2	4.505827e-01	7.162757e-02	5.659461e+00	6.367944e+02	8.073242e+00	100	1	1
109	1	1	4.675959e-01	1.732484e-01	1.823242e+01	1.899519e+03	1.823242e+01	100	0	1
110	1	3	5.011967e-01	-2.238361e-02	3.040517e+00	3.420552e+02	3.820312e+00	4.621047e+01	1	1
111	1	2	1.150942e+00	-1.056616e-01	1.735312e+01	1.645801e+03	1.885059e+01	8.087893e+01	1	1
112	1	4	7.510376e-01	1.616157e-01	9.582357e+00	9.076664e+02	1.544336e+01	100	0	1
113	2	2	9.340953e-01	-6.655491e-03	2.930763e+00	3.152087e+02	6.465820e+00	4.491024e+01	1	1
114	2	4	6.505906e-01	-1.611262e-02	1.772957e+00	1.779138e+02	2.333984e+00	5.717372e+01	1	1
115	2	1	5.005838e-01	-1.402728e-02	6.858709e-01	7.639423e+01	1.562500e+00	100	1	1
116	2	3	4.010429e-01	-5.151616e-02	3.386341e+00	3.455655e+02	5.261719e+00	100	1	1
117	2	4	4.840035e-01	-4.164489e-03	3.976034e+00	3.906609e+02	6.362305e+00	5.493480e+01	1	1
118	2	2	4.165197e-01	-3.560311e-03	9.128208e-01	1.006519e+02	1.173828e+00	3.244325e+01	1	1
119	2	3	1.084349e+00	4.249437e-02	1.434692e+01	1.417543e+03	1.976074e+01	3.014351e+01	1	1
120	2	1	5.349746e-01	4.550676e-02	4.099524e+00	4.611964e+02	5.123047e+00	100	1	1
121	2	2	5.178943e-01	-4.697903e-02	5.257056e+00	6.093308e+02	5.969727e+00	5.797926e+01	1	1
122	2	4	5.007839e-01	3.118115e-02	3.018946e+00	3.277945e+02	3.386719e+00	100	1	1
123	2	1	5.338382e-01	8.701927e-02	7.674258e+00	8.633540e+02	9.814453e+00	100	1	1
124	2	3	5.343524e-01	7.508605e-03	6.565544e+00	7.386172e+02	7.750000e+00	5.622271e+01	1	1
125	2	4	1.034389e+00	1.117285e-01	1.144670e+01	1.386794e+03	1.393945e+01	7.506207e+01	1	1
126	2	2	4.842834e-01	-8.065415e-02	8.689019e+00	1.072882e+03	9.980469e+00	7.384351e+01	1	1
127	2	3	5.018585e-01	-4.626944e-02	7.198345e+00	8.098068e+02	8.333984e+00	5.113760e+01	1	1
128	2	1	8.675307e-01	-7.502532e-02	4.422917e+00	4.321760e+02	7.344727e+00	100	1	1
129	1	1	6.009127e-01	-1.588978e-01	9.290603e+00	1.040003e+03	1.793848e+01	100	0	1
130	1	2	7.676792e-01	-3.193690e-02	7.027117e+00	6.684614e+02	1.154785e+01	7.316778e+01	1	1
131	1	4	9.844686e-01	-3.266122e-02	1.706369e+00	1.626449e+02	3.375000e+00	6.611614e+01	1	1
132	1	3	4.495870e-01	-2.315578e-02	2.218221e+00	2.495477e+02	2.605469e+00	7.241903e+01	1	1
133	1	4	9.686673e-01	-4.396094e-03	2.883578e+00	2.748016e+02	4.500000e+00	2.885660e+00	1	1
134	1	3	1.000380e+00	1.850588e-02	2.327738e+00	2.279569e+02	3.972656e+00	6.201075e+01	1	1
135	1	2	6.677924e-01	-4.145033e-02	6.635902e+00	6.323483e+02	9.421875e+00	6.401172e+01	1	1
136	1	1	7.679614e-01	-5.688140e-02	4.119741e+00	4.522503e+02	7.291992e+00	7.556200e+01	1	1
137	1	2	7.672210e-01	5.541813e-02	1.663313e+00	1.578215e+02	5.263672e+00	100	1	1
138	1	4	5.842420e-01	-2.526369e-03	2.500000e-01	2.473901e+01	2.500000e-01	7.579122e-01	1	1
139	1	1	5.836010e-01	-9.154845e-02	6.033999e+00	5.924986e+02	9.188477e+00	7.586176e+01	1	1
140	1	3	6.674795e-01	-2.670554e-03	4.312538e-02	4.210579e+00	2.607422e-01	8.666220e+01	1	1
141	1	2	5.176743e-01	-6.329486e-02	2.457140e+00	2.457116e+02	6.337891e+00	100	1	1
142	1	1	7.507149e-01	3.003032e-02	2.312994e+00	2.198677e+02	4.524414e+00	7.351319e+01	1	1
143	1	3	5.167174e-01	-1.252538e-02	2.708232e+00	2.628704e+02	3.646484e+00	3.783466e+01	1	1
144	1	4	6.999148e-01	6.248978e-03	1.446369e+00	1.408161e+02	1.737305e+00	8.528612e+01	1	1
145	3	4	-3.088209e+04	1.945071e-01	7.718001e+00	6.766972e+02	1.727233e+01	1.000000e+02	0	0
146	3	3	1.383715e+00	1.727012e-01	2.094474e+01	1.987398e+03	2.956728e+01	3.801851e+01	0	1
147	3	2	1.151121e+00	1.347536e-01	2.565125e+01	2.419268e+03	3.906143e+01	5.847153e+01	1	1
148	3	1	1.300487e+00	5.456240e-02	5.735420e+00	5.464701e+02	8.519808e+00	4.600667e+01	1	1
149	3	4	9.837027e-01	-1.051778e-01	2.452166e+00	2.361414e+02	1.016604e+01	100	1	1
150	3	3	7.671599e-01	-6.825965e-02	5.793949e+00	5.528589e+02	1.293784e+01	6.506444e+01	1	1
151	3	1	1.283884e+00	4.794428e-01	4.641577e+01	4.582010e+03	6.303401e+01	6.585827e+01	0	1
152	3	2	1.334050e+00	3.674443e-01	1.768890e+01	1.585467e+03	3.450115e+01	1.000000e+02	0	1
153	3	3	1.083320e+00	1.973927e-01	2.440687e+01	2.277484e+03	3.130881e+01	4.618447e+01	0	1
154	3	4	1.167292e+00	-2.559323e-02	9.733121e+00	9.678380e+02	1.757271e+01	5.591906e+01	1	1
155	3	1	1.334079e+00	-2.744956e-01	4.954511e+00	4.547194e+02	2.584531e+01	1.000000e+02	0	1
156	3	2	-3.086284e+04	-1.586038e-01	1.213675e+01	7.942937e+02	2.652065e+01	1.011026e+01	0	0
157	3	3	6.846309e-01	6.432172e-01	3.147805e+01	2.438354e+03	5.806217e+01	100	0	1
158	3	2	1.182698e+00	8.090675e-02	2.164494e+01	2.477304e+03	3.593470e+01	1.857624e+01	1	1
159	3	4	8.340159e-01	4.203090e-01	3.103978e+01	2.702037e+03	4.314318e+01	8.582534e+01	0	1
160	3	1	1.150729e+00	1.439416e-01	2.144300e+01	2.041413e+03	3.651336e+01	5.344209e+01	1	1
161	1	2	6.659315e-01	2.854831e-02	5.252999e+00	5.344362e+02	6.291016e+00	6.979200e+01	1	1
162	1	1	5.007062e-01	-8.407747e-02	4.851303e+00	4.597841e+02	7.987305e+00	100	1	1
163	1	4	5.516520e-01	-9.851243e-02	4.675269e+00	4.422375e+02	9.348633e+00	100	1	1
164	1	3	4.835562e-01	-4.573265e-02	4.006049e+00	4.095559e+02	4.678711e+00	6.458715e+01	1	1
165	1	1	4.511064e-01	-8.995290e-02	4.289115e+00	4.252381e+02	8.942383e+00	100	1	1
166	1	3	5.510218e-01	8.238328e-02	4.692150e+00	5.278623e+02	9.289063e+00	100	1	1
167	1	4	8.507629e-01	-8.218599e-03	1.328300e+00	1.262638e+02	2.083984e+00	5.341901e+01	1	1
168	1	2	6.509570e-01	-8.494408e-02	4.023820e+00	3.886640e+02	8.224609e+00	100	1	1
169	1	4	7.337309e-01	-7.140735e-02	3.429505e+00	3.288306e+02	6.858398e+00	9.456734e+01	1	1
170	1	1	5.502018e-01	-5.340403e-02	2.657570e+00	2.989766e+02	6.013672e+00	100	1	1
171	1	2	6.167081e-01	-1.706158e-01	1.571653e+01	1.506838e+03	1.651855e+01	100	0	1
172	1	3	5.167459e-01	-5.822527e-02	4.749221e+00	4.801722e+02	5.893555e+00	8.866534e+01	1	1
173	1	1	5.339167e-01	-8.443627e-02	4.179200e+00	4.115125e+02	8.333984e+00	100	1	1
174	1	2	8.010857e-01	8.217670e-03	5.711107e-01	5.429400e+01	1.302734e+00	5.835705e+01	1	1
175	1	3	7.505775e-01	6.307830e-02	5.293749e+00	5.055737e+02	8.636719e+00	8.627347e+01	1	1
176	1	4	8.335148e-01	-2.540069e-02	2.148443e+00	2.063722e+02	3.115234e+00	6.592485e+01	1	1
177	2	2	6.339593e-01	-1.791378e-02	8.837985e-01	8.791896e+01	1.782227e+00	9.284354e+01	1	1
178	2	4	8.166581e-01	-5.889250e-02	3.170414e+00	3.080844e+02	7.378906e+00	8.329263e+01	1	1
179	2	1	8.166263e-01	-2.050014e-02	1.662352e+00	1.680161e+02	2.322266e+00	3.450052e+01	1	1
180	2	3	6.668799e-01	-2.505560e-02	3.569782e+00	3.423400e+02	3.791992e+00	1.336137e+01	1	1
181	2	4	7.002682e-01	-2.335122e-02	9.854221e-01	9.522122e+01	2.256836e+00	9.460833e+01	1	1
182	2	2	7.000368e-01	-8.431221e-02	6.561449e+00	6.212616e+02	8.001953e+00	5.351087e+01	1	1
183	2	3	6.345542e-01	-3.529132e-02	3.227763e+00	3.096225e+02	3.907227e+00	7.800605e+01	1	1
184	2	1	5.173225e-01	-2.144446e-02	1.152104e+00	1.118924e+02	2.083008e+00	9.570844e+01	1	1
185	2	2	7.667365e-01	-1.346876e-02	6.237003e-01	6.032230e+01	1.650391e+00	9.102365e+01	1	1
186	2	4	5.669938e-01	7.871892e-02	5.438910e+00	5.254072e+02	7.620117e+00	100	1	1
187	2	1	5.345629e-01	9.832789e-03	1.261787e+00	1.283203e+02	1.521484e+00	8.565845e+01	1	1
188	2	3	5.839801e-01	5.608193e-02	1.526829e+00	1.629129e+02	5.990234e+00	100	1	1
189	2	4	7.512247e-01	-2.706843e-02	3.250071e-01	3.126416e+01	2.604492e+00	9.837570e+01	1	1
190	2	2	5.178792e-01	5.061269e-03	3.691093e-01	3.874278e+01	5.312500e-01	100	1	1
191	2	3	5.330306e-01	-1.384239e-02	4.993592e+00	5.033921e+02	7.375977e+00	3.412286e+01	1	1
192	2	1	5.671026e-01	6.123234e-17	3.668512e-15	3.502855e-13	5.846732e-15	100	1	1
193	1	3	6.176432e-01	1.758515e-02	1.613288e+00	1.814933e+02	1.978516e+00	100	1	1
194	1	2	4.681589e-01	-1.336829e-01	9.871013e+00	9.497380e+02	1.293945e+01	8.159230e+01	1	1
195	1	1	4.339141e-01	-5.592635e-02	3.012872e+00	2.989834e+02	5.555664e+00	100	1	1
196	1	4	5.514352e-01	9.960027e-03	7.926111e+00	7.810005e+02	1.105273e+01	5.215659e+01	1	1
197	1	2	6.676897e-01	1.560528e-02	2.101651e+00	2.033121e+02	2.812500e+00	8.653860e+01	1	1
198	1	1	5.676998e-01	-3.064145e-02	1.534708e+00	1.726546e+02	3.448242e+00	100	1	1
199	1	3	5.336401e-01	2.358702e-02	1.005155e+00	9.985979e+01	2.343750e+00	100	1	1
200	1	4	6.350166e-01	-9.516125e-03	1.626155e+00	1.778877e+02	2.083984e+00	5.928564e+01	1	1
201	1	2	5.843449e-01	-7.125074e-02	6.799871e+00	6.738978e+02	8.115234e+00	6.609777e+01	1	1
202	1	3	6.500355e-01	2.265272e-02	1.206361e+00	1.155385e+02	2.169922e+00	100	1	1
203	1	1	7.673200e-01	2.738005e-03	1.388231e-01	1.322019e+01	2.607422e-01	100	1	1
204	1	4	5.847921e-01	-8.434206e-02	4.133296e+00	3.947016e+02	8.073242e+00	100	1	1
205	1	3	6.677265e-01	4.274058e-02	2.297484e+00	2.191876e+02	4.600586e+00	9.672443e+01	1	1
206	1	1	5.840820e-01	1.175198e-02	1.363061e+00	1.297983e+02	1.639648e+00	9.370943e+01	1	1
207	1	4	7.002869e-01	-9.024692e-02	3.974954e+00	3.822477e+02	8.702148e+00	100	1	1
208	1	2	4.516467e-01	2.218052e-02	1.449284e+00	1.388255e+02	2.125000e+00	100	1	1
209	3	1	9.009576e-01	2.163890e-01	1.279883e+01	1.216324e+03	2.089141e+01	1.000000e+02	0	1
210	3	2	1.448257e+00	1.321542e-01	1.815015e+01	1.833007e+03	2.809506e+01	3.292559e+01	1	1
211	3	4	1.218077e+00	1.624574e-01	2.199396e+01	2.102979e+03	4.114823e+01	4.638867e+01	0	1
212	3	3	9.348112e-01	1.110027e-01	1.908002e+01	1.816598e+03	2.626722e+01	5.247900e+01	1	1
213	3	1	9.501389e-01	-2.327429e-01	1.060741e+01	9.875411e+02	2.206808e+01	1.000000e+02	0	1
214	3	4	9.842682e-01	8.541892e-02	5.548219e+00	5.434949e+02	9.370546e+00	3.663920e+01	1	1
215	3	3	8.680776e-01	2.852523e-01	2.836332e+01	2.606640e+03	3.867543e+01	3.473642e+01	0	1
216	3	2	1.034444e+00	5.513830e-01	2.663462e+01	2.207586e+03	5.097453e+01	1.000000e+02	0	1
217	3	1	6.836436e-01	5.042418e-01	3.111532e+01	2.659496e+03	4.771797e+01	9.547573e+01	0	1
218	3	3	8.504229e-01	3.297608e-01	2.603624e+01	2.527493e+03	3.371463e+01	6.679992e+01	0	1
219	3	4	1.251545e+00	1.562789e-01	1.210790e+01	1.154082e+03	2.422669e+01	4.254925e+01	0	1
220	3	2	1.034396e+00	1.420056e-01	2.620459e+01	2.474025e+03	4.174554e+01	5.123937e+01	1	1
221	3	1	7.965097e-01	3.092516e-02	8.445586e+00	8.025424e+02	1.282391e+01	5.845972e+01	1	1
222	3	2	1.300439e+00	5.676731e-02	1.198116e+01	1.198832e+03	1.976446e+01	3.393880e+01	1	1
223	3	4	1.068230e+00	-1.153924e-01	1.221661e+01	1.180034e+03	1.926935e+01	6.278551e+01	1	1
224	3	3	7.511970e-01	5.608852e-01	3.278912e+01	2.663696e+03	5.324224e+01	9.365118e+01	0	1
225	1	2	5.509825e-01	-1.414856e-01	1.786661e+01	2.606326e+03	2.077832e+01	100	1	1
226	1	1	4.684130e-01	3.003340e-02	2.775834e+00	2.849513e+02	3.083984e+00	100	1	1
227	1	4	4.507106e-01	-1.467524e-01	4.813957e+00	4.746449e+02	1.457422e+01	100	1	1
228	1	3	8.671190e-01	-3.479284e-02	5.360273e+00	5.418587e+02	6.643555e+00	4.928319e+01	1	1
229	1	1	5.674143e-01	-1.036073e-02	2.966612e+00	3.100891e+02	4.907227e+00	5.838744e+01	1	1
230	1	2	5.671756e-01	-2.834037e-01	3.012018e+01	3.043904e+03	3.047363e+01	1.134088e+01	0	1
231	1	3	6.511495e-01	5.543269e-03	8.795883e-01	8.584576e+01	1.282227e+00	2.367621e+01	1	1
232	1	4	8.677099e-01	-4.993953e-02	2.414055e+00	2.306012e+02	5.035156e+00	7.491540e+01	1	1
233	1	1	5.176037e-01	1.065085e-01	1.069319e+01	1.157528e+03	1.157324e+01	100	1	1
234	1	4	5.344895e-01	-7.614752e-02	5.126463e+00	5.745493e+02	8.550781e+00	100	1	1
235	1	2	4.689304e-01	-5.102559e-02	3.770599e+00	3.961264e+02	5.365234e+00	100	1	1
236	1	3	4.837380e-01	-9.307326e-02	7.212507e+00	7.229623e+02	9.356445e+00	7.713337e+01	1	1
237	1	1	5.343812e-01	-2.711319e-03	1.787011e+00	1.712092e+02	2.605469e+00	8.341607e+01	1	1
238	1	2	7.007990e-01	-3.526692e-02	1.711896e+00	1.643270e+02	3.386719e+00	8.046391e+01	1	1
239	1	4	5.840416e-01	-5.697404e-02	4.286193e+00	4.109722e+02	5.468750e+00	100	1	1
240	1	3	4.665528e-01	-2.605490e-02	3.404922e+00	3.349260e+02	4.125977e+00	6.169410e+01	1	1
241	3	4	1.267260e+00	1.245578e-02	1.142368e+01	1.097479e+03	1.930733e+01	6.070081e+01	1	1
242	3	1	1.066821e+00	-4.350041e-02	6.898245e+00	6.595647e+02	1.357935e+01	2.969385e+01	1	1
243	3	2	1.017558e+00	9.938677e-03	2.140571e+01	2.040450e+03	3.747528e+01	6.167978e+01	1	1
244	3	3	8.957029e-01	6.524403e-01	4.421173e+01	3.359153e+03	6.081533e+01	8.569922e+01	0	1
245	3	1	8.183500e-01	4.927187e-02	1.547810e+01	1.556890e+03	2.337734e+01	5.263859e+01	1	1
246	3	3	1.330702e+00	-1.147371e-01	9.059549e+00	8.612784e+02	1.538095e+01	4.117263e+01	1	1
247	3	2	1.034719e+00	-1.907979e-01	1.229978e+01	1.158136e+03	2.085827e+01	3.193235e+01	0	1
248	3	4	1.133920e+00	-1.145827e-01	1.579074e+01	1.492632e+03	2.196589e+01	6.460464e+01	1	1
249	3	2	1.001711e+00	3.539028e-01	2.275389e+01	2.104588e+03	3.417245e+01	100	0	1
250	3	3	9.014767e-01	5.530141e-01	3.693490e+01	3.045197e+03	5.414546e+01	7.907653e+01	0	1
251	3	1	8.685075e-01	7.507274e-02	1.977050e+01	1.952879e+03	3.130950e+01	6.115628e+01	1	1
252	3	4	1.184181e+00	9.598012e-02	6.122239e+00	5.846367e+02	1.121980e+01	5.506255e+01	1	1
253	3	2	1.167629e+00	2.314063e-02	1.681380e+01	1.633865e+03	2.692806e+01	5.122830e+01	1	1
254	3	4	1.140959e+00	4.672719e-02	1.244565e+01	1.205096e+03	2.491723e+01	5.321809e+01	1	1
255	3	1	9.846330e-01	1.385548e-01	1.651197e+01	1.554856e+03	2.448841e+01	5.455979e+01	1	1
256	3	3	9.000436e-01	1.848437e-01	2.949413e+01	2.768343e+03	4.597368e+01	6.821041e+01	0	1
257	1	3	7.673298e-01	-1.304344e-01	6.497380e+00	6.181648e+02	1.248047e+01	100	1	1
258	1	1	5.343010e-01	-8.314985e-02	3.232624e+00	3.636702e+02	9.375977e+00	100	1	1
259	1	2	5.182989e-01	-1.633300e-01	1.825980e+01	1.972129e+03	2.213965e+01	9.647727e-01	0	1
260	1	4	7.188922e-01	-1.482705e-01	6.309251e+00	6.123979e+02	1.449805e+01	100	1	1
261	1	3	5.014701e-01	-6.646745e-02	7.706111e+00	7.538443e+02	9.637695e+00	6.627501e+01	1	1
262	1	2	7.505374e-01	-7.703276e-02	3.809864e+00	3.642699e+02	7.379883e+00	100	1	1
263	1	1	7.853406e-01	-1.997466e-02	6.731912e+00	6.433512e+02	1.180664e+01	8.419289e+01	1	1
264	1	4	6.512662e-01	-4.084064e-02	5.566247e+00	5.306308e+02	8.844727e+00	7.404475e+01	1	1
265	1	1	7.498474e-01	-8.405592e-02	3.553400e+00	3.368616e+02	7.987305e+00	9.835179e+01	1	1
266	1	3	7.675454e-01	-6.454388e-02	6.029245e+00	5.720894e+02	7.435547e+00	8.380453e+01	1	1
267	1	2	9.009544e-01	-1.194249e-02	3.624491e+00	3.520853e+02	8.019531e+00	7.542223e+01	1	1
268	1	4	7.671114e-01	-1.088158e-01	4.578430e+00	4.366051e+02	1.041797e+01	9.180645e+01	1	1
269	1	1	5.506825e-01	-1.398778e-01	3.572737e+00	3.389948e+02	1.335937e+01	100	1	1
270	1	3	6.837412e-01	-2.271222e-02	3.263195e+00	3.118518e+02	3.473633e+00	2.441549e+01	1	1
271	1	4	7.170784e-01	-9.199683e-03	2.470221e+00	2.357276e+02	3.375977e+00	7.143208e+01	1	1
272	1	2	6.835275e-01	2.841735e-02	3.139010e+00	3.032547e+02	4.830078e+00	8.840761e+01	1	1
273	2	2	6.840360e-01	-1.066550e-01	6.826238e+00	6.562188e+02	1.029199e+01	9.476224e+01	1	1
274	2	4	6.183910e-01	-1.700943e-02	6.484677e-01	6.205722e+01	1.627930e+00	100	1	1
275	2	1	5.507213e-01	-1.415380e-02	7.657305e-01	7.512310e+01	1.388672e+00	100	1	1
276	2	3	6.008583e-01	1.808478e-02	9.984725e-01	9.585336e+01	1.736328e+00	100	1	1
277	2	4	6.013238e-01	2.107083e-02	4.667908e+00	4.546834e+02	6.219727e+00	6.684312e+01	1	1
278	2	2	5.340853e-01	-1.361613e-02	1.102113e+00	1.054390e+02	1.563477e+00	8.384746e+01	1	1
279	2	3	5.673456e-01	3.308944e-02	1.714897e+00	1.664003e+02	3.211914e+00	100	1	1
280	2	1	5.013982e-01	4.356494e-02	3.317237e+00	3.229641e+02	4.244141e+00	100	1	1
281	2	2	7.498246e-01	-2.008995e-02	2.096297e+00	1.992895e+02	3.125000e+00	6.237455e+01	1	1
282	2	4	5.676953e-01	-6.375514e-02	4.146302e+00	4.007539e+02	6.142578e+00	8.895153e+01	1	1
283	2	1	5.343947e-01	-8.022589e-02	3.654726e+00	3.679673e+02	8.094727e+00	100	1	1
284	2	3	6.176624e-01	1.548618e-02	6.314607e-01	6.099947e+01	1.496094e+00	100	1	1
285	2	4	5.515654e-01	-4.302473e-02	2.739083e+00	2.617644e+02	4.635742e+00	7.547108e+01	1	1
286	2	2	5.848896e-01	-7.316891e-02	3.572182e+00	3.554147e+02	7.292969e+00	9.005231e+01	1	1
287	2	3	5.337598e-01	5.163073e-02	1.844663e+00	1.766337e+02	4.948242e+00	100	1	1
288	2	1	4.847579e-01	-3.678920e-03	1.768122e+00	1.802276e+02	3.010742e+00	4.557378e+01	1	1
289	1	3	6.519980e-01	5.549899e-02	3.333308e+00	3.749939e+02	6.250000e+00	100	1	1
290	1	1	5.170849e-01	-5.332994e-02	2.068651e+00	2.224507e+02	5.740234e+00	100	1	1
291	1	2	5.674747e-01	1.273673e-02	2.021742e+00	1.928256e+02	3.038086e+00	7.405724e+01	1	1
292	1	4	6.006413e-01	-3.015123e-02	7.574175e-01	7.384302e+01	2.940430e+00	100	1	1
293	1	1	5.677190e-01	-5.757006e-02	2.049147e+00	2.037101e+02	5.729492e+00	100	1	1
294	1	3	7.017388e-01	1.933006e-03	3.139028e+00	3.092402e+02	5.105469e+00	1.909813e+01	1	1
295	1	2	5.006892e-01	-6.118699e-02	3.839928e+00	3.809703e+02	6.078125e+00	8.319881e+01	1	1
296	1	4	6.007427e-01	1.705888e-02	5.082613e-01	4.916783e+01	1.650391e+00	100	1	1
297	1	1	6.334764e-01	-3.221344e-02	1.679989e+00	1.596596e+02	3.062500e+00	100	1	1
298	1	4	6.167740e-01	-3.453497e-02	1.775482e+00	1.695290e+02	3.298828e+00	8.799693e+01	1	1
299	1	2	4.686189e-01	1.482447e-02	4.161307e+00	4.119816e+02	5.895508e+00	7.106107e+01	1	1
300	1	3	5.175261e-01	2.375855e-02	1.573169e+00	1.565195e+02	2.364258e+00	100	1	1
301	1	4	5.007452e-01	-2.774901e-03	3.395478e+00	3.274182e+02	6.417969e+00	3.553402e+01	1	1
302	1	1	4.337853e-01	-5.088412e-02	3.081584e+00	2.973427e+02	4.914062e+00	100	1	1
303	1	3	5.515987e-01	1.208761e-01	5.801215e+00	5.756743e+02	1.205371e+01	100	1	1
304	1	2	4.508514e-01	-7.348795e-02	4.567010e+00	4.894907e+02	7.890625e+00	100	1	1
305	3	2	1.084717e+00	3.832095e-01	3.644459e+01	3.293454e+03	4.877103e+01	5.862854e+01	0	1
306	3	4	7.799653e-01	4.243150e-01	2.902758e+01	2.548262e+03	4.481496e+01	7.944073e+01	0	1
307	3	3	4.168363e-01	6.429480e-01	3.133320e+01	2.542089e+03	6.077804e+01	100	0	1
308	3	1	7.000111e-01	4.543475e-01	3.476992e+01	3.087014e+03	4.515609e+01	8.527218e+01	0	1
309	3	3	9.116365e-01	1.221816e-01	1.325603e+01	1.261019e+03	2.144108e+01	6.728078e+01	1	1
310	3	2	6.004602e-01	4.191253e-01	2.304059e+01	2.081657e+03	4.123455e+01	9.347662e+01	0	1
311	3	1	8.504208e-01	-1.509722e-02	5.811698e+00	5.754612e+02	8.266382e+00	4.996687e+01	1	1
312	3	4	7.344367e-01	4.470810e-01	3.547130e+01	3.104705e+03	5.356886e+01	8.141346e+01	0	1
313	3	3	7.181786e-01	1.387434e-01	1.268320e+01	1.205029e+03	2.689561e+01	7.906519e+01	1	1
314	3	4	1.100553e+00	7.986929e-02	5.688764e+00	5.600438e+02	1.882465e+01	6.776112e+01	1	1
315	3	2	8.337221e-01	1.061921e-01	2.212601e+01	2.101181e+03	3.289842e+01	5.209747e+01	1	1
316	3	1	9.687538e-01	6.446898e-02	2.292393e+01	2.232549e+03	3.593815e+01	5.858546e+01	1	1
317	3	3	7.517500e-01	2.850846e-01	2.351297e+01	2.244729e+03	2.920613e+01	8.765370e+01	0	1
318	3	2	6.847800e-01	2.958648e-01	2.166930e+01	2.005453e+03	3.226175e+01	8.646810e+01	0	1
319	3	4	1.384003e+00	1.501931e-02	1.887290e+01	1.825289e+03	2.567820e+01	2.112268e+01	1	1
320	3	1	1.101527e+00	8.947185e-02	1.560910e+01	1.505331e+03	2.534950e+01	5.620404e+01	1	1
