Trial	Type	Target #	Time to Target	Endpoint Error	Est. Avg. Error Mag	Accum. Error x dMagProj	Max Error Mag.	Max Error Pos. (% of trajectory)	Feedback	Target (1)/Return (0)
1	1	3	1.517762e+00	2.324552e-01	1.153483e+01	1.093067e+03	2.209003e+01	100	0	1
1	0	3	2.018782e-01	0	1.628010e+01	3.128779e+03	2.322209e+01	5.061096e+01	1	0
2	1	4	4.517731e-01	2.739041e-02	2.777703e-01	2.776661e+01	2.738698e+00	100	1	1
2	0	4	3.685830e-01	0	2.348572e+00	4.692614e+02	4.691502e+00	5.004323e+01	1	0
3	1	1	1.419544e+00	6.123234e-17	1.709124e+00	3.257647e+02	1.214177e+01	6.229614e+01	1	1
3	0	1	3.340160e-01	0	4.438205e-15	8.893780e-13	6.135217e-15	5.000000e+01	1	0
4	1	2	4.513382e-01	-1.377931e-01	1.257732e+01	1.405773e+03	1.605478e+01	7.652782e+01	1	1
4	0	2	8.516511e-01	0	6.601635e+00	1.459031e+03	1.467710e+01	9.087982e+01	1	0
5	1	3	3.007280e-01	-1.570796e+00	7.319933e+01	3.150016e+02	1.001957e+02	100	0	1
5	0	3	2.026269e-01	0	7.484462e+01	4.882340e-12	1.001957e+02	50	1	0
6	1	1	3.343840e-01	1.570796e+00	6.693389e+01	1.361842e-12	1.001957e+02	100	0	1
6	0	1	2.682719e-01	0	7.491812e+01	3.036908e-12	1.001957e+02	5.019214e+01	1	0
7	1	4	3.354215e-01	-3.141593e+00	9.585640e-02	9.473089e+00	1.956947e+00	4.850086e-16	0	1
7	0	4	3.190634e-01	0	1.999423e+00	4.005648e+02	3.910912e+00	4.997467e+01	1	0
8	1	2	3.678930e-01	2.642957e-16	1.430981e-14	1.433782e-12	2.648129e-14	100	1	1
8	0	2	3.014523e-01	0	1.826779e-14	3.660707e-12	2.648129e-14	50	1	0
9	1	3	2.681574e-01	-1.570796e+00	5.810131e+01	1.591400e+02	9.667319e+01	100	0	1
9	0	3	2.184820e-01	0	7.427576e+01	4.845231e-12	1.001957e+02	5.000000e+01	1	0
10	1	4	2.508495e-01	-3.082606e+00	2.218348e+00	2.201489e+02	5.860631e+00	100	0	1
10	0	4	1.843372e-01	0	5.135801e-01	1.029184e+02	1.369416e+00	7.325127e+01	1	0
11	1	1	1.516758e-01	1.570796e+00	6.297703e+01	1.280580e-12	100	100	0	1
11	0	1	8.462427e-02	0	2.738174e+00	1.607538e+00	8.043053e+01	3.259465e-12	1	0
12	1	2	1.025473e-01	1.953123e-03	1.872822e-02	1.876484e+00	1.956943e-01	100	1	1
12	0	2	-1.540668e-02	0	2.725470e+00	2.971274e+00	2.725470e+00	100	1	0
13	1	1	-1.453559e-02	1.570796e+00	1.001957e+02	2.038589e-12	1.001957e+02	100	0	1
13	0	1	-1.469199e-02	0	1.174168e+00	8.441926e-17	1.174168e+00	100	1	0
14	1	3	-1.616383e-02	-1.564937e+00	1.001940e+02	5.882128e+01	1.001940e+02	100	0	1
14	0	3	-1.491590e-02	0	2.516398e-16	3.447120e-16	2.516398e-16	100	1	0
15	1	2	-1.468002e-02	5.073767e-02	5.081515e+00	5.084907e+02	5.081515e+00	100	1	1
15	0	2	-1.445884e-02	0	5.870841e-01	4.220963e-17	5.870841e-01	100	1	0
16	1	4	-1.483382e-02	-3.114256e+00	2.738702e+00	2.743037e+02	2.738702e+00	1.000000e+02	0	1
16	0	4	-1.446712e-02	0	1.174168e+00	3.376771e-16	1.174168e+00	100	1	0
17	2	2	6.678179e-01	-3.141593e+00	6.760107e-15	6.760107e-13	4.109589e+00	5.512109e-16	0	1
17	0	2	1.190236e-01	0	9.784698e-02	1.956940e+01	1.956943e-01	4.999990e+01	1	0
18	2	4	3.018335e-01	-4.693224e-02	3.027329e+00	3.023996e+02	4.691502e+00	100	1	1
18	0	4	6.872928e-02	0	4.400259e+00	7.033895e+02	4.874775e+00	6.459740e+01	1	0
19	2	1	8.510351e-02	-1.570796e+00	9.217188e+01	1.082246e+02	100	100	0	1
19	0	1	-1.340581e-02	0	0	0	0	0	1	0
20	2	3	-1.488527e-02	1.520334e+00	9.674558e+01	4.727124e+02	9.674558e+01	100	0	1
20	0	3	-1.606502e-02	0	0	0	0	0	1	0
21	2	4	-1.592019e-02	-3.911898e-02	3.910900e+00	3.907908e+02	3.910900e+00	100	1	1
21	0	4	-1.601645e-02	0	9.784736e-01	2.344980e-16	9.784736e-01	100	1	0
22	2	2	-1.454114e-02	-3.098566e+00	4.301299e+00	4.297318e+02	4.301299e+00	100	0	1
22	0	2	-1.473414e-02	0	3.913894e-01	1.875984e-17	3.913894e-01	100	1	0
23	2	3	1.947459e-02	1.570796e+00	9.085899e+01	1.636390e-12	9.804305e+01	100	0	1
23	0	3	-1.431331e-02	0	1.078456e-16	6.331445e-17	1.078456e-16	100	1	0
24	2	1	1.975093e-03	1.572792e+00	9.804286e+01	1.918643e+01	9.804286e+01	100	0	1
24	0	1	-1.602211e-02	0	0	0	0	0	1	0
25	2	2	-1.468230e-02	2.642957e-16	2.648129e-14	2.653311e-12	2.648129e-14	100	1	1
25	0	2	-1.470460e-02	0	0	0	0	0	1	0
26	2	4	-1.466451e-02	3.325584e-02	3.324971e+00	3.323132e+02	3.324971e+00	1.000000e+02	1	1
26	0	4	-1.470566e-02	0	5.870841e-01	8.441926e-17	5.870841e-01	100	1	0
27	2	1	-1.571180e-02	-1.398358e+00	9.851693e+01	1.690405e+03	9.851693e+01	100	0	1
27	0	1	-1.491931e-02	0	1.198285e-17	2.344980e-18	1.198285e-17	100	1	0
28	2	3	-1.442283e-02	1.812549e+00	9.709198e+01	2.324430e+03	9.709198e+01	100	0	1
28	0	3	-1.593200e-02	0	8.987134e-16	4.396837e-15	8.987134e-16	100	1	0
29	2	4	-1.447064e-02	9.559812e-02	9.545257e+00	9.501673e+02	9.545257e+00	100	1	1
29	0	4	-1.611882e-02	0	1.956947e-01	9.379918e-18	1.956947e-01	100	1	0
30	2	2	-1.482260e-02	-3.116158e+00	2.543208e+00	2.542386e+02	2.543208e+00	100	0	1
30	0	2	-1.559011e-02	0	1.565558e+00	3.001574e-16	1.565558e+00	100	1	0
31	2	3	-1.426949e-02	1.617729e+00	9.988989e+01	4.686336e+02	9.988989e+01	100	0	1
31	0	3	-1.605241e-02	0	2.516398e-16	3.447120e-16	2.516398e-16	100	1	0
32	2	1	-1.415582e-02	-1.381316e+00	9.821023e+01	1.849774e+03	9.821023e+01	100	0	1
32	0	1	-1.576919e-02	0	2.396569e-17	9.379918e-18	2.396569e-17	100	1	0
33	2	2	1.746862e-03	-2.881370e+00	2.455324e+01	2.284440e+03	2.477291e+01	1.000000e+02	0	1
33	0	2	-1.467723e-02	0	4.892368e+00	2.931224e-15	4.892368e+00	1.000000e+02	1	0
34	2	4	-1.441290e-02	1.495597e-01	1.490028e+01	1.473394e+03	1.490028e+01	1.000000e+02	0	1
34	0	4	-1.598941e-02	0	3.131115e+00	2.401259e-15	3.131115e+00	100	1	0
35	2	1	-1.460142e-02	-1.448128e+00	9.924856e+01	1.214418e+03	9.924856e+01	100	0	1
35	0	1	-1.459568e-02	0	3.594854e-17	2.110482e-17	3.594854e-17	100	1	0
36	2	3	-1.454176e-02	1.611869e+00	9.991566e+01	4.102660e+02	9.991566e+01	100	0	1
36	0	3	-1.475668e-02	0	5.032795e-16	1.378848e-15	5.032795e-16	100	1	0
37	2	4	-1.454677e-02	2.739041e-02	2.738698e+00	2.737671e+02	2.738698e+00	100	1	1
37	0	4	-1.552700e-02	0	2.935421e+00	2.110482e-15	2.935421e+00	100	1	0
38	2	2	-1.467513e-02	-3.141593e+00	1.224647e-14	1.224647e-12	1.224647e-14	100	0	1
38	0	2	-1.574681e-02	0	3.131115e+00	1.200630e-15	3.131115e+00	100	1	0
39	2	3	-1.484255e-02	1.576667e+00	9.999828e+01	5.870639e+01	9.999828e+01	100	0	1
39	0	3	-1.546112e-02	0	2.156912e-16	2.532578e-16	2.156912e-16	100	1	0
40	2	1	-1.460119e-02	-1.570796e+00	100	6.123234e-13	100	100	0	1
40	0	1	-1.467855e-02	0	0	0	0	0	1	0
41	2	2	-1.314475e-02	-3.141593e+00	1.224647e-14	1.224647e-12	1.224647e-14	100	0	1
41	0	2	-1.630567e-02	0	1.956947e+00	4.689959e-16	1.956947e+00	100	1	0
42	2	4	-1.500239e-02	-4.888470e-02	4.886523e+00	4.880686e+02	4.886523e+00	100	1	1
42	0	4	-1.436649e-02	0	3.718200e+00	3.386150e-15	3.718200e+00	100	1	0
43	2	1	-1.461184e-02	-1.637235e+00	9.977938e+01	6.624294e+02	9.977938e+01	100	0	1
43	0	1	-1.487000e-02	0	1.318113e-16	2.837425e-16	1.318113e-16	100	1	0
44	2	3	-1.463913e-02	1.332736e+00	9.717973e+01	2.291670e+03	9.717973e+01	100	0	1
44	0	3	-1.484207e-02	0	5.032795e-16	1.378848e-15	5.032795e-16	100	1	0
45	2	4	-1.477456e-02	-5.864110e-02	5.860750e+00	5.850676e+02	5.860750e+00	100	1	1
45	0	4	-1.460197e-02	0	1.565558e+00	6.003148e-16	1.565558e+00	100	1	0
46	2	2	-1.475871e-02	3.022781e+00	1.185322e+01	1.176966e+03	1.185322e+01	100	0	1
46	0	2	-1.474542e-02	0	2.348337e+00	6.753541e-16	2.348337e+00	100	1	0
47	2	3	-1.443172e-02	1.519960e+00	9.987081e+01	5.074924e+02	9.987081e+01	100	0	1
47	0	3	-1.486911e-02	0	4.313824e-16	1.013031e-15	4.313824e-16	100	1	0
48	2	1	-1.404575e-02	-1.570796e+00	100	6.123234e-13	100	100	0	1
48	0	1	-1.468238e-02	0	8.387992e-17	1.149040e-16	8.387992e-17	100	1	0
49	2	2	-1.287068e-02	-3.141593e+00	1.224647e-14	1.224647e-12	1.224647e-14	100	0	1
49	0	2	-1.434239e-02	0	2.348337e+00	6.753541e-16	2.348337e+00	100	1	0
50	2	4	-1.582593e-02	-1.743373e-01	1.734555e+01	1.708262e+03	1.734555e+01	1.000000e+02	0	1
50	0	4	-1.414934e-02	0	3.718200e+00	3.386150e-15	3.718200e+00	100	1	0
51	2	1	-1.467882e-02	-1.594275e+00	9.997244e+01	2.347042e+02	9.997244e+01	100	0	1
51	0	1	-1.484017e-02	0	7.189707e-17	8.441926e-17	7.189707e-17	100	1	0
52	2	3	-1.419544e-02	1.512155e+00	9.982811e+01	5.850676e+02	9.982811e+01	100	0	1
52	0	3	-1.444542e-02	0	5.751766e-16	1.800944e-15	5.751766e-16	100	1	0
53	2	4	4.674692e-01	2.449294e-16	1.841174e-03	1.841174e-01	3.913894e-01	9.586276e-17	1	1
53	0	4	2.678205e-01	0	1.110596e-02	2.221192e+00	1.956947e-01	100	1	0
54	2	2	1.513150e-01	3.131808e+00	5.931262e-02	5.930978e+00	9.784267e-01	1.000000e+02	0	1
54	0	2	1.189692e-01	0	7.936045e-15	1.422587e-12	1.104818e-14	5.032751e+01	1	0
55	2	3	1.352860e-01	1.537540e+00	9.818573e+01	3.264647e+02	9.994471e+01	100	0	1
55	0	3	1.945765e-03	0	8.526206e+00	3.837627e+01	9.030480e+00	9.441586e+01	1	0
56	2	1	5.241816e-02	-1.570796e+00	6.906645e+01	4.229100e-13	100	100	0	1
56	0	1	-1.496805e-02	0	3.594854e-17	2.110482e-17	3.594854e-17	100	1	0
57	2	2	1.977485e-03	3.084343e+00	5.022805e+00	4.965510e+02	5.665849e+00	100	0	1
57	0	2	-1.430987e-02	0	3.326810e+00	1.355398e-15	3.326810e+00	100	1	0
58	2	4	1.184411e+00	2.449294e-16	1.575260e+01	2.824862e+03	8.880830e+01	2.673579e+01	1	1
58	0	4	2.344134e-01	0	1.756042e-14	3.494901e-12	2.449294e-14	5.024582e+01	1	0
59	2	1	2.010534e-01	1.570796e+00	3.593324e+01	1.263920e+02	9.921722e+01	100	1	1
59	0	1	3.686848e-01	0	2.169735e+00	4.348181e+02	4.691522e+00	4.996831e+01	1	0
60	2	3	7.679695e-01	-4.131506e-02	3.130077e+00	3.280556e+02	6.222016e+00	5.735898e+01	1	1
60	0	3	2.681051e-01	0	1.300080e-14	2.554365e-12	1.804617e-14	50	1	0
61	2	4	8.019212e-01	-6.086893e-01	4.793925e+01	3.959676e+03	5.538892e+01	1.000000e+02	1	1
61	0	4	7.180359e-01	0	4.592677e+00	9.218583e+02	9.352178e+00	5.003811e+01	1	0
62	2	2	7.359320e-01	2.057610e-03	2.201829e-01	2.094103e+01	1.174075e+00	9.814059e+01	1	1
62	0	2	2.668217e-01	0	1.001964e-01	1.960803e+01	3.913864e-01	5.119990e+01	1	0
63	2	3	7.017344e-01	1.836970e-16	9.359640e-15	9.304691e-13	1.804617e-14	100	1	1
63	0	3	1.522420e-01	0	1.321949e-14	2.643899e-12	1.836970e-14	50	1	0
64	2	1	6.850370e-01	-2.054754e-01	5.522168e+00	5.279053e+02	1.992412e+01	100	0	1
64	0	1	3.012213e-01	0	1.514909e+01	2.978811e+03	2.141151e+01	5.032091e+01	1	0
65	1	2	2.735378e+00	2.981224e-02	1.739223e-01	1.711234e+01	6.653620e+00	1.510176e-15	1	1
65	0	2	6.517553e-01	0	1.708086e+00	3.409775e+02	2.934162e+00	5.017033e+01	1	0
66	1	3	5.017720e-01	-1.600085e+00	7.030442e+01	2.062845e+02	1.001527e+02	100	0	1
66	0	3	5.847313e-01	0	7.641970e+01	1.223049e+03	1.001338e+02	3.663498e+01	1	0
67	1	4	4.681313e-01	-3.141593e+00	2.106411e-02	2.106411e+00	5.870841e-01	5.272452e-16	0	1
67	0	4	5.024402e-01	0	1.724258e+00	3.411400e+02	6.000884e+00	8.083697e+01	1	0
68	1	1	4.021493e-01	1.570796e+00	2.851149e+01	5.578844e+01	9.745597e+01	100	0	1
68	0	1	3.352766e-01	0	6.353315e+00	7.451928e+00	1.001957e+02	1.734652e-12	1	0
69	1	4	4.354055e-01	-3.141593e+00	2.073703e-14	2.122401e-12	1.956947e-01	3.824092e+00	0	1
69	0	4	3.345704e-01	0	2.618974e-14	5.248199e-12	3.875172e-14	50	1	0
70	1	3	4.672541e-01	-1.568768e+00	4.778229e+01	2.897629e+02	9.647730e+01	100	0	1
70	0	3	3.513609e-01	0	7.423808e+01	4.842774e-12	1.001957e+02	50	1	0
71	1	1	4.172738e-01	1.558986e+00	6.091409e+01	1.179772e+02	9.940598e+01	100	0	1
71	0	1	3.685853e-01	0	5.057548e+01	6.729171e+02	1.001634e+02	2.205297e+01	1	0
72	1	2	4.839339e-01	2.642957e-16	1.204497e-02	1.220015e+00	1.565558e+00	1.078780e+00	1	1
72	0	2	3.028898e-01	0	1.805416e-14	3.617898e-12	2.648129e-14	50	1	0
73	1	4	3.677640e-01	-3.141593e+00	1.980935e-14	1.984812e-12	1.956947e-01	4.783777e-17	0	1
73	0	4	2.845693e-01	0	2.717117e-14	5.444868e-12	3.875172e-14	50	1	0
74	1	2	4.683899e-01	2.688709e-16	1.324085e-14	1.300764e-12	2.609784e-14	100	1	1
74	0	2	3.509823e-01	0	6.948987e-01	1.373541e+02	2.152127e+00	4.980197e+01	1	0
75	1	1	4.026245e-01	1.514216e+00	7.484820e+01	5.141972e+02	1.000354e+02	1.000000e+02	0	1
75	0	1	3.178098e-01	0	6.785501e+01	1.464790e+03	9.979374e+01	4.690316e+01	1	0
76	1	3	4.183015e-01	-1.542691e+00	5.747853e+01	2.471235e+02	9.741748e+01	100	0	1
76	0	3	4.183577e-01	0	1.001929e+02	3.136912e+02	1.001957e+02	1.000000e+02	1	0
77	1	2	5.024460e-01	-6.072800e-03	2.946545e-01	2.848466e+01	1.174073e+00	9.554060e+01	1	1
77	0	2	3.844535e-01	0	1.972186e+00	3.937452e+02	2.934162e+00	5.017509e+01	1	0
78	1	3	4.845696e-01	-1.590635e+00	7.059131e+01	2.485543e+02	9.861073e+01	100	0	1
78	0	3	4.020216e-01	0	7.699500e+01	8.353451e+02	1.001726e+02	2.704568e+01	1	0
79	1	4	4.017020e-01	3.127279e+00	4.957308e-01	4.743396e+01	1.369723e+00	1.000000e+02	0	1
79	0	4	3.346652e-01	0	3.013626e+00	6.039008e+02	4.106137e+00	4.998058e+01	1	0
80	1	1	4.675616e-01	1.570796e+00	7.861442e-01	1.523188e+00	9.726027e+01	100	0	1
80	0	1	4.013242e-01	0	7.265016e+01	2.956291e-12	1.001957e+02	50	1	0
81	2	2	1.002405e+00	-1.430328e-01	3.470885e+00	3.454253e+02	1.375244e+01	100	0	1
81	0	2	3.514900e-01	0	8.443426e+00	1.678623e+03	1.697227e+01	4.976550e+01	1	0
82	2	4	2.857123e-01	-3.094104e+00	2.344506e+00	2.323541e+02	4.691378e+00	100	0	1
82	0	4	1.183967e-01	0	6.809467e+00	1.307413e+03	8.577812e+00	5.107310e+01	1	0
83	2	1	6.819356e-02	1.641671e+00	7.229759e+01	6.332181e+02	9.623528e+01	100	0	1
83	0	1	-1.498402e-02	0	1.198285e-17	2.344980e-18	1.198285e-17	100	1	0
84	2	3	-1.445561e-02	-1.570796e+00	1.001957e+02	3.268033e-12	1.001957e+02	100	0	1
84	0	3	-1.464702e-02	0	3.594854e-17	7.034939e-18	3.594854e-17	100	1	0
85	2	4	-1.421179e-02	-3.141593e+00	3.875172e-14	3.882756e-12	3.875172e-14	100	0	1
85	0	4	-1.555581e-02	0	1.383771e-01	1.914821e-02	1.383771e-01	100	1	0
86	2	2	-1.469697e-02	2.642957e-16	2.648129e-14	2.653311e-12	2.648129e-14	100	1	1
86	0	2	-1.444696e-02	0	0	0	0	0	1	0
87	2	3	-1.462588e-02	-1.570796e+00	1.001957e+02	3.268033e-12	1.001957e+02	100	0	1
87	0	3	-1.452992e-02	0	0	0	0	0	1	0
88	2	1	-1.477457e-02	1.570796e+00	1.001957e+02	2.038589e-12	1.001957e+02	100	0	1
88	0	1	-1.620950e-02	0	0	0	0	0	1	0
89	2	2	-1.443597e-02	5.073767e-02	5.081515e+00	5.084907e+02	5.081515e+00	100	1	1
89	0	2	-1.397012e-02	0	1.956947e-01	4.689959e-18	1.956947e-01	100	1	0
90	2	4	-1.487988e-02	-5.083679e-02	5.081489e+00	5.074924e+02	5.081489e+00	100	1	1
90	0	4	-1.460021e-02	0	5.870841e-01	8.441926e-17	5.870841e-01	100	1	0
91	2	1	-1.608458e-02	1.654584e+00	9.984419e+01	8.372287e+02	9.984419e+01	100	0	1
91	0	1	-1.445479e-02	0	0	0	0	0	1	0
92	2	3	-1.435588e-02	1.570796e+00	100	1.836970e-12	100	100	0	1
92	0	3	-1.491466e-02	0	1.078456e-16	6.331445e-17	1.078456e-16	100	1	0
93	2	4	-1.416747e-02	-3.079174e+00	6.250036e+00	6.250071e+02	6.250036e+00	100	0	1
93	0	4	-1.476026e-02	0	0	0	0	0	1	0
94	2	2	-1.576640e-02	3.086853e+00	5.471245e+00	5.463050e+02	5.471245e+00	100	0	1
94	0	2	-1.450354e-02	0	4.500978e+00	2.480988e-15	4.500978e+00	100	1	0
95	2	3	3.542504e-02	-1.529804e+00	7.697905e+01	3.160865e+02	1.001115e+02	100	0	1
95	0	3	-1.617720e-02	0	7.549193e-16	3.102408e-15	7.549193e-16	100	1	0
96	2	1	-1.466206e-02	-1.451207e+00	9.539983e+01	1.093618e+03	9.539983e+01	1.000000e+02	0	1
96	0	1	-1.463854e-02	0	1.677598e-16	4.596160e-16	1.677598e-16	100	1	0
97	2	2	8.483253e-02	-1.570796e+00	6.459883e+01	7.740777e-13	9.784736e+01	100	0	1
97	0	2	1.715072e-02	0	5.060106e+00	3.395530e-15	5.088063e+00	9.285714e+01	1	0
98	2	4	1.970120e-03	-1.568796e+00	9.784716e+01	1.914813e+01	9.784716e+01	100	0	1
98	0	4	-1.452616e-02	0	3.131115e+00	2.401259e-15	3.131115e+00	100	1	0
99	2	1	-1.571462e-02	-1.570796e+00	100	6.123234e-13	100	100	0	1
99	0	1	-1.470543e-02	0	1.930321e-01	2.235683e-01	1.930321e-01	100	1	0
100	2	3	-1.535110e-02	1.570796e+00	100	1.836970e-12	100	100	0	1
100	0	3	-1.456267e-02	0	1.937279e-01	2.627135e-01	1.937279e-01	100	1	0
101	2	4	-1.451514e-02	-4.825226e-02	4.691207e+00	4.557370e+02	4.691207e+00	100	1	1
101	0	4	-1.444453e-02	0	5.870841e-01	8.441926e-17	5.870841e-01	100	1	0
102	2	2	-1.585897e-02	3.108337e+00	3.324971e+00	3.323132e+02	3.324971e+00	1.000000e+02	0	1
102	0	2	-1.608931e-02	0	3.326810e+00	1.355398e-15	3.326810e+00	100	1	0
103	2	3	-1.452701e-02	1.498515e+00	9.973889e+01	7.202941e+02	9.973889e+01	100	0	1
103	0	3	-1.450819e-02	0	8.627649e-16	4.052125e-15	8.627649e-16	100	1	0
104	2	1	-1.434807e-02	-1.627487e+00	9.983935e+01	5.656927e+02	9.983935e+01	1.000000e+02	0	1
104	0	1	-1.529108e-02	0	8.387992e-17	1.149040e-16	8.387992e-17	100	1	0
105	2	2	-1.446959e-02	3.082952e+00	5.860750e+00	5.850676e+02	5.860750e+00	100	0	1
105	0	2	-1.616523e-02	0	2.935421e+00	1.055241e-15	2.935421e+00	100	1	0
106	2	4	-1.461811e-02	-8.200745e-02	8.191556e+00	8.164026e+02	8.191556e+00	100	1	1
106	0	4	-1.564655e-02	0	3.718200e+00	3.386150e-15	3.718200e+00	100	1	0
107	2	1	-1.438416e-02	-1.617729e+00	9.988989e+01	4.686336e+02	9.988989e+01	100	0	1
107	0	1	-1.464607e-02	0	1.677598e-16	4.596160e-16	1.677598e-16	100	1	0
108	2	3	5.855237e-01	7.952119e-03	2.864265e-01	3.032332e+01	7.827541e-01	100	1	1
108	0	3	2.677371e-01	0	3.120928e+00	6.236733e+02	5.081489e+00	4.997642e+01	1	0
109	2	4	8.440747e-02	1.309343e+00	5.499136e+01	1.424224e+03	9.679058e+01	100	0	1
109	0	4	-1.448379e-02	0	5.272452e-16	1.134970e-15	5.272452e-16	100	1	0
110	2	2	1.814196e-02	-2.730107e+00	3.539653e+01	3.244189e+03	3.999719e+01	100	0	1
110	0	2	-1.426796e-02	0	4.696673e+00	2.701416e-15	4.696673e+00	100	1	0
111	2	3	7.020313e-01	1.679067e+00	3.992620e+01	5.782968e+02	9.844170e+01	100	0	1
111	0	3	1.001438e+00	0	8.175489e+01	1.751608e+03	9.977938e+01	3.642834e+01	1	0
112	2	1	7.011372e-01	-1.440425e+00	5.389340e+01	9.696774e+02	9.915136e+01	100	0	1
112	0	1	4.522014e-01	0	8.113078e+01	2.356609e+03	9.924856e+01	5.787480e+01	1	0
113	2	2	5.179841e-01	-2.931435e+00	9.178520e+00	9.119260e+02	2.086141e+01	100	0	1
113	0	2	2.851731e-01	0	1.595118e+01	3.092755e+03	2.268078e+01	5.031811e+01	1	0
114	2	4	8.591359e-02	2.945061e-01	1.299254e+01	1.243316e+03	2.902673e+01	100	0	1
114	0	4	-1.449999e-02	0	2.935421e+00	2.110482e-15	2.935421e+00	100	1	0
115	2	1	-1.430076e-02	-1.197735e+00	9.312159e+01	3.393984e+03	9.312159e+01	100	0	1
115	0	1	-1.456063e-02	0	2.276741e-16	8.465376e-16	2.276741e-16	100	1	0
116	2	3	-1.624100e-02	2.013086e+00	9.037738e+01	3.868245e+03	9.037738e+01	100	0	1
116	0	3	-1.544140e-02	0	5.751766e-16	1.800944e-15	5.751766e-16	100	1	0
117	2	4	-1.579388e-02	4.565778e-01	4.408791e+01	3.957183e+03	4.408791e+01	100	0	1
117	0	4	-1.469254e-02	0	1.369863e+00	4.596160e-16	1.369863e+00	100	1	0
118	2	2	-1.425579e-02	-2.600598e+00	5.149890e+01	4.414469e+03	5.149890e+01	100	0	1
118	0	2	-1.599605e-02	0	0	0	0	0	1	0
119	2	3	-1.441805e-02	2.097288e+00	8.645756e+01	4.344517e+03	8.645756e+01	100	0	1
119	0	3	-1.592749e-02	0	0	0	0	0	1	0
120	2	1	-1.469926e-02	-1.026931e+00	8.557147e+01	4.427878e+03	8.557147e+01	100	0	1
120	0	1	-1.585896e-02	0	5.991423e-17	5.862449e-17	5.991423e-17	100	1	0
121	2	2	-1.458789e-02	-2.610724e+00	5.062824e+01	4.366016e+03	5.062824e+01	100	0	1
121	0	2	-1.474567e-02	0	2.152642e+00	5.674850e-16	2.152642e+00	100	1	0
122	2	4	-1.614378e-02	5.664759e-01	5.366618e+01	4.528338e+03	5.366618e+01	100	0	1
122	0	4	-1.575612e-02	0	1.956947e-01	9.379918e-18	1.956947e-01	100	1	0
123	2	1	-1.453552e-02	-8.875228e-01	7.755102e+01	4.896068e+03	7.755102e+01	100	0	1
123	0	1	-1.457475e-02	0	2.767541e-01	7.659284e-02	2.767541e-01	100	1	0
124	2	3	-1.447206e-02	2.233733e+00	7.881880e+01	4.850781e+03	7.881880e+01	100	0	1
124	0	3	-1.617096e-02	0	2.156912e-16	2.532578e-16	2.156912e-16	100	1	0
125	2	4	-1.467899e-02	6.867942e-01	6.340615e+01	4.903087e+03	6.340615e+01	100	0	1
125	0	4	-1.478651e-02	0	3.913894e-01	3.751967e-17	3.913894e-01	100	1	0
126	2	2	-1.435225e-02	-2.458319e+00	6.313351e+01	4.896068e+03	6.313351e+01	100	0	1
126	0	2	-1.451162e-02	0	0	0	0	0	1	0
127	2	3	3.192421e-01	2.204077e+00	4.574310e+01	2.662109e+03	7.713860e+01	100	0	1
127	0	3	1.683255e-01	0	5.659323e+01	7.215046e+03	7.859446e+01	4.996717e+01	1	0
128	2	1	3.187906e-01	-9.156903e-01	4.437139e+01	2.759082e+03	7.634986e+01	100	0	1
128	0	1	3.346126e-01	0	5.602344e+01	7.205475e+03	7.792296e+01	4.944446e+01	1	0
129	1	1	1.218273e+00	4.489169e-02	1.626927e+00	1.760841e+02	1.920887e+01	2.673314e+00	1	1
129	0	1	2.676660e-01	0	3.417395e+00	6.782670e+02	3.910912e+00	5.044433e+01	1	0
130	1	4	4.688229e-01	-1.514727e-01	4.715231e+00	4.661241e+02	1.508941e+01	100	1	1
130	0	4	1.672116e-01	0	5.141091e+00	1.023148e+03	6.444501e+00	5.014332e+01	1	0
131	1	2	5.512184e-01	1.431395e-02	1.781118e+00	1.704261e+02	3.237783e+00	1.433138e+01	1	1
131	0	2	1.185977e-01	0	9.823070e-02	1.960769e+01	1.956943e-01	5.019598e+01	1	0
132	1	3	6.515290e-01	1.836970e-16	8.277739e-02	8.282180e+00	1.782990e+00	3.905790e+00	1	1
132	0	3	1.004814e-01	0	4.000400e+00	7.868106e+02	6.611297e+00	7.079983e+01	1	0
133	1	4	4.847266e-01	2.449294e-16	1.081205e+00	1.072674e+02	4.104938e+00	1.970279e-01	1	1
133	0	4	8.440992e-02	0	4.685612e-02	8.078509e+00	1.956866e-01	9.035034e+01	1	0
134	1	3	6.022863e-01	4.353683e-02	4.057011e-01	4.005575e+01	4.301204e+00	100	1	1
134	0	3	2.011725e-01	0	7.790033e+00	1.539022e+03	1.070140e+01	5.032610e+01	1	0
135	1	1	7.017973e-01	-1.278699e-01	1.192202e+01	1.259860e+03	1.996828e+01	6.986653e+01	1	1
135	0	1	2.679250e-01	0	2.682521e+00	5.316589e+02	3.324978e+00	5.052656e+01	1	0
136	1	2	4.855664e-01	-7.615764e-02	2.460202e+00	2.390664e+02	7.414844e+00	100	1	1
136	0	2	2.526265e-01	0	5.861005e+00	1.172089e+03	8.191663e+00	4.993490e+01	1	0
137	1	1	7.015944e-01	1.113144e-01	1.416522e+00	1.402383e+02	1.089108e+01	100	1	1
137	0	1	2.850908e-01	0	7.081226e+00	1.412676e+03	1.204508e+01	4.986020e+01	1	0
138	1	2	4.522178e-01	4.966092e-02	6.745794e-01	6.631998e+01	5.088063e+00	7.800611e-16	1	1
138	0	2	2.684892e-01	0	3.847836e+00	7.700810e+02	6.638998e+00	4.995440e+01	1	0
139	1	3	7.010973e-01	4.894048e-02	1.242904e+00	1.190398e+02	5.468781e+00	9.135991e+01	1	1
139	0	3	2.514627e-01	0	3.417887e+00	6.826721e+02	5.657980e+00	6.375781e+01	1	0
140	1	4	5.017489e-01	2.568605e-02	4.367185e+00	4.323027e+02	8.109066e+00	4.954148e+01	1	1
140	0	4	3.025811e-01	0	3.291856e+00	6.569941e+02	8.191556e+00	5.021350e+01	1	0
141	1	4	4.686945e-01	2.449294e-16	1.896665e+00	1.896665e+02	4.098241e+00	5.503353e+01	1	1
141	0	4	2.346499e-01	0	6.011217e-01	1.190480e+02	4.105629e+00	5.380046e+01	1	0
142	1	2	4.179274e-01	7.707474e-02	2.961979e+00	2.918510e+02	7.609436e+00	100	1	1
142	0	2	2.354666e-01	0	4.026778e+00	7.882744e+02	7.804009e+00	5.102793e+01	1	0
143	1	3	6.180039e-01	1.836970e-16	4.113621e-03	4.194122e-01	1.953570e-01	5.176711e+00	1	1
143	0	3	3.512543e-01	0	2.282339e+00	4.562004e+02	4.691502e+00	5.000822e+01	1	0
144	1	1	6.347720e-01	7.214022e-02	5.276257e-01	5.809751e+01	7.221872e+00	100	1	1
144	0	1	3.017962e-01	0	9.718487e+00	1.885488e+03	1.471161e+01	5.108475e+01	1	0
145	2	2	5.847390e-01	4.089957e-03	4.167745e-01	3.988279e+01	5.479452e+00	9.015880e-16	1	1
145	0	2	1.855215e-01	0	1.297814e-02	2.412766e+00	1.956947e-01	100	1	0
146	2	4	6.523935e-01	-3.467997e-02	4.810325e-01	4.699731e+01	3.324810e+00	100	1	1
146	0	4	3.511797e-01	0	2.462405e+00	4.863584e+02	4.496426e+00	5.061072e+01	1	0
147	2	1	1.269550e+00	-1.966442e-01	8.287382e+00	8.495468e+02	1.957617e+01	100	0	1
147	0	1	5.183965e-01	0	1.208133e+01	2.370466e+03	2.104618e+01	5.004527e+01	1	0
148	2	3	5.011616e-01	9.011670e-02	4.258272e+00	4.133101e+02	8.770529e+00	1.000000e+02	1	1
148	0	3	3.024092e-01	0	5.197985e+00	1.038040e+03	8.385237e+00	4.989865e+01	1	0
149	2	4	6.509902e-01	-6.416881e-02	2.591488e+00	2.520362e+02	6.438270e+00	8.465527e+01	1	1
149	0	4	2.854816e-01	0	2.442964e+00	4.877027e+02	4.496426e+00	5.004060e+01	1	0
150	2	2	5.351864e-01	2.694636e-16	1.217119e-14	1.243320e-12	2.604991e-14	100	1	1
150	0	2	3.015908e-01	0	7.187643e-02	1.440342e+01	7.826495e-01	7.851918e+01	1	0
151	2	3	5.515989e-01	-5.870774e-03	2.986109e-02	2.986058e+00	5.870740e-01	1.000000e+02	1	1
151	0	3	1.342261e-01	0	3.773712e+00	7.525284e+02	6.249988e+00	5.004907e+01	1	0
152	2	1	7.016898e-01	1.751417e-01	4.742773e+00	4.441733e+02	1.657228e+01	100	1	1
152	0	1	4.020215e-01	0	1.907980e+00	3.774888e+02	5.837900e+00	7.354919e+01	1	0
153	2	2	6.018752e-01	5.344699e-02	4.327282e+00	4.109699e+02	5.662577e+00	8.943564e+01	1	1
153	0	2	3.181090e-01	0	1.094436e+00	2.165342e+02	2.152145e+00	5.063056e+01	1	0
154	2	4	5.009369e-01	2.449294e-16	1.295165e-14	1.277423e-12	1.956947e-01	4.859710e-17	1	1
154	0	4	2.014646e-01	0	1.033065e+00	2.065877e+02	2.152143e+00	5.000546e+01	1	0
155	2	1	1.634949e+00	-1.065904e-01	6.650274e-01	6.953859e+01	1.030891e+01	9.866238e+01	1	1
155	0	1	2.356392e-01	0	4.055386e-15	8.126644e-13	6.135217e-15	50	1	0
156	2	3	4.177862e-01	1.836970e-16	9.950639e-15	9.950639e-13	1.836970e-14	100	1	1
156	0	3	2.015698e-01	0	4.745990e-01	9.259788e+01	2.737767e+00	6.542273e+01	1	0
157	2	4	5.359025e-01	2.449294e-16	1.315128e-14	1.268803e-12	4.892368e+00	1.242035e-15	1	1
157	0	4	1.347716e-01	0	1.734493e-14	3.421466e-12	2.415742e-14	50	1	0
158	2	2	3.022117e-01	3.997869e-02	1.081300e+00	1.057178e+02	3.910767e+00	100	1	1
158	0	2	6.823357e-02	0	2.455591e-01	2.960165e+01	2.152642e+00	1.000000e+02	1	0
159	2	3	1.521036e-01	-3.135733e+00	3.324274e-02	3.330722e+00	5.870741e-01	1.000000e+02	0	1
159	0	3	-1.439874e-02	0	8.268163e-16	3.721483e-15	8.268163e-16	100	1	0
160	2	1	4.843823e-01	6.123234e-17	3.191862e-15	3.535408e-13	6.135217e-15	100	1	1
160	0	1	2.512420e-01	0	4.423577e-15	8.864468e-13	6.135217e-15	50	1	0
161	2	2	5.509346e-01	-2.928850e-02	3.173226e-01	3.202911e+01	2.934162e+00	100	1	1
161	0	2	8.429139e-02	0	1.688705e-14	2.779258e-12	2.454007e-14	5.124851e+01	1	0
162	2	4	6.870088e-02	2.449294e-16	1.629845e-14	1.629845e-12	2.449294e-14	100	1	1
162	0	4	-1.561694e-02	0	2.348337e+00	1.350708e-15	2.348337e+00	100	1	0
163	2	1	5.338332e-01	6.123234e-17	3.999353e-01	4.226322e+01	1.565292e+00	8.776413e+01	1	1
163	0	1	1.689211e-01	0	4.413350e-15	8.843973e-13	6.135217e-15	5.000000e+01	1	0
164	2	3	4.357859e-01	1.014122e-01	3.747684e+00	3.831105e+02	1.012384e+01	100	1	1
164	0	3	2.012968e-01	0	5.326762e+00	1.063521e+03	7.415922e+00	4.994818e+01	1	0
165	2	4	4.349037e-01	-4.693224e-02	1.295284e+00	1.293858e+02	4.691502e+00	100	1	1
165	0	4	1.840614e-01	0	1.479145e+00	2.909735e+02	2.717802e+00	9.080647e+01	1	0
166	2	2	2.183575e-01	7.787096e-02	4.386439e+00	4.167754e+02	8.186418e+00	9.621161e+01	1	1
166	0	2	3.499829e-02	0	3.551784e-15	2.912324e-13	5.152624e-15	5.131265e+01	1	0
167	2	3	3.524722e-01	8.847807e-02	2.597277e+00	2.551836e+02	8.576886e+00	100	1	1
167	0	3	2.014897e-01	0	6.656149e+00	1.326542e+03	8.771506e+00	5.060815e+01	1	0
168	2	1	2.008066e-01	-1.814317e-02	1.036001e+00	1.005425e+02	2.347360e+00	8.384990e+01	1	1
168	0	1	-1.545795e-02	0	0	0	0	0	1	0
169	2	2	4.516918e-01	2.642957e-16	9.617642e-03	9.745015e-01	1.174168e+00	1.419147e-16	1	1
169	0	2	1.357259e-01	0	1.864529e-14	3.736355e-12	2.648129e-14	50	1	0
170	2	4	3.347349e-01	3.911898e-02	6.403045e-01	6.573572e+01	3.910900e+00	100	1	1
170	0	4	8.391258e-02	0	1.438294e-14	2.257362e-12	1.974773e-14	5.137157e+01	1	0
171	2	1	3.853927e-01	6.241881e-02	7.780848e+00	7.902706e+02	9.639218e+00	3.689849e+01	1	1
171	0	1	1.344134e-01	0	7.550277e+00	1.490133e+03	1.204371e+01	50	1	0
172	2	3	3.176556e-01	1.836970e-16	2.313882e-01	2.257684e+01	1.874415e+00	5.763220e-01	1	1
172	0	3	2.858136e-01	0	1.887341e+00	3.774537e+02	2.539561e+00	7.860826e+01	1	0
173	2	4	3.683382e-01	2.449294e-16	1.652207e-03	1.590774e-01	3.913894e+00	9.956478e-16	1	1
173	0	4	1.688422e-01	0	1.731045e-14	3.462090e-12	2.449294e-14	50	1	0
174	2	2	3.184285e-01	5.999928e-03	9.143412e-01	8.946426e+01	1.173878e+00	5.398764e+01	1	1
174	0	2	1.009092e-01	0	1.670685e+00	3.158282e+02	3.971662e+00	9.209642e+01	1	0
175	2	3	5.359104e-01	1.836970e-16	8.522514e-02	8.660265e+00	6.796424e-01	1.170456e+00	1	1
175	0	3	1.673084e-01	0	1.841986e-01	3.673159e+01	1.369677e+00	5.859251e+01	1	0
176	2	1	3.851744e-01	6.123234e-17	3.253627e-15	3.489212e-13	6.135217e-15	100	1	1
176	0	1	1.517551e-01	0	7.476404e-02	1.491463e+01	7.516842e-01	100	1	0
177	2	2	5.184040e-01	2.718833e-16	1.343673e-14	1.314749e-12	2.585818e-14	1.000000e+02	1	1
177	0	2	1.183848e-01	0	1.556312e-01	3.094351e+01	1.565558e+00	1.000000e+02	1	0
178	2	4	2.349000e-01	1.408358e-02	4.972527e-01	4.835813e+01	1.369727e+00	100	1	1
178	0	4	1.833343e-02	0	4.394609e-15	2.597206e-13	7.237639e-15	5.000000e+01	1	0
179	2	1	5.177551e-01	9.347678e-02	5.738122e-01	6.061127e+01	9.352337e+00	100	0	1
179	0	1	3.362170e-01	0	1.007900e+01	1.986467e+03	1.883614e+01	4.993120e+01	1	0
180	2	3	5.679554e-01	1.836970e-16	9.343838e-15	9.215840e-13	1.754289e-14	100	1	1
180	0	3	2.187412e-01	0	1.379370e+00	2.758311e+02	3.129138e+00	5.598967e+01	1	0
181	2	4	6.349038e-01	3.325584e-02	2.137106e+00	2.135924e+02	5.088063e+00	1.438737e-15	1	1
181	0	4	1.682362e-01	0	5.744463e-03	1.148893e+00	1.956947e-01	100	1	0
182	2	2	3.190311e-01	2.547006e-01	1.178060e+01	1.131130e+03	2.499834e+01	100	0	1
182	0	2	2.004981e-01	0	6.226654e+00	1.244345e+03	1.166188e+01	4.979676e+01	1	0
183	2	3	5.022740e-01	1.836970e-16	1.073906e+00	1.062955e+02	2.347109e+00	7.366610e+01	1	1
183	0	3	1.686077e-01	0	1.101978e+00	2.203955e+02	3.323486e+00	6.285516e+01	1	0
184	2	1	2.184711e-01	6.123234e-17	2.039680e-01	1.967832e+01	9.784049e-01	8.559237e+01	1	1
184	0	1	6.824893e-02	0	3.104213e-01	5.139135e+01	5.870694e-01	50	1	0
185	2	2	5.001611e-01	2.674097e-16	7.467750e-03	7.674790e-01	3.633960e-01	1.153270e+00	1	1
185	0	2	1.020065e-01	0	1.774612e-14	3.281816e-12	2.559456e-14	5.026455e+01	1	0
186	2	4	4.016728e-01	2.993118e-02	1.747603e+00	1.753639e+02	3.324521e+00	9.159639e+01	1	1
186	0	4	8.601262e-02	0	2.310774e+00	4.162012e+02	3.324589e+00	5.048893e+01	1	0
187	2	1	5.857964e-01	6.123234e-17	3.281477e-15	3.377802e-13	6.111251e-15	100	1	1
187	0	1	2.022285e-01	0	4.448141e-15	8.826644e-13	6.135217e-15	5.049310e+01	1	0
188	2	3	5.009966e-01	1.769128e-01	4.667217e+00	4.576387e+02	1.753026e+01	100	0	1
188	0	3	2.690190e-01	0	1.123853e+01	2.222664e+03	1.771903e+01	4.976324e+01	1	0
189	2	4	4.848130e-01	7.033389e-02	7.315538e+00	7.297451e+02	1.103967e+01	7.649843e+01	1	1
189	0	4	1.517273e-01	0	5.520678e+00	1.085809e+03	8.772313e+00	5.064792e+01	1	0
190	2	2	4.348187e-01	2.928850e-02	2.292865e-01	2.296367e+01	2.934162e+00	100	1	1
190	0	2	1.688683e-01	0	1.027652e+00	2.059074e+02	1.565367e+00	50	1	0
191	2	3	5.679325e-01	1.836970e-16	9.811051e-15	9.523056e-13	1.956947e-01	3.703569e-17	1	1
191	0	3	3.850521e-01	0	1.577292e+00	3.154734e+02	3.520322e+00	4.999111e+01	1	0
192	2	1	5.015818e-01	-1.861948e-01	8.876938e+00	9.178774e+02	1.839214e+01	9.260808e+01	1	1
192	0	1	2.850365e-01	0	6.982759e+00	1.378489e+03	1.319141e+01	5.031251e+01	1	0
193	1	3	2.846557e-01	-1.323980e+00	3.606261e+01	2.800195e+03	9.715929e+01	100	1	1
193	0	3	1.000779e-01	0	1.118901e+01	2.218004e+03	2.381318e+01	7.499544e+01	1	0
194	1	4	4.686342e-01	5.747631e-02	4.790963e+00	4.717530e+02	1.104304e+01	7.870130e+01	1	1
194	0	4	1.010197e-01	0	1.631403e-14	2.988245e-12	2.267154e-14	5.053419e+01	1	0
195	1	2	1.907832e-02	-3.412330e-02	1.775615e-01	1.729435e+01	3.324873e+00	100	1	1
195	0	2	-1.444257e-02	0	3.326810e+00	1.355398e-15	3.326810e+00	100	1	0
196	1	1	1.854819e-01	3.135722e+00	2.986109e-02	2.986058e+00	5.870740e-01	1.000000e+02	1	1
196	0	1	3.690038e-01	0	4.570410e-15	8.970883e-13	6.135217e-15	5.104686e+01	1	0
197	1	2	5.671526e-01	2.642957e-16	7.127645e-01	7.141593e+01	3.516223e+00	5.868423e+01	1	1
197	0	2	3.345708e-01	0	1.564459e+00	3.135040e+02	3.129588e+00	4.997560e+01	1	0
198	1	4	4.342744e-01	2.449294e-16	1.107119e-02	1.107119e+00	1.956947e-01	4.793138e-17	1	1
198	0	4	2.027907e-01	0	1.894557e-02	3.785799e+00	3.500694e-01	100	1	0
199	1	3	5.352050e-01	2.652439e-02	1.882355e-01	1.804363e+01	2.543136e+00	100	1	1
199	0	3	2.181513e-01	0	1.241183e+00	2.452915e+02	2.347689e+00	5.058639e+01	1	0
200	1	1	4.685163e-01	3.266108e-01	1.437911e+01	1.325179e+03	3.095334e+01	100	0	1
200	0	1	3.852868e-01	0	9.237985e+00	1.850994e+03	1.471161e+01	4.946395e+01	1	0
201	1	4	6.009479e-01	2.449294e-16	1.333175e-01	1.320131e+01	2.935421e+00	1.597365e-15	1	1
201	0	4	4.505170e-01	0	1.743595e-14	3.487191e-12	2.449294e-14	50	1	0
202	1	3	7.350156e-01	1.799806e-02	7.406986e-02	7.478288e+00	1.760967e+00	100	1	1
202	0	3	1.346847e-01	0	3.784750e+00	6.775455e+02	6.247263e+00	5.038260e+01	1	0
203	1	2	4.520262e-01	3.974050e-02	5.453765e-01	5.364145e+01	3.910804e+00	100	1	1
203	0	2	4.183923e-01	0	6.532134e+00	1.309919e+03	1.280986e+01	4.962631e+01	1	0
204	1	1	7.016922e-01	6.123234e-17	2.092150e+00	2.030736e+02	5.675147e+00	3.580117e-16	1	1
204	0	1	3.337646e-01	0	2.370921e+00	4.638860e+02	6.243336e+00	6.141648e+01	1	0
205	1	3	5.519003e-01	1.836970e-16	3.613338e-04	3.641622e-02	1.948910e-01	2.903850e+00	1	1
205	0	3	3.014060e-01	0	1.448857e+00	2.888864e+02	1.956573e+00	5.014722e+01	1	0
206	1	1	5.512576e-01	9.379352e-02	6.631788e+00	6.318376e+02	1.158365e+01	7.335469e+01	1	1
206	0	1	3.184612e-01	0	4.712590e+00	9.351401e+02	9.352337e+00	5.027266e+01	1	0
207	1	4	4.850370e-01	2.449294e-16	1.344706e-14	1.339443e-12	1.956947e-01	4.811972e-17	1	1
207	0	4	2.353202e-01	0	7.802449e-01	1.523844e+02	3.519521e+00	5.865433e+01	1	0
208	1	2	4.841023e-01	1.006002e-02	5.507576e-02	5.356412e+00	9.784241e-01	100	1	1
208	0	2	1.848288e-01	0	1.933649e-14	3.795400e-12	2.648129e-14	5.104686e+01	1	0
209	2	2	1.401955e+00	2.628507e-01	1.558324e+01	1.466518e+03	2.532241e+01	100	0	1
209	0	2	4.339246e-01	0	1.078728e+01	2.161678e+03	1.957617e+01	4.903639e+01	1	0
210	2	4	9.682765e-01	-5.216148e-02	4.134271e+00	4.222975e+02	5.081142e+00	1.000000e+02	1	1
210	0	4	1.848917e-01	0	2.642800e+00	5.151848e+02	5.081489e+00	5.123184e+01	1	0
211	2	1	6.518063e-01	-2.394564e-01	1.178261e+01	1.165328e+03	2.376387e+01	100	1	1
211	0	1	1.679806e-01	0	9.085042e-01	1.756560e+02	4.684074e+00	6.699162e+01	1	0
212	2	3	3.186867e-01	1.836970e-16	9.326799e-01	9.399807e+01	2.151795e+00	7.686325e+01	1	1
212	0	3	8.392833e-02	0	1.168829e-14	1.999133e-12	1.610494e-14	5.125858e+01	1	0
213	2	4	5.681780e-01	1.570796e+00	5.736301e+01	1.407738e-12	1.001957e+02	100	0	1
213	0	4	5.199071e-02	0	5.494309e+01	2.154201e-12	8.003914e+01	5.000000e+01	1	0
214	2	2	1.401179e+00	9.987112e-02	8.748250e+00	8.387589e+02	1.024877e+01	6.946340e+01	1	1
214	0	2	4.849679e-01	0	6.825932e+00	1.366156e+03	9.931283e+00	4.992432e+01	1	0
215	2	3	1.368528e+00	1.836970e-16	9.972891e-15	1.079258e-12	1.836970e-14	1.000000e+02	1	1
215	0	3	1.849733e-01	0	4.834775e-01	9.669549e+01	2.531783e+00	8.714633e+01	1	0
216	2	1	6.519323e-01	6.123234e-17	3.577628e-15	3.584630e-13	6.135217e-15	100	1	1
216	0	1	8.568742e-02	0	4.025263e-15	7.373085e-13	5.667886e-15	5.053419e+01	1	0
217	2	2	4.485472e+00	-1.588076e-01	7.187782e+00	7.210491e+02	1.584504e+01	100	0	1
217	0	2	2.014031e-01	0	1.103213e+01	2.185871e+03	1.753344e+01	4.998502e+01	1	0
218	2	4	8.019564e-01	-1.629265e-01	8.541439e+00	8.991711e+02	1.622066e+01	100	1	1
218	0	4	3.853640e-01	0	8.696608e-01	1.581569e+02	2.152010e+00	5.186101e+01	1	0
219	2	1	6.352602e-01	-4.116713e-01	1.476246e+01	1.370792e+03	3.891788e+01	100	0	1
219	0	1	4.857901e-01	0	1.510357e+01	3.027745e+03	3.056426e+01	4.759929e+01	1	0
220	2	3	6.348794e-01	-3.911898e-02	1.575792e+00	1.600286e+02	4.495926e+00	9.496024e+01	1	1
220	0	3	1.354117e-01	0	2.378964e+00	4.725983e+02	4.106123e+00	5.029553e+01	1	0
221	2	4	8.514798e-01	2.449294e-16	1.264164e-14	1.239425e-12	2.382190e-14	100	1	1
221	0	4	4.349328e-01	0	1.873589e-07	3.747186e-05	1.956943e-01	50	1	0
222	2	2	6.354259e-01	-3.117568e-01	1.985876e+01	1.893848e+03	3.073314e+01	1.000000e+02	0	1
222	0	2	3.847914e-01	0	2.003463e+00	4.014767e+02	3.910912e+00	4.996190e+01	1	0
223	2	3	6.020473e-01	-5.731421e-02	8.855566e-01	8.443093e+01	5.470455e+00	100	1	1
223	0	3	3.511791e-01	0	3.998320e+00	7.940634e+02	6.833305e+00	5.023495e+01	1	0
224	2	1	5.684116e-01	-1.891188e-01	5.353552e+00	5.274887e+02	1.883614e+01	100	0	1
224	0	1	4.188217e-01	0	9.371868e+00	1.878042e+03	1.883614e+01	4.910851e+01	1	0
225	2	2	4.860877e-01	-2.777616e-01	1.858038e+01	1.716888e+03	2.634717e+01	100	0	1
225	0	2	4.012343e-01	0	1.464970e+01	2.922149e+03	2.885978e+01	4.810263e+01	1	0
226	2	4	9.018967e-01	7.617327e-02	2.311669e+00	2.304965e+02	7.609963e+00	100	1	1
226	0	4	3.682699e-01	0	3.883389e+00	7.599587e+02	7.609963e+00	5.095182e+01	1	0
227	2	1	4.347116e-01	6.123234e-17	2.223963e+00	2.184794e+02	6.623980e+00	7.159377e+01	1	1
227	0	1	3.508619e-01	0	4.219857e+00	8.447183e+02	7.221872e+00	4.996374e+01	1	0
228	2	3	5.016167e-01	1.981836e-01	9.220898e+00	8.633500e+02	1.880269e+01	1.000000e+02	0	1
228	0	3	4.019596e-01	0	9.466826e+00	1.894135e+03	1.697132e+01	4.925464e+01	1	0
229	2	4	5.355320e-01	-1.110868e-01	8.510575e+00	8.591356e+02	1.108584e+01	100	1	1
229	0	4	3.679044e-01	0	3.206761e+00	6.383287e+02	6.055404e+00	5.014465e+01	1	0
230	2	2	3.346434e-01	2.654125e-16	2.520184e-02	2.505388e+00	4.892368e+00	6.026805e-16	1	1
230	0	2	1.894237e-02	0	3.830333e-15	3.912786e-13	6.255045e-15	50	1	0
231	2	3	5.510595e-01	1.836970e-16	2.112782e+00	2.100378e+02	3.905226e+00	5.892432e+01	1	1
231	0	3	6.850582e-02	0	1.318787e+00	2.606604e+02	4.903931e+00	9.102988e+01	1	0
232	2	1	-1.425264e-02	-1.910023e-01	1.902145e+01	1.871209e+03	1.902145e+01	1.000000e+02	0	1
232	0	1	4.846935e-01	0	3.665760e+00	7.461131e+02	7.997881e+00	4.940929e+01	1	0
233	2	2	6.191822e-01	-7.019697e-02	6.446642e+00	6.443350e+02	7.412416e+00	9.211705e+01	1	1
233	0	2	1.522276e-01	0	4.364791e+00	9.934666e+02	6.832662e+00	4.297044e+01	1	0
234	2	4	6.755687e-02	1.605495e-01	2.163155e+01	2.064298e+03	2.481207e+01	5.552923e+01	1	1
234	0	4	-1.479703e-02	0	4.892368e+00	5.862449e-15	4.892368e+00	1.000000e+02	1	0
235	2	1	4.509003e-01	-3.319093e-02	3.111541e-01	3.420369e+01	3.324978e+00	100	1	1
235	0	1	1.685543e-01	0	2.570112e+00	5.610139e+02	5.870841e+00	9.177354e+01	1	0
236	2	3	3.674686e-01	2.739041e-02	6.484061e-01	6.506958e+01	2.738698e+00	1.000000e+02	1	1
236	0	3	1.891521e-02	0	5.632897e+00	1.739926e+02	6.177731e+00	5.000000e+01	1	0
237	2	4	1.852157e-01	1.338726e+00	7.678907e+01	1.829658e+03	9.750968e+01	1.000000e+02	0	1
237	0	4	1.976474e-03	0	5.080815e+00	6.575323e-15	5.088063e+00	9.629630e+01	1	0
238	2	2	4.349125e-01	2.343321e-02	3.276364e-01	3.372801e+01	2.347692e+00	100	1	1
238	0	2	5.231479e-02	0	7.113647e-01	1.361538e+02	2.940195e+00	100	1	0
239	2	3	5.515132e-01	1.533845e-01	8.823785e+00	8.720190e+02	1.527838e+01	100	1	1
239	0	3	3.512278e-01	0	8.821381e+00	1.764276e+03	1.072977e+01	9.499277e+01	1	0
240	2	1	4.360474e-01	-3.694417e-02	2.059437e+00	1.961373e+02	3.520101e+00	1.000000e+02	1	1
240	0	1	2.184686e-01	0	2.108226e+00	4.137716e+02	3.324978e+00	5.102944e+01	1	0
241	2	2	4.524363e-01	1.362474e-01	4.841671e+00	4.855778e+02	1.318392e+01	100	1	1
241	0	2	2.011586e-01	0	8.341296e+00	1.647199e+03	1.300071e+01	5.030944e+01	1	0
242	2	4	3.508953e-01	-6.024024e-03	5.892496e-01	5.742485e+01	1.151367e+00	5.907220e+00	1	1
242	0	4	1.836258e-02	0	3.085092e-02	2.270769e+00	1.898518e-01	100	1	0
243	2	1	3.508027e-01	6.123234e-17	3.161364e-15	3.377896e-13	5.919526e-15	1.000000e+02	1	1
243	0	1	3.518691e-02	0	2.913457e-15	4.162081e-13	4.373739e-15	50	1	0
244	2	3	3.007380e-01	8.145204e-02	3.444330e+00	3.337251e+02	7.801837e+00	1.000000e+02	1	1
244	0	3	6.986475e-02	0	8.497911e+00	1.444610e+03	1.509583e+01	7.763923e+01	1	0
245	2	4	5.013959e-01	-1.073098e-01	8.196890e+00	8.039994e+02	1.031216e+01	100	1	1
245	0	4	3.521148e-01	0	5.364702e+00	1.072940e+03	8.772313e+00	4.980724e+01	1	0
246	2	2	4.687578e-01	-6.825319e-02	2.787526e+00	2.786478e+02	6.833368e+00	100	1	1
246	0	2	1.335942e-01	0	8.305604e-01	1.597077e+02	5.000093e+00	8.834138e+01	1	0
247	2	3	5.002217e-01	-1.072193e-01	5.268162e+00	5.402862e+02	1.070140e+01	100	0	1
247	0	3	4.511549e-01	0	9.452798e+00	1.891134e+03	1.603255e+01	4.936860e+01	1	0
248	2	1	4.025458e-01	-1.262776e-01	4.949609e+00	4.919807e+02	1.261887e+01	100	0	1
248	0	1	3.343120e-01	0	7.962581e+00	1.588226e+03	1.584504e+01	4.960107e+01	1	0
249	2	2	6.019521e-01	1.968501e-03	2.580975e-02	2.565818e+00	1.956943e-01	100	1	1
249	0	2	3.508936e-01	0	7.528283e-01	1.508603e+02	3.477876e+00	8.920107e+01	1	0
250	2	4	4.687873e-01	1.416909e-02	4.191738e-01	4.117504e+01	1.369726e+00	100	1	1
250	0	4	3.519283e-01	0	4.099736e+00	8.113848e+02	7.609963e+00	5.039589e+01	1	0
251	2	1	4.679756e-01	-1.757631e-02	1.992448e-01	1.996039e+01	1.760980e+00	100	1	1
251	0	1	3.348992e-01	0	1.509678e+00	2.951031e+02	2.738702e+00	5.123862e+01	1	0
252	2	3	6.188248e-01	-1.989459e-01	6.636648e+00	6.314772e+02	1.918347e+01	100	1	1
252	0	3	3.689717e-01	0	1.420363e+00	2.774724e+02	5.081489e+00	5.121708e+01	1	0
253	2	4	6.017463e-01	8.620557e-02	5.569819e+00	5.277652e+02	9.529861e+00	9.010634e+01	1	1
253	0	4	5.172278e-01	0	4.163990e+00	8.278307e+02	1.067742e+01	5.830821e+01	1	0
254	2	2	6.024313e-01	2.709667e-16	1.198084e-14	1.169949e-12	2.593008e-14	100	1	1
254	0	2	4.182375e-01	0	2.878124e+00	5.767513e+02	1.033478e+01	9.849969e+01	1	0
255	2	3	5.531104e-01	6.290901e-02	5.084522e+00	5.044672e+02	6.249843e+00	100	1	1
255	0	3	4.360540e-01	0	5.554006e+00	1.088861e+03	6.216385e+00	7.583637e+01	1	0
256	2	1	6.016978e-01	-6.090021e-02	1.179749e+00	1.221388e+02	5.859958e+00	100	1	1
256	0	1	3.681230e-01	0	3.910952e+00	7.832885e+02	5.666065e+00	4.994756e+01	1	0
257	1	3	5.681155e-01	-1.444061e-01	3.741705e+00	3.725412e+02	1.413702e+01	100	0	1
257	0	3	4.343106e-01	0	1.128528e+01	2.204865e+03	1.809175e+01	5.033893e+01	1	0
258	1	1	5.006543e-01	-2.134930e-01	1.210167e+01	1.279736e+03	2.122895e+01	100	0	1
258	0	1	4.178965e-01	0	1.178711e+01	2.364258e+03	2.213948e+01	4.871829e+01	1	0
259	1	4	4.012505e-01	-4.397164e-02	4.529993e+00	4.463628e+02	5.088063e+00	3.969152e-01	1	1
259	0	4	3.683793e-01	0	1.662104e+00	3.324379e+02	3.324971e+00	4.996977e+01	1	0
260	1	2	3.848703e-01	2.709667e-16	1.391210e-14	1.331314e-12	2.593008e-14	1.000000e+02	1	1
260	0	2	2.682240e-01	0	1.184870e-01	2.374378e+01	1.956947e+00	100	1	0
261	1	3	4.015163e-01	1.836970e-16	1.115878e-01	1.160165e+01	1.918516e+00	4.534182e+00	1	1
261	0	3	3.513612e-01	0	2.002453e+00	3.937619e+02	6.152902e+00	8.518370e+01	1	0
262	1	4	4.853490e-01	-6.984505e-02	8.150174e+00	7.764437e+02	9.929757e+00	4.691375e+01	1	1
262	0	4	4.510081e-01	0	3.336890e+00	6.668815e+02	6.833305e+00	4.993340e+01	1	0
263	1	2	5.347739e-01	3.709235e-02	2.627871e+00	2.631202e+02	4.305284e+00	5.265776e-16	1	1
263	0	2	3.022986e-01	0	2.280481e+00	4.570888e+02	4.305284e+00	100	1	0
264	1	1	4.516564e-01	6.123234e-17	1.036830e+00	1.167692e+02	2.541630e+00	6.363438e+01	1	1
264	0	1	4.187914e-01	0	3.416847e+00	6.800110e+02	4.508806e+00	100	1	0
265	1	2	5.847760e-01	2.688709e-16	1.274420e-14	1.266938e-12	2.609784e-14	100	1	1
265	0	2	2.347348e-01	0	2.339163e-01	4.687482e+01	3.326810e+00	100	1	0
266	1	4	3.195368e-01	2.449294e-16	9.305771e-02	9.018812e+00	2.988587e+00	1.305128e+00	1	1
266	0	4	6.838118e-02	0	6.907683e-01	1.370796e+02	4.632770e+00	1.000000e+02	1	0
267	1	1	2.854375e-01	-3.092752e+00	1.066523e+00	1.023558e+02	4.691072e+00	1.000000e+02	0	1
267	0	1	-1.428507e-02	0	7.827789e-01	3.751967e-17	7.827789e-01	100	1	0
268	1	3	-1.553765e-02	2.835153e+00	3.022564e+01	2.887393e+03	3.022564e+01	1.000000e+02	1	1
268	0	3	2.514466e-01	0	1.946409e+00	3.892818e+02	5.729020e+00	8.720519e+01	1	0
269	1	1	6.674243e-01	-3.682287e-01	1.284083e+01	1.190973e+03	3.578501e+01	1.000000e+02	0	1
269	0	1	5.172554e-01	0	1.872350e+01	3.761150e+03	3.879289e+01	4.598858e+01	1	0
270	1	2	4.843089e-01	2.642957e-16	1.401685e-14	1.404428e-12	5.870841e-01	2.631077e-16	1	1
270	0	2	2.186667e-01	0	1.796490e-14	3.526182e-12	2.648129e-14	5.104686e+01	1	0
271	1	4	3.181227e-01	2.449294e-16	2.015022e-02	2.049823e+00	5.034205e-01	1.417045e+00	1	1
271	0	4	1.684196e-01	0	1.116581e+00	2.233162e+02	4.892368e+00	100	1	0
272	1	3	4.847689e-01	-1.149509e-01	2.347808e+00	2.332313e+02	1.146979e+01	1.000000e+02	1	1
272	0	3	4.510523e-01	0	9.690157e+00	1.938743e+03	1.223612e+01	4.960606e+01	1	0
