Trial	Type	Target #	Time to Target	Endpoint Error	Est. Avg. Error Mag	Accum. Error x dMagProj	Max Error Mag.	Max Error Pos. (% of trajectory)	Feedback	Reached Target
1	1	3	9.998158e-01	-3.141593e+00	9.252729e-15	8.952015e-13	1.777269e-14	100	0	1
2	1	4	-1.953177e+05	-2.079104e-01	1.166986e+01	1.064875e+03	1.925000e+01	100	0	0
3	1	1	-1.953163e+05	6.123234e-17	1.724729e-15	2.414621e-13	3.735173e-15	4.357143e+01	1	0
4	1	2	9.499401e-01	-8.837679e-02	8.750000e+00	8.640625e+02	8.750000e+00	1.085130e-15	1	1
5	1	3	-1.953135e+05	-7.027142e-01	1.947855e+01	1.645937e+03	2.075000e+01	3.609467e+01	0	0
6	1	1	-1.953121e+05	2.956027e+00	5.915934e+00	6.729375e+02	1.300000e+01	100	0	0
7	1	4	1.083798e+00	5.716456e-01	2.837278e+01	2.397500e+03	5.275000e+01	100	0	1
8	1	2	6.678208e-01	4.803127e-01	1.683683e+01	1.502688e+03	4.650000e+01	100	0	1
9	1	3	-1.953079e+05	-3.771795e-02	5.000000e-01	3.762500e+01	5.000000e-01	4.219269e+01	1	0
10	1	4	1.150967e+00	-7.042027e-01	3.124749e+01	2.335750e+03	6.350000e+01	100	0	1
11	1	1	-1.953051e+05	6.123234e-17	2.395037e-16	4.730198e-15	4.745506e-16	100	1	0
12	1	2	8.180620e-01	-5.264222e-01	2.830973e+01	2.399250e+03	4.925000e+01	100	0	1
13	1	1	7.175535e-01	6.123234e-17	3.163072e-15	3.099811e-13	6.000769e-15	100	1	1
14	1	3	9.007300e-01	1.836970e-16	9.371744e-15	9.090591e-13	1.781861e-14	100	1	1
15	1	2	1.167464e+00	3.914427e-01	2.400693e+01	2.166625e+03	3.725000e+01	100	0	1
16	1	4	1.000806e+00	-4.525983e-01	1.751992e+01	1.594312e+03	4.425000e+01	100	0	1
17	2	2	1.117709e+00	1.224647e-16	6.442704e-15	6.410490e-13	1.218524e-14	100	1	1
18	2	4	8.669943e-01	2.449294e-16	1.215824e-14	1.158072e-12	2.332952e-14	100	1	1
19	2	1	9.170696e-01	-4.987490e-03	5.000000e-01	5.012500e+01	5.000000e-01	2.493766e-01	1	1
20	2	3	6.670648e-01	-1.337151e-01	4.743655e+00	4.672500e+02	1.325000e+01	100	1	1
21	2	4	7.837056e-01	2.449294e-16	1.243222e-14	1.202817e-12	2.369692e-14	100	1	1
22	2	2	5.503891e-01	4.879765e-01	1.666642e+01	1.420813e+03	4.525000e+01	100	0	1
23	2	3	-1.952758e+05	1.836970e-16	3.908981e-15	4.720095e-13	8.220442e-15	100	1	0
24	2	1	7.836303e-01	1.415276e-01	4.716173e+00	5.576875e+02	1.350000e+01	100	1	1
25	2	2	7.004495e-01	1.224647e-16	6.120910e-15	5.845469e-13	1.169538e-14	100	1	1
26	2	4	5.837859e-01	2.449294e-16	1.241741e-14	1.192071e-12	2.351322e-14	100	1	1
27	2	1	7.506585e-01	-7.499859e-03	7.500000e-01	7.500000e+01	7.500000e-01	2.500000e-01	1	1
28	2	3	7.175794e-01	-1.368935e-01	5.332270e+00	5.225625e+02	1.350000e+01	100	1	1
29	2	4	8.675257e-01	-1.253041e-01	5.268638e+00	5.123750e+02	1.225000e+01	100	1	1
30	2	2	6.673598e-01	1.204665e-01	3.738816e+00	3.551875e+02	1.150000e+01	100	1	1
31	2	3	7.842669e-01	-3.128539e+00	1.250000e+00	1.196875e+02	1.250000e+00	100	0	1
32	2	1	-1.952632e+05	5.068057e-01	1.571070e+01	3.872688e+03	4.175000e+01	9.533469e+01	0	0
33	2	2	9.007148e-01	5.818509e-01	2.091298e+01	1.772375e+03	5.575000e+01	100	0	1
34	2	4	6.673427e-01	2.449294e-16	1.249618e-14	1.199633e-12	2.351322e-14	100	1	1
35	2	1	9.175877e-01	2.557539e-03	2.500000e-01	2.443750e+01	2.500000e-01	100	1	1
36	2	3	7.006213e-01	1.836970e-16	9.608465e-15	9.536401e-13	1.823193e-14	100	1	1
37	2	4	8.173799e-01	-3.426815e-01	1.412095e+01	1.306187e+03	3.300000e+01	100	0	1
38	2	2	5.673626e-01	6.214690e-01	2.246855e+01	1.741313e+03	5.550000e+01	100	0	1
39	2	3	-1.952534e+05	-6.024024e-03	5.000000e-01	4.150000e+01	5.000000e-01	2.108434e+00	1	0
40	2	1	7.341026e-01	6.123234e-17	3.243209e-15	3.243209e-13	6.123234e-15	100	1	1
41	2	2	7.674422e-01	-2.518886e-03	2.500000e-01	2.481250e+01	2.500000e-01	2.518892e-01	1	1
42	2	4	7.836408e-01	2.449294e-16	1.225494e-14	1.173411e-12	2.345199e-14	100	1	1
43	2	1	-1.952478e+05	-6.172761e-03	5.000000e-01	4.050000e+01	5.000000e-01	3.086420e-01	1	0
44	2	3	8.669208e-01	1.836970e-16	9.411778e-15	9.223542e-13	1.800231e-14	100	1	1
45	2	4	1.100290e+00	-2.325569e-01	1.217303e+01	1.156437e+03	2.250000e+01	100	0	1
46	2	2	7.172211e-01	1.263081e-01	4.171296e+00	3.941875e+02	1.200000e+01	100	1	1
47	2	3	-1.952422e+05	-3.310961e-01	3.784794e+00	1.835625e+02	1.100000e+01	100	0	0
48	2	1	7.670361e-01	6.123234e-17	3.107463e-15	3.022007e-13	5.924229e-15	100	1	1
49	2	2	9.838818e-01	1.224647e-16	6.262220e-15	6.121320e-13	1.197092e-14	100	1	1
50	2	4	7.502805e-01	-1.853479e-01	1.013411e+01	9.728750e+02	1.800000e+01	100	0	1
51	2	1	8.507615e-01	6.123234e-17	3.087343e-15	2.971567e-13	5.893613e-15	100	1	1
52	2	3	7.674448e-01	1.836970e-16	9.390864e-15	9.179570e-13	1.795638e-14	100	1	1
53	2	4	1.117435e+00	-2.624666e-03	2.500000e-01	2.381250e+01	2.500000e-01	2.624672e-01	1	1
54	2	2	7.674109e-01	9.088815e-02	2.316456e+00	2.287500e+02	9.000000e+00	100	1	1
55	2	3	-1.952310e+05	-3.028029e+00	1.912479e+00	2.419473e+02	6.500000e+00	9.683819e+01	0	0
56	2	1	8.008709e-01	6.123234e-17	2.604201e-15	3.164105e-13	5.847688e-15	100	1	1
57	2	2	9.674520e-01	1.224647e-16	6.641786e-15	6.874249e-13	1.267509e-14	100	1	1
58	2	4	5.839801e-01	-1.596681e-01	7.913636e+00	7.616875e+02	1.550000e+01	100	0	1
59	2	1	7.677778e-01	6.123234e-17	3.125895e-15	2.985230e-13	5.847688e-15	100	1	1
60	2	3	6.006624e-01	1.836970e-16	9.365455e-15	9.037664e-13	1.772676e-14	100	1	1
61	2	4	9.841027e-01	2.998207e-01	1.210417e+01	1.125688e+03	2.875000e+01	100	0	1
62	2	2	6.840790e-01	1.224647e-16	6.287277e-15	6.145813e-13	1.197092e-14	100	1	1
63	2	3	-1.952198e+05	-3.111197e+00	6.178010e-01	5.900000e+01	2.250000e+00	100	0	0
64	2	1	7.342393e-01	5.080628e-01	2.372722e+01	2.799812e+03	4.900000e+01	100	0	1
