Trial	Type	Target #	Time to Target	Endpoint Error	Est. Avg. Error Mag	Accum. Error x dMagProj	Max Error Mag.	Max Error Pos. (% of trajectory)	Feedback	Reached Target
1	1	3	-1.949159e+05	3.032183e+00	2.215909e+00	1.462500e+02	7.250000e+00	100	0	0
2	1	4	8.005268e-01	1.192235e-01	5.365885e+00	5.151250e+02	1.150000e+01	100	1	1
3	1	1	6.672955e-01	3.024186e+00	1.067308e+01	1.040625e+03	1.150000e+01	2.794872e+01	0	1
4	1	2	1.066952e+00	-2.777064e-02	2.415404e+00	2.391250e+02	2.750000e+00	2.626263e+01	1	1
5	1	3	-1.949103e+05	-1.107988e-02	9.598338e-01	8.662500e+01	1.000000e+00	9.141274e+00	1	0
6	1	1	6.670156e-01	6.123234e-17	3.102399e-15	3.001571e-13	5.924229e-15	100	1	1
7	1	4	8.172641e-01	2.449294e-16	1.309441e-14	1.312714e-12	2.455417e-14	100	1	1
8	1	2	6.841062e-01	1.224647e-16	6.291662e-15	6.181558e-13	1.203215e-14	100	1	1
9	1	3	9.840885e-01	-2.057002e-01	9.066494e+00	1.312375e+03	2.050000e+01	100	0	1
10	1	4	6.006587e-01	8.655183e-01	6.205357e+01	3.909375e+03	7.400000e+01	100	0	1
11	1	1	-1.949019e+05	-1.259126e-01	2.030063e+00	8.018750e+01	5.000000e+00	100	1	0
12	1	2	8.674494e-01	2.343321e-02	2.250000e+00	2.160000e+02	2.250000e+00	100	1	1
13	1	1	1.000802e+00	1.828310e-01	8.655599e+00	8.309375e+02	1.775000e+01	100	0	1
14	1	3	6.174306e-01	1.836970e-16	9.390365e-15	8.944323e-13	1.749714e-14	100	1	1
15	1	2	7.673836e-01	-1.447603e-01	5.557545e+00	5.432500e+02	1.425000e+01	100	1	1
16	1	4	4.839895e-01	2.449294e-16	1.268940e-14	1.208665e-12	2.332952e-14	100	1	1
17	2	2	9.339449e-01	1.224647e-16	6.577941e-15	6.660165e-13	1.239955e-14	100	1	1
18	2	4	4.839590e-01	2.449294e-16	1.260876e-14	1.210441e-12	2.351322e-14	100	1	1
19	2	1	-1.948782e+05	6.123234e-17	2.690535e-15	2.401303e-13	5.281289e-15	100	1	0
20	2	3	6.172046e-01	1.367081e-01	5.783069e+00	5.465000e+02	1.300000e+01	100	1	1
21	2	4	5.336220e-01	2.449294e-16	1.272361e-14	1.240552e-12	2.388061e-14	100	1	1
22	2	2	6.839099e-01	1.224647e-16	6.714849e-15	6.899507e-13	1.258325e-14	100	1	1
23	2	3	6.840030e-01	-3.012344e+00	4.681034e+00	4.411875e+02	1.225000e+01	100	0	1
24	2	1	-1.948712e+05	6.123234e-17	2.346862e-15	5.075089e-13	4.561809e-15	3.445087e+01	1	0
25	2	2	7.506675e-01	-3.109983e-01	1.251580e+01	1.138937e+03	2.925000e+01	100	0	1
26	2	4	4.673330e-01	2.449294e-16	1.325483e-14	1.338738e-12	2.473787e-14	100	1	1
27	2	1	9.674133e-01	1.685969e-01	7.245346e+00	6.810625e+02	1.600000e+01	100	0	1
28	2	3	5.175352e-01	1.315514e-01	5.667303e+00	5.568125e+02	1.300000e+01	100	1	1
29	2	4	6.007529e-01	-7.832738e-03	7.500000e-01	7.181250e+01	7.500000e-01	7.832898e-01	1	1
30	2	2	6.841099e-01	1.224647e-16	6.332341e-15	6.237356e-13	1.206277e-14	100	1	1
31	2	3	8.007549e-01	1.836970e-16	9.660783e-15	9.636631e-13	1.832378e-14	100	1	1
32	2	1	5.841433e-01	6.123234e-17	3.134945e-15	3.025222e-13	5.908921e-15	100	1	1
33	2	2	8.174608e-01	-2.480804e-01	8.350923e+00	7.912500e+02	2.400000e+01	100	0	1
34	2	4	5.008866e-01	1.054014e-01	4.625945e+00	4.591250e+02	1.050000e+01	100	1	1
35	2	1	1.034053e+00	-2.880554e-01	9.444106e+00	1.161625e+03	2.800000e+01	100	0	1
36	2	3	5.173528e-01	1.836970e-16	9.829057e-15	9.804484e-13	1.832378e-14	100	1	1
37	2	4	6.674407e-01	2.449294e-16	1.349888e-14	1.376886e-12	2.498279e-14	100	1	1
38	2	2	6.170045e-01	-1.422616e-01	5.171875e+00	4.965000e+02	1.375000e+01	100	1	1
39	2	3	7.003909e-01	1.836970e-16	9.263783e-15	8.893232e-13	1.763491e-14	100	1	1
40	2	1	6.172055e-01	6.123234e-17	3.085951e-15	2.970228e-13	5.893613e-15	100	1	1
41	2	2	5.837241e-01	-6.371098e-01	2.439602e+01	1.994375e+03	6.050000e+01	100	0	1
42	2	4	4.837530e-01	2.449294e-16	1.270088e-14	1.228811e-12	2.369692e-14	100	1	1
43	2	1	8.003911e-01	2.597133e-03	2.500000e-01	2.406494e+01	2.500000e-01	100	1	1
44	2	3	5.338474e-01	1.836970e-16	9.740409e-15	9.764760e-13	1.841563e-14	100	1	1
45	2	4	5.671001e-01	1.189168e-01	5.308442e+00	5.109375e+02	1.150000e+01	100	1	1
46	2	2	5.671833e-01	-6.004846e-01	2.596970e+01	2.142500e+03	5.650000e+01	100	0	1
47	2	3	9.670883e-01	-3.396859e-01	2.002496e+01	3.008750e+03	3.525000e+01	8.402662e+01	0	1
48	2	1	6.175945e-01	-2.841983e-01	1.108750e+01	1.053312e+03	2.775000e+01	100	0	1
49	2	2	6.840683e-01	-6.670724e-01	2.838516e+01	2.270813e+03	6.300000e+01	100	0	1
50	2	4	6.507096e-01	1.246763e-01	5.855744e+00	5.606875e+02	1.200000e+01	100	1	1
51	2	1	1.000777e+00	-1.902819e-01	9.490106e+00	8.991875e+02	1.825000e+01	100	0	1
52	2	3	5.841146e-01	1.836970e-16	9.674282e-15	9.529168e-13	1.809416e-14	100	1	1
53	2	4	7.007261e-01	3.094055e-01	1.639549e+01	1.500188e+03	2.925000e+01	100	0	1
54	2	2	6.339588e-01	-4.624942e-01	1.924712e+01	1.669687e+03	4.325000e+01	100	0	1
55	2	3	9.508817e-01	1.836970e-16	9.460040e-15	9.128938e-13	1.772676e-14	100	1	1
56	2	1	8.840700e-01	6.123234e-17	3.138630e-15	3.052317e-13	5.954845e-15	100	1	1
57	2	2	7.006230e-01	-4.190239e-01	1.558693e+01	1.356062e+03	3.875000e+01	100	0	1
58	2	4	6.343625e-01	3.504966e-01	1.643683e+01	1.528625e+03	3.400000e+01	100	0	1
59	2	1	1.084175e+00	5.194758e-03	5.000000e-01	7.687500e+01	5.000000e-01	100	1	1
60	2	3	5.008132e-01	1.664457e-01	8.309333e+00	7.790000e+02	1.575000e+01	100	0	1
61	2	4	7.673590e-01	-2.891027e-01	1.293654e+01	1.261312e+03	2.900000e+01	100	0	1
62	2	2	5.838212e-01	2.815093e-01	1.163716e+01	1.076438e+03	2.675000e+01	100	0	1
63	2	3	7.839064e-01	1.836970e-16	9.397310e-15	9.115391e-13	1.781861e-14	100	1	1
64	2	1	6.003045e-01	6.123234e-17	3.093383e-15	2.985115e-13	5.908921e-15	100	1	1
