Trial	Type	Target/Home(1,0)	Target #	Time(s)	Xpos	Ypos	Xvel	Yvel	Xaccel	Yaccel	Xerror	Yerror	Xprojection	Yprojection
1	1	0	3	0.519129	0.00	0.00	0.00	0.00	0.00	0.00	0.00	0.00	-0.00	-0.00
1	1	1	3	0.548049	0.00	0.00	0.00	0.00	0.00	0.00	0.00	0.00	-0.00	-0.00
1	1	1	3	0.564152	0.00	0.00	0.00	0.00	0.00	0.00	0.00	0.00	-0.00	-0.00
1	1	1	3	0.580470	0.00	0.00	0.00	0.00	0.00	0.00	0.00	0.00	-0.00	-0.00
1	1	1	3	0.597370	0.00	0.00	0.00	0.00	0.00	0.00	0.00	0.00	-0.00	-0.00
1	1	1	3	0.613466	0.00	0.00	0.00	0.00	0.00	0.00	0.00	0.00	-0.00	-0.00
1	1	1	3	0.630044	0.00	0.00	0.00	0.00	0.00	0.00	0.00	0.00	-0.00	-0.00
1	1	1	3	0.648045	0.00	0.00	0.00	0.00	0.00	0.00	0.00	0.00	-0.00	-0.00
1	1	1	3	0.663015	0.00	0.00	0.00	0.00	0.00	0.00	0.00	0.00	-0.00	-0.00
1	1	1	3	0.681014	0.00	0.00	0.00	0.00	0.00	0.00	0.00	0.00	-0.00	-0.00
1	1	1	3	0.697499	0.00	0.00	0.00	0.00	0.00	0.00	0.00	0.00	-0.00	-0.00
1	1	1	3	0.713796	0.00	0.00	0.00	0.00	0.00	0.00	0.00	0.00	-0.00	-0.00
1	1	1	3	0.729595	0.00	0.00	0.00	0.00	0.00	0.00	0.00	0.00	-0.00	-0.00
1	1	1	3	0.747759	0.00	0.00	0.00	0.00	0.00	0.00	0.00	0.00	-0.00	-0.00
1	1	1	3	0.763159	0.00	0.00	0.00	0.00	0.00	0.00	0.00	0.00	-0.00	-0.00
1	1	1	3	0.781109	0.00	0.00	0.00	0.00	0.00	0.00	0.00	0.00	-0.00	-0.00
1	1	1	3	0.796872	0.00	0.00	0.00	0.00	0.00	0.00	0.00	0.00	-0.00	-0.00
1	1	1	3	0.813097	0.00	0.00	0.00	0.00	0.00	0.00	0.00	0.00	-0.00	-0.00
1	1	1	3	0.831107	0.00	0.00	0.00	0.00	0.00	0.00	0.00	0.00	-0.00	-0.00
1	1	1	3	0.846456	0.00	0.00	0.00	0.00	0.00	0.00	0.00	0.00	-0.00	-0.00
1	1	1	3	0.864585	0.00	0.00	0.00	0.00	0.00	0.00	0.00	0.00	-0.00	-0.00
1	1	1	3	0.879903	0.00	0.00	0.00	0.00	0.00	0.00	0.00	0.00	-0.00	-0.00
1	1	1	3	0.897932	0.00	0.00	0.00	0.00	0.00	0.00	0.00	0.00	-0.00	-0.00
1	1	1	3	0.914287	0.00	0.00	0.00	0.00	0.00	0.00	0.00	0.00	-0.00	-0.00
1	1	1	3	0.930712	0.00	0.00	0.00	0.00	0.00	0.00	0.00	0.00	-0.00	-0.00
1	1	1	3	0.947254	0.00	0.00	0.00	0.00	0.00	0.00	0.00	0.00	-0.00	-0.00
1	1	1	3	0.963716	0.00	0.00	0.00	0.00	0.00	0.00	0.00	0.00	-0.00	-0.00
1	1	1	3	0.979965	0.00	0.00	0.00	0.00	0.00	0.00	0.00	0.00	-0.00	-0.00
1	1	1	3	0.998004	0.00	0.00	0.00	0.00	0.00	0.00	0.00	0.00	-0.00	-0.00
1	1	1	3	1.013334	0.00	0.00	0.00	0.00	0.00	0.00	0.00	0.00	-0.00	-0.00
1	1	1	3	1.029730	0.00	0.00	0.00	0.00	0.00	0.00	0.00	0.00	-0.00	-0.00
1	1	1	3	1.047587	0.00	0.00	0.00	0.00	0.00	0.00	0.00	0.00	-0.00	-0.00
1	1	1	3	1.064163	0.00	0.00	0.00	0.00	0.00	0.00	0.00	0.00	-0.00	-0.00
1	1	1	3	1.080948	0.00	0.00	0.00	0.00	0.00	0.00	0.00	0.00	-0.00	-0.00
1	1	1	3	1.096762	0.00	0.00	0.00	0.00	0.00	0.00	0.00	0.00	-0.00	-0.00
1	1	1	3	1.113702	0.00	0.00	0.00	0.00	0.00	0.00	0.00	0.00	-0.00	-0.00
1	1	1	3	1.129891	0.00	0.00	0.00	0.00	0.00	0.00	0.00	0.00	-0.00	-0.00
1	1	1	3	1.146938	0.00	0.00	0.00	0.00	0.00	0.00	0.00	0.00	-0.00	-0.00
1	1	1	3	1.162915	0.00	0.00	0.00	0.00	0.00	0.00	0.00	0.00	-0.00	-0.00
1	1	1	3	1.179866	0.00	0.00	0.00	0.00	0.00	0.00	0.00	0.00	-0.00	-0.00
1	1	1	3	1.197623	0.00	0.00	0.00	0.00	0.00	0.00	0.00	0.00	-0.00	-0.00
1	1	1	3	1.214268	0.00	0.00	0.00	0.00	0.00	0.00	0.00	0.00	-0.00	-0.00
1	1	1	3	1.230779	0.00	0.00	0.00	0.00	0.00	0.00	0.00	0.00	-0.00	-0.00
1	1	1	3	1.247056	0.00	0.00	0.00	0.00	0.00	0.00	0.00	0.00	-0.00	-0.00
1	1	1	3	1.263603	0.00	0.00	0.00	0.00	0.00	0.00	0.00	0.00	-0.00	-0.00
1	1	1	3	1.280664	0.00	0.00	0.00	0.00	0.00	0.00	0.00	0.00	-0.00	-0.00
1	1	1	3	1.297221	0.00	0.00	0.00	0.00	0.00	0.00	0.00	0.00	-0.00	-0.00
1	1	1	3	1.313893	0.00	0.00	0.00	0.00	0.00	0.00	0.00	0.00	-0.00	-0.00
1	1	1	3	1.330396	0.00	0.00	0.00	0.00	0.00	0.00	0.00	0.00	-0.00	-0.00
1	1	1	3	1.347050	0.00	0.00	0.00	0.00	0.00	0.00	0.00	0.00	-0.00	-0.00
1	1	1	3	1.363364	0.00	0.00	0.00	0.00	0.00	0.00	0.00	0.00	-0.00	-0.00
1	1	1	3	1.381338	0.00	0.00	0.00	0.00	0.00	0.00	0.00	0.00	-0.00	-0.00
1	1	1	3	1.396485	0.00	0.00	0.00	0.00	0.00	0.00	0.00	0.00	-0.00	-0.00
1	1	1	3	1.413279	0.00	0.00	0.00	0.00	0.00	0.00	0.00	0.00	-0.00	-0.00
1	1	1	3	1.431249	0.00	0.00	0.00	0.00	0.00	0.00	0.00	0.00	-0.00	-0.00
1	1	1	3	1.446656	0.00	0.00	0.00	0.00	0.00	0.00	0.00	0.00	-0.00	-0.00
1	1	1	3	1.463631	0.00	0.00	0.00	0.00	0.00	0.00	0.00	0.00	-0.00	-0.00
1	1	1	3	1.480221	0.00	0.00	0.00	0.00	0.00	0.00	0.00	0.00	-0.00	-0.00
1	1	1	3	1.496647	0.00	0.00	0.00	0.00	0.00	0.00	0.00	0.00	-0.00	-0.00
1	1	1	3	1.514762	0.00	0.00	0.00	0.00	0.00	0.00	0.00	0.00	-0.00	-0.00
1	1	1	3	1.528830	0.00	0.00	0.00	0.00	0.00	0.00	0.00	0.00	-0.00	-0.00
1	1	1	3	1.547788	0.00	0.00	0.00	0.00	0.00	0.00	0.00	0.00	-0.00	-0.00
1	1	1	3	1.564290	0.00	0.00	0.00	0.00	0.00	0.00	0.00	0.00	-0.00	-0.00
1	1	1	3	1.580835	0.00	0.00	0.00	0.00	0.00	0.00	0.00	0.00	-0.00	-0.00
1	1	1	3	1.597615	0.00	0.00	0.00	0.00	0.00	0.00	0.00	0.00	-0.00	-0.00
1	1	1	3	1.614240	0.00	0.00	0.00	0.00	0.00	0.00	0.00	0.00	-0.00	-0.00
1	1	1	3	1.630726	0.00	0.00	0.00	0.00	0.00	0.00	0.00	0.00	-0.00	-0.00
1	1	1	3	1.647209	0.00	0.00	0.00	0.00	0.00	0.00	0.00	0.00	-0.00	-0.00
1	1	1	3	1.664595	0.00	0.00	0.00	0.00	0.00	0.00	0.00	0.00	-0.00	-0.00
1	1	1	3	1.679969	0.00	0.00	0.00	0.00	0.00	0.00	0.00	0.00	-0.00	-0.00
1	1	1	3	1.697730	0.00	0.00	0.00	0.00	0.00	0.00	0.00	0.00	-0.00	-0.00
1	1	1	3	1.713752	0.00	0.00	0.00	0.00	0.00	0.00	0.00	0.00	-0.00	-0.00
1	1	1	3	1.729634	0.00	0.00	0.00	0.00	0.00	0.00	0.00	0.00	-0.00	-0.00
1	1	1	3	1.747326	0.00	0.00	0.00	0.00	0.00	0.00	0.00	0.00	-0.00	-0.00
1	1	1	3	1.763137	0.00	0.00	0.00	0.00	0.00	0.00	0.00	0.00	-0.00	-0.00
1	1	1	3	1.780005	0.00	0.00	0.00	0.00	0.00	0.00	0.00	0.00	-0.00	-0.00
1	1	1	3	1.797120	0.00	0.00	0.00	0.00	0.00	0.00	0.00	0.00	-0.00	-0.00
1	1	1	3	1.813877	0.00	0.00	0.00	0.00	0.00	0.00	0.00	0.00	-0.00	-0.00
1	1	1	3	1.829847	0.00	0.00	0.00	0.00	0.00	0.00	0.00	0.00	-0.00	-0.00
1	1	1	3	1.846741	0.00	0.00	0.00	0.00	0.00	0.00	0.00	0.00	-0.00	-0.00
1	1	1	3	1.863855	0.00	0.00	0.00	0.00	0.00	0.00	0.00	0.00	-0.00	-0.00
1	1	1	3	1.879786	0.00	0.00	0.00	0.00	0.00	0.00	0.00	0.00	-0.00	-0.00
1	1	1	3	1.896942	0.00	0.00	0.00	0.00	0.00	0.00	0.00	0.00	-0.00	-0.00
1	1	1	3	1.913942	0.00	0.00	0.00	0.00	0.00	0.00	0.00	0.00	-0.00	-0.00
1	1	1	3	1.930564	0.00	0.00	0.00	0.00	0.00	0.00	0.00	0.00	-0.00	-0.00
1	1	1	3	1.946998	0.00	0.00	0.00	0.00	0.00	0.00	0.00	0.00	-0.00	-0.00
1	1	1	3	1.963366	0.00	0.00	0.00	0.00	0.00	0.00	0.00	0.00	-0.00	-0.00
1	1	1	3	1.980975	0.00	0.00	0.00	0.00	0.00	0.00	0.00	0.00	-0.00	-0.00
1	1	1	3	1.997317	0.00	0.00	0.00	0.00	0.00	0.00	0.00	0.00	-0.00	-0.00
2	1	0	4	2.264044	0.00	0.00	0.00	0.00	0.00	0.00	0.00	0.00	0.00	-0.00
2	1	1	4	2.280974	0.00	0.00	0.00	0.00	0.00	0.00	0.00	0.00	0.00	-0.00
2	1	1	4	2.296807	0.00	0.00	0.00	0.00	0.00	0.00	0.00	0.00	0.00	-0.00
2	1	1	4	2.313864	0.00	0.00	0.00	0.00	0.00	0.00	0.00	0.00	0.00	-0.00
2	1	1	4	2.330229	0.00	0.00	0.00	0.00	0.00	0.00	0.00	0.00	0.00	-0.00
2	1	1	4	2.346743	0.00	0.00	0.00	0.00	0.00	0.00	0.00	0.00	0.00	-0.00
2	1	1	4	2.364497	0.00	0.00	0.00	0.00	0.00	0.00	0.00	0.00	0.00	-0.00
2	1	1	4	2.381091	0.00	0.00	0.00	0.00	0.00	0.00	0.00	0.00	0.00	-0.00
2	1	1	4	2.397503	0.00	0.00	0.00	0.00	0.00	0.00	0.00	0.00	0.00	-0.00
2	1	1	4	2.414083	0.00	0.00	0.00	0.00	0.00	0.00	0.00	0.00	0.00	-0.00
2	1	1	4	2.430428	0.00	0.00	0.00	0.00	0.00	0.00	0.00	0.00	0.00	-0.00
2	1	1	4	2.446972	0.00	0.00	0.00	0.00	0.00	0.00	0.00	0.00	0.00	-0.00
2	1	1	4	2.463474	0.00	0.00	0.00	0.00	0.00	0.00	0.00	0.00	0.00	-0.00
2	1	1	4	2.480965	0.00	0.00	0.00	0.00	0.00	0.00	0.00	0.00	0.00	-0.00
2	1	1	4	2.497407	0.00	0.00	0.00	0.00	0.00	0.00	0.00	0.00	0.00	-0.00
2	1	1	4	2.514220	0.00	0.00	0.00	0.00	0.00	0.00	0.00	0.00	0.00	-0.00
2	1	1	4	2.530496	0.00	0.00	0.00	0.00	0.00	0.00	0.00	0.00	0.00	-0.00
2	1	1	4	2.546694	0.00	0.00	0.00	0.00	0.00	0.00	0.00	0.00	0.00	-0.00
2	1	1	4	2.564457	0.00	0.00	0.00	0.00	0.00	0.00	0.00	0.00	0.00	-0.00
2	1	1	4	2.580876	0.00	0.00	0.00	0.00	0.00	0.00	0.00	0.00	0.00	-0.00
2	1	1	4	2.597359	0.00	0.00	0.00	0.00	0.00	0.00	0.00	0.00	0.00	-0.00
2	1	1	4	2.614398	0.00	0.00	0.00	0.00	0.00	0.00	0.00	0.00	0.00	-0.00
2	1	1	4	2.630900	0.00	0.00	0.00	0.00	0.00	0.00	0.00	0.00	0.00	-0.00
2	1	1	4	2.646786	0.00	0.00	0.00	0.00	0.00	0.00	0.00	0.00	0.00	-0.00
2	1	1	4	2.663790	0.00	0.00	0.00	0.00	0.00	0.00	0.00	0.00	0.00	-0.00
2	1	1	4	2.680780	0.00	0.00	0.00	0.00	0.00	0.00	0.00	0.00	0.00	-0.00
2	1	1	4	2.696882	0.00	0.00	0.00	0.00	0.00	0.00	0.00	0.00	0.00	-0.00
2	1	1	4	2.714504	0.00	0.00	0.00	0.00	0.00	0.00	0.00	0.00	0.00	-0.00
2	1	1	4	2.730991	0.00	0.00	0.00	0.00	0.00	0.00	0.00	0.00	0.00	-0.00
2	1	1	4	2.746839	0.00	0.00	0.00	0.00	0.00	0.00	0.00	0.00	0.00	-0.00
2	1	1	4	2.763544	0.00	0.00	0.00	0.00	0.00	0.00	0.00	0.00	0.00	-0.00
2	1	1	4	2.781253	0.00	0.00	0.00	0.00	0.00	0.00	0.00	0.00	0.00	-0.00
2	1	1	4	2.797546	0.00	0.00	0.00	0.00	0.00	0.00	0.00	0.00	0.00	-0.00
2	1	1	4	2.814095	0.00	0.00	0.00	0.00	0.00	0.00	0.00	0.00	0.00	-0.00
2	1	1	4	2.830097	0.00	0.00	0.00	0.00	0.00	0.00	0.00	0.00	0.00	-0.00
2	1	1	4	2.847683	0.00	0.00	0.00	0.00	0.00	0.00	0.00	0.00	0.00	-0.00
2	1	1	4	2.864321	0.00	0.00	0.00	0.00	0.00	0.00	0.00	0.00	0.00	-0.00
2	1	1	4	2.880738	0.00	0.00	0.00	0.00	0.00	0.00	0.00	0.00	0.00	-0.00
2	1	1	4	2.897458	0.00	0.00	0.00	0.00	0.00	0.00	0.00	0.00	0.00	-0.00
2	1	1	4	2.913930	0.00	0.00	0.00	0.00	0.00	0.00	0.00	0.00	0.00	-0.00
2	1	1	4	2.930490	0.00	0.00	0.00	0.00	0.00	0.00	0.00	0.00	0.00	-0.00
2	1	1	4	2.947175	0.00	0.00	0.00	0.00	0.00	0.00	0.00	0.00	0.00	-0.00
2	1	1	4	2.963772	0.00	0.00	0.00	0.00	0.00	0.00	0.00	0.00	0.00	-0.00
2	1	1	4	2.980193	0.00	0.00	0.00	0.00	0.00	0.00	0.00	0.00	0.00	-0.00
2	1	1	4	2.997948	0.00	0.00	0.00	0.00	0.00	0.00	0.00	0.00	0.00	-0.00
2	1	1	4	3.014267	0.00	0.00	0.00	0.00	0.00	0.00	0.00	0.00	0.00	-0.00
2	1	1	4	3.030453	0.00	0.00	0.00	0.00	0.00	0.00	0.00	0.00	0.00	-0.00
2	1	1	4	3.046946	0.00	0.00	0.00	0.00	0.00	0.00	0.00	0.00	0.00	-0.00
2	1	1	4	3.064608	0.00	0.00	0.00	0.00	0.00	0.00	0.00	0.00	0.00	-0.00
2	1	1	4	3.081292	0.00	0.00	0.00	0.00	0.00	0.00	0.00	0.00	0.00	-0.00
2	1	1	4	3.097645	0.00	0.00	0.00	0.00	0.00	0.00	0.00	0.00	0.00	-0.00
2	1	1	4	3.114111	0.00	0.00	0.00	0.00	0.00	0.00	0.00	0.00	0.00	-0.00
2	1	1	4	3.130653	0.00	0.00	0.00	0.00	0.00	0.00	0.00	0.00	0.00	-0.00
2	1	1	4	3.147348	0.00	0.00	0.00	0.00	0.00	0.00	0.00	0.00	0.00	-0.00
2	1	1	4	3.164034	0.00	0.00	0.00	0.00	0.00	0.00	0.00	0.00	0.00	-0.00
2	1	1	4	3.180666	0.00	0.00	0.00	0.00	0.00	0.00	0.00	0.00	0.00	-0.00
2	1	1	4	3.196645	0.00	0.00	0.00	0.00	0.00	0.00	0.00	0.00	0.00	-0.00
2	1	1	4	3.214247	0.00	0.00	0.00	0.00	0.00	0.00	0.00	0.00	0.00	-0.00
2	1	1	4	3.230736	0.00	0.00	0.00	0.00	0.00	0.00	0.00	0.00	0.00	-0.00
2	1	1	4	3.247112	0.00	0.00	0.00	0.00	0.00	0.00	0.00	0.00	0.00	-0.00
2	1	1	4	3.263630	0.00	0.00	0.00	0.00	0.00	0.00	0.00	0.00	0.00	-0.00
2	1	1	4	3.281418	0.00	0.00	0.00	0.00	0.00	0.00	0.00	0.00	0.00	-0.00
2	1	1	4	3.296895	0.00	0.00	0.00	0.00	0.00	0.00	0.00	0.00	0.00	-0.00
2	1	1	4	3.314463	0.00	0.00	0.00	0.00	0.00	0.00	0.00	0.00	0.00	-0.00
2	1	1	4	3.330362	0.00	0.00	0.00	0.00	0.00	0.00	0.00	0.00	0.00	-0.00
2	1	1	4	3.347814	0.00	0.00	0.00	0.00	0.00	0.00	0.00	0.00	0.00	-0.00
2	1	1	4	3.363950	0.00	0.00	0.00	0.00	0.00	0.00	0.00	0.00	0.00	-0.00
2	1	1	4	3.380033	0.00	0.00	0.00	0.00	0.00	0.00	0.00	0.00	0.00	-0.00
2	1	1	4	3.397088	0.00	0.00	0.00	0.00	0.00	0.00	0.00	0.00	0.00	-0.00
2	1	1	4	3.413885	0.00	0.00	0.00	0.00	0.00	0.00	0.00	0.00	0.00	-0.00
2	1	1	4	3.430881	0.00	0.00	0.00	0.00	0.00	0.00	0.00	0.00	0.00	-0.00
2	1	1	4	3.446778	0.00	0.00	0.00	0.00	0.00	0.00	0.00	0.00	0.00	-0.00
2	1	1	4	3.463641	0.00	0.00	0.00	0.00	0.00	0.00	0.00	0.00	0.00	-0.00
2	1	1	4	3.480573	0.00	0.00	0.00	0.00	0.00	0.00	0.00	0.00	0.00	-0.00
2	1	1	4	3.496513	0.00	0.00	0.00	0.00	0.00	0.00	0.00	0.00	0.00	-0.00
2	1	1	4	3.513508	0.00	0.00	0.00	0.00	0.00	0.00	0.00	0.00	0.00	-0.00
2	1	1	4	3.530744	0.00	0.00	0.00	0.00	0.00	0.00	0.00	0.00	0.00	-0.00
2	1	1	4	3.547806	0.00	0.00	0.00	0.00	0.00	0.00	0.00	0.00	0.00	-0.00
2	1	1	4	3.564386	0.00	0.00	0.00	0.00	0.00	0.00	0.00	0.00	0.00	-0.00
2	1	1	4	3.580247	0.00	0.00	0.00	0.00	0.00	0.00	0.00	0.00	0.00	-0.00
2	1	1	4	3.596906	0.00	0.00	0.00	0.00	0.00	0.00	0.00	0.00	0.00	-0.00
2	1	1	4	3.614582	0.00	0.00	0.00	0.00	0.00	0.00	0.00	0.00	0.00	-0.00
2	1	1	4	3.631062	0.00	0.00	0.00	0.00	0.00	0.00	0.00	0.00	0.00	-0.00
2	1	1	4	3.647023	0.00	0.00	0.00	0.00	0.00	0.00	0.00	0.00	0.00	-0.00
2	1	1	4	3.664505	0.00	0.00	0.00	0.00	0.00	0.00	0.00	0.00	0.00	-0.00
2	1	1	4	3.680995	0.00	0.00	0.00	0.00	0.00	0.00	0.00	0.00	0.00	-0.00
2	1	1	4	3.697269	0.00	0.00	0.00	0.00	0.00	0.00	0.00	0.00	0.00	-0.00
2	1	1	4	3.713544	0.00	0.00	0.00	0.00	0.00	0.00	0.00	0.00	0.00	-0.00
2	1	1	4	3.730994	0.00	0.00	0.00	0.00	0.00	0.00	0.00	0.00	0.00	-0.00
2	1	1	4	3.747542	0.00	0.00	0.00	0.00	0.00	0.00	0.00	0.00	0.00	-0.00
3	1	0	1	4.014544	0.00	0.00	0.00	0.00	0.00	0.00	0.00	0.00	0.00	0.00
3	1	1	1	4.031281	0.00	0.00	0.00	0.00	0.00	0.00	0.00	0.00	0.00	0.00
3	1	1	1	4.047148	0.00	0.00	0.00	0.00	0.00	0.00	0.00	0.00	0.00	0.00
3	1	1	1	4.064775	0.00	0.00	0.00	0.00	0.00	0.00	0.00	0.00	0.00	0.00
3	1	1	1	4.081148	0.00	0.00	0.00	0.00	0.00	0.00	0.00	0.00	0.00	0.00
3	1	1	1	4.097685	0.00	0.00	0.00	0.00	0.00	0.00	0.00	0.00	0.00	0.00
3	1	1	1	4.114072	0.00	0.00	0.00	0.00	0.00	0.00	0.00	0.00	0.00	0.00
3	1	1	1	4.130081	0.00	0.00	0.00	0.00	0.00	0.00	0.00	0.00	0.00	0.00
3	1	1	1	4.147415	0.00	0.00	0.00	0.00	0.00	0.00	0.00	0.00	0.00	0.00
3	1	1	1	4.164005	0.00	0.00	0.00	0.00	0.00	0.00	0.00	0.00	0.00	0.00
3	1	1	1	4.181425	0.00	0.00	0.00	0.00	0.00	0.00	0.00	0.00	0.00	0.00
3	1	1	1	4.198170	0.00	0.00	0.00	0.00	0.00	0.00	0.00	0.00	0.00	0.00
3	1	1	1	4.214613	0.00	0.00	0.00	0.00	0.00	0.00	0.00	0.00	0.00	0.00
3	1	1	1	4.231241	0.00	0.00	0.00	0.00	0.00	0.00	0.00	0.00	0.00	0.00
3	1	1	1	4.247582	0.00	0.00	0.00	0.00	0.00	0.00	0.00	0.00	0.00	0.00
3	1	1	1	4.264047	0.00	0.00	0.00	0.00	0.00	0.00	0.00	0.00	0.00	0.00
3	1	1	1	4.280605	0.00	0.00	0.00	0.00	0.00	0.00	0.00	0.00	0.00	0.00
3	1	1	1	4.297692	0.00	0.00	0.00	0.00	0.00	0.00	0.00	0.00	0.00	0.00
3	1	1	1	4.314522	0.00	0.00	0.00	0.00	0.00	0.00	0.00	0.00	0.00	0.00
3	1	1	1	4.330614	0.00	0.00	0.00	0.00	0.00	0.00	0.00	0.00	0.00	0.00
3	1	1	1	4.347245	0.00	0.00	0.00	0.00	0.00	0.00	0.00	0.00	0.00	0.00
3	1	1	1	4.364558	0.00	0.00	0.00	0.00	0.00	0.00	0.00	0.00	0.00	0.00
3	1	1	1	4.381063	0.00	0.00	0.00	0.00	0.00	0.00	0.00	0.00	0.00	0.00
3	1	1	1	4.397672	0.00	0.00	0.00	0.00	0.00	0.00	0.00	0.00	0.00	0.00
3	1	1	1	4.414332	0.00	0.00	0.00	0.00	0.00	0.00	0.00	0.00	0.00	0.00
3	1	1	1	4.430916	0.00	0.00	0.00	0.00	0.00	0.00	0.00	0.00	0.00	0.00
3	1	1	1	4.448128	0.00	0.00	0.00	0.00	0.00	0.00	0.00	0.00	0.00	0.00
3	1	1	1	4.464040	0.00	0.00	0.00	0.00	0.00	0.00	0.00	0.00	0.00	0.00
3	1	1	1	4.480353	0.00	0.00	0.00	0.00	0.00	0.00	0.00	0.00	0.00	0.00
3	1	1	1	4.497593	0.00	0.00	0.00	0.00	0.00	0.00	0.00	0.00	0.00	0.00
3	1	1	1	4.513545	0.00	0.00	0.00	0.00	0.00	0.00	0.00	0.00	0.00	0.00
3	1	1	1	4.530638	0.00	0.00	0.00	0.00	0.00	0.00	0.00	0.00	0.00	0.00
3	1	1	1	4.547737	0.00	0.00	0.00	0.00	0.00	0.00	0.00	0.00	0.00	0.00
3	1	1	1	4.563708	0.00	-0.25	0.00	-15.65	0.00	-980.13	0.00	0.00	-0.00	-0.25
3	1	1	1	4.580718	0.00	-8.50	0.00	-485.01	0.00	-27592.89	0.00	0.00	-0.00	-8.50
3	1	1	1	4.597808	0.00	-39.75	0.00	-1828.56	0.00	-78616.33	0.00	0.00	-0.00	-39.75
3	1	1	1	4.613932	0.00	-48.61	0.00	-549.28	0.00	79341.52	0.00	0.00	-0.00	-48.61
3	1	1	1	4.630910	0.00	-57.72	0.00	-536.87	0.00	731.16	0.00	0.00	-0.00	-57.72
3	1	1	1	4.646683	0.00	-66.32	0.00	-544.97	0.00	-513.62	0.00	0.00	-0.00	-66.32
3	1	1	1	4.663786	0.00	-74.39	0.00	-472.09	0.00	4261.18	0.00	0.00	-0.00	-74.39
3	1	1	1	4.680730	0.00	-81.42	0.00	-415.03	0.00	3367.61	0.00	0.00	-0.00	-81.42
3	1	1	1	4.697920	0.00	-86.63	0.00	-303.02	0.00	6515.78	0.00	0.00	-0.00	-86.63
3	1	1	1	4.713728	0.26	-91.32	16.43	-296.58	1039.47	407.34	0.26	0.00	-0.00	-91.32
3	1	1	1	4.731292	0.26	-94.71	0.00	-192.77	-935.59	5910.68	0.26	0.00	-0.00	-94.71
3	1	1	1	4.747170	0.26	-96.01	0.00	-82.05	0.00	6973.45	0.26	0.00	-0.00	-96.01
4	1	0	2	5.764842	0.00	0.00	0.00	0.00	0.00	0.00	0.00	0.00	-0.00	0.00
4	1	1	2	5.781774	0.00	0.00	0.00	0.00	0.00	0.00	0.00	0.00	-0.00	0.00
4	1	1	2	5.797754	0.00	0.00	0.00	0.00	0.00	0.00	0.00	0.00	-0.00	0.00
4	1	1	2	5.814522	0.00	0.00	0.00	0.00	0.00	0.00	0.00	0.00	-0.00	0.00
4	1	1	2	5.830663	0.00	0.00	0.00	0.00	0.00	0.00	0.00	0.00	-0.00	0.00
4	1	1	2	5.848319	0.00	0.00	0.00	0.00	0.00	0.00	0.00	0.00	-0.00	0.00
4	1	1	2	5.864304	0.00	0.00	0.00	0.00	0.00	0.00	0.00	0.00	-0.00	0.00
4	1	1	2	5.880923	0.00	0.00	0.00	0.00	0.00	0.00	0.00	0.00	-0.00	0.00
4	1	1	2	5.897387	0.00	0.00	0.00	0.00	0.00	0.00	0.00	0.00	-0.00	0.00
4	1	1	2	5.914968	0.00	0.00	0.00	0.00	0.00	0.00	0.00	0.00	-0.00	0.00
4	1	1	2	5.930870	0.00	0.00	0.00	0.00	0.00	0.00	0.00	0.00	-0.00	0.00
4	1	1	2	5.948099	0.00	0.00	0.00	0.00	0.00	0.00	0.00	0.00	-0.00	0.00
4	1	1	2	5.964325	0.00	0.00	0.00	0.00	0.00	0.00	0.00	0.00	-0.00	0.00
4	1	1	2	5.981817	0.00	0.00	0.00	0.00	0.00	0.00	0.00	0.00	-0.00	0.00
4	1	1	2	5.998313	0.00	0.00	0.00	0.00	0.00	0.00	0.00	0.00	-0.00	0.00
4	1	1	2	6.015006	0.00	0.00	0.00	0.00	0.00	0.00	0.00	0.00	-0.00	0.00
4	1	1	2	6.031591	0.00	0.00	0.00	0.00	0.00	0.00	0.00	0.00	-0.00	0.00
4	1	1	2	6.048205	0.00	0.00	0.00	0.00	0.00	0.00	0.00	0.00	-0.00	0.00
4	1	1	2	6.064555	-0.25	0.00	-15.29	0.00	-935.18	0.00	0.00	-0.00	-0.25	0.00
4	1	1	2	6.080637	-0.75	0.00	-31.09	0.00	-982.39	0.00	0.00	-0.00	-0.75	0.00
4	1	1	2	6.097920	-1.62	0.00	-50.29	0.00	-1110.98	0.00	0.00	-0.00	-1.62	0.00
4	1	1	2	6.114153	-2.66	0.00	-64.13	0.00	-852.39	0.00	0.00	-0.00	-2.66	0.00
4	1	1	2	6.131815	-3.44	-0.26	-44.23	-14.76	1126.33	-835.92	0.00	-0.26	-3.44	0.00
4	1	1	2	6.148242	-4.74	-0.52	-79.30	-15.87	-2134.79	-67.52	0.00	-0.52	-4.74	0.00
4	1	1	2	6.164704	-6.31	-0.78	-94.92	-15.84	-948.43	2.03	0.00	-0.78	-6.31	0.00
4	1	1	2	6.181341	-7.87	-1.04	-93.97	-15.61	56.62	13.56	0.00	-1.04	-7.87	0.00
4	1	1	2	6.197822	-9.69	-1.30	-110.57	-15.82	-1007.03	-12.60	0.00	-1.30	-9.69	0.00
4	1	1	2	6.214127	-11.52	-1.82	-111.82	-31.92	-76.46	-987.45	0.00	-1.82	-11.52	0.00
4	1	1	2	6.231464	-12.56	-2.17	-60.10	-20.05	2982.94	684.62	0.00	-2.17	-12.56	0.00
4	1	1	2	6.248290	-13.86	-2.69	-77.43	-30.94	-1029.61	-646.80	0.00	-2.69	-13.86	0.00
4	1	1	2	6.264721	-14.90	-3.21	-63.41	-31.74	852.77	-48.75	0.00	-3.21	-14.90	0.00
4	1	1	2	6.280867	-15.42	-3.47	-32.24	-16.15	1930.90	965.42	0.00	-3.47	-15.42	0.00
4	1	1	2	6.298390	-15.77	-3.65	-19.84	-9.86	707.57	358.69	0.00	-3.65	-15.77	0.00
4	1	1	2	6.314596	-15.77	-3.65	0.00	0.00	1224.19	608.66	0.00	-3.65	-15.77	0.00
4	1	1	2	6.330738	-15.77	-3.65	0.00	0.00	0.00	0.00	0.00	-3.65	-15.77	0.00
4	1	1	2	6.348573	-15.77	-3.65	0.00	0.00	0.00	0.00	0.00	-3.65	-15.77	0.00
4	1	1	2	6.364958	-15.77	-3.65	0.00	0.00	0.00	0.00	0.00	-3.65	-15.77	0.00
4	1	1	2	6.381343	-16.02	-3.65	-15.26	0.00	-931.16	0.00	0.00	-3.65	-16.02	0.00
4	1	1	2	6.397983	-16.54	-3.65	-31.28	0.00	-963.06	0.00	0.00	-3.65	-16.54	0.00
4	1	1	2	6.414565	-18.10	-3.65	-94.23	0.00	-3795.91	0.00	0.00	-3.65	-18.10	0.00
4	1	1	2	6.430841	-21.75	-3.65	-224.04	0.00	-7975.28	0.00	0.00	-3.65	-21.75	0.00
4	1	1	2	6.448343	-27.22	-3.91	-312.53	-14.90	-5056.27	-851.25	0.00	-3.91	-27.22	0.00
4	1	1	2	6.464824	-33.73	-4.17	-395.10	-15.82	-5010.04	-55.96	0.00	-4.17	-33.73	0.00
4	1	1	2	6.481327	-39.72	-4.95	-362.99	-47.34	1945.83	-1910.04	0.00	-4.95	-39.72	0.00
4	1	1	2	6.498016	-45.71	-5.73	-358.99	-46.81	239.45	31.69	0.00	-5.73	-45.71	0.00
4	1	1	2	6.514209	-50.92	-7.29	-321.67	-96.49	2304.94	-3067.58	0.00	-7.29	-50.92	0.00
4	1	1	2	6.530649	-56.13	-9.12	-316.86	-110.91	292.35	-877.12	0.00	-9.12	-56.13	0.00
4	1	1	2	6.547503	-59.60	-10.51	-206.04	-82.45	6575.18	1688.36	0.00	-10.51	-59.60	0.00
4	1	1	2	6.563982	-62.73	-12.33	-189.70	-110.64	991.90	-1710.67	0.00	-12.33	-62.73	0.00
4	1	1	2	6.581422	-65.33	-13.89	-149.34	-89.59	2314.04	1206.93	0.00	-13.89	-65.33	0.00
4	1	1	2	6.597977	-67.16	-15.45	-110.13	-94.38	2368.39	-289.16	0.00	-15.45	-67.16	0.00
4	1	1	2	6.614502	-68.98	-17.28	-110.33	-110.33	-12.31	-965.39	0.00	-17.28	-68.98	0.00
4	1	1	2	6.631523	-70.80	-18.84	-107.06	-91.80	192.26	1088.89	0.00	-18.84	-70.80	0.00
4	1	1	2	6.647677	-73.15	-20.40	-145.15	-96.79	-2357.83	-308.73	0.00	-20.40	-73.15	0.00
4	1	1	2	6.664200	-75.49	-21.71	-141.85	-78.79	199.60	1089.39	0.00	-21.71	-75.49	0.00
4	1	1	2	6.681855	-78.36	-23.27	-162.29	-88.50	-1157.68	-550.28	0.00	-23.27	-78.36	0.00
4	1	1	2	6.697926	-81.13	-24.66	-172.88	-86.47	-659.24	126.27	0.00	-24.66	-81.13	0.00
4	1	1	2	6.713842	-84.00	-25.96	-180.01	-81.78	-447.86	294.50	0.00	-25.96	-84.00	0.00
4	1	1	2	6.731728	-86.87	-27.26	-160.20	-72.84	1107.91	500.30	0.00	-27.26	-86.87	0.00
4	1	1	2	6.748015	-89.21	-28.30	-143.91	-63.98	1000.02	543.80	0.00	-28.30	-89.21	0.00
4	1	1	2	6.763981	-91.55	-29.35	-146.79	-65.26	-180.44	-80.22	0.00	-29.35	-91.55	0.00
5	1	0	3	7.514337	0.00	0.00	0.00	0.00	0.00	0.00	0.00	0.00	-0.00	-0.00
5	1	1	3	7.532008	0.00	0.00	0.00	0.00	0.00	0.00	0.00	0.00	-0.00	-0.00
5	1	1	3	7.547639	0.00	0.00	0.00	0.00	0.00	0.00	0.00	0.00	-0.00	-0.00
5	1	1	3	7.565201	0.00	0.00	0.00	0.00	0.00	0.00	0.00	0.00	-0.00	-0.00
5	1	1	3	7.581245	0.00	0.00	0.00	0.00	0.00	0.00	0.00	0.00	-0.00	-0.00
5	1	1	3	7.597897	0.00	0.00	0.00	0.00	0.00	0.00	0.00	0.00	-0.00	-0.00
5	1	1	3	7.614224	0.00	0.00	0.00	0.00	0.00	0.00	0.00	0.00	-0.00	-0.00
5	1	1	3	7.631706	0.00	0.00	0.00	0.00	0.00	0.00	0.00	0.00	-0.00	-0.00
5	1	1	3	7.647885	0.00	0.00	0.00	0.00	0.00	0.00	0.00	0.00	-0.00	-0.00
5	1	1	3	7.663850	0.00	0.00	0.00	0.00	0.00	0.00	0.00	0.00	-0.00	-0.00
5	1	1	3	7.681773	0.00	0.00	0.00	0.00	0.00	0.00	0.00	0.00	-0.00	-0.00
5	1	1	3	7.698000	0.00	0.00	0.00	0.00	0.00	0.00	0.00	0.00	-0.00	-0.00
5	1	1	3	7.714209	0.00	0.00	0.00	0.00	0.00	0.00	0.00	0.00	-0.00	-0.00
5	1	1	3	7.731487	0.00	0.00	0.00	0.00	0.00	0.00	0.00	0.00	-0.00	-0.00
5	1	1	3	7.747902	0.00	0.00	0.00	0.00	0.00	0.00	0.00	0.00	-0.00	-0.00
5	1	1	3	7.764196	0.00	0.00	0.00	0.00	0.00	0.00	0.00	0.00	-0.00	-0.00
5	1	1	3	7.781705	0.00	0.00	0.00	0.00	0.00	0.00	0.00	0.00	-0.00	-0.00
5	1	1	3	7.799573	0.00	0.00	0.00	0.00	0.00	0.00	0.00	0.00	-0.00	-0.00
5	1	1	3	7.844600	0.00	0.00	0.00	0.00	0.00	0.00	0.00	0.00	-0.00	-0.00
5	1	1	3	7.861120	0.00	0.00	0.00	0.00	0.00	0.00	0.00	0.00	-0.00	-0.00
5	1	1	3	7.893606	0.00	0.00	0.00	0.00	0.00	0.00	0.00	0.00	-0.00	-0.00
5	1	1	3	7.910205	0.00	0.00	0.00	0.00	0.00	0.00	0.00	0.00	-0.00	-0.00
5	1	1	3	7.928001	0.00	0.00	0.00	0.00	0.00	0.00	0.00	0.00	-0.00	-0.00
5	1	1	3	7.943449	0.00	0.00	0.00	0.00	0.00	0.00	0.00	0.00	-0.00	-0.00
5	1	1	3	7.960327	0.00	0.00	0.00	0.00	0.00	0.00	0.00	0.00	-0.00	-0.00
5	1	1	3	7.976927	0.00	0.00	0.00	0.00	0.00	0.00	0.00	0.00	-0.00	-0.00
5	1	1	3	7.994719	0.00	0.00	0.00	0.00	0.00	0.00	0.00	0.00	-0.00	-0.00
5	1	1	3	8.010941	0.00	0.00	0.00	0.00	0.00	0.00	0.00	0.00	-0.00	-0.00
5	1	1	3	8.026865	0.00	0.00	0.00	0.00	0.00	0.00	0.00	0.00	-0.00	-0.00
5	1	1	3	8.043358	0.00	0.26	0.00	15.75	0.00	954.92	-0.00	0.00	0.00	0.26
5	1	1	3	8.061089	0.00	1.01	0.00	42.30	0.00	1497.36	-0.00	0.00	0.00	1.01
5	1	1	3	8.077299	-0.26	2.57	-16.09	96.40	-992.40	3337.40	-0.26	0.00	0.00	2.57
5	1	1	3	8.093906	-0.26	4.92	0.00	141.18	968.59	2696.81	-0.26	0.00	0.00	4.92
5	1	1	3	8.109856	-0.26	7.78	0.00	179.64	0.00	2410.71	-0.26	0.00	0.00	7.78
5	1	1	3	8.127001	-0.26	10.65	0.00	167.07	0.00	-732.93	-0.26	0.00	0.00	10.65
5	1	1	3	8.144074	-0.26	13.77	0.00	183.09	0.00	938.47	-0.26	0.00	0.00	13.77
5	1	1	3	8.160508	-0.26	16.90	0.00	190.15	0.00	429.38	-0.26	0.00	0.00	16.90
5	1	1	3	8.176485	-0.26	22.37	0.00	342.35	0.00	9526.68	-0.26	0.00	0.00	22.37
5	1	1	3	8.193167	-0.26	26.36	0.00	239.43	0.00	-6169.98	-0.26	0.00	0.00	26.36
5	1	1	3	8.210911	-0.26	32.61	0.00	352.30	0.00	6361.19	-0.26	0.00	0.00	32.61
5	1	1	3	8.227067	0.26	38.34	32.22	354.62	1994.03	144.11	0.26	0.00	0.00	38.34
5	1	1	3	8.244132	0.52	42.51	15.28	244.25	-992.52	-6468.13	0.52	0.00	0.00	42.51
5	1	1	3	8.260158	0.78	47.46	16.27	308.75	61.73	4024.48	0.78	0.00	0.00	47.46
5	1	1	3	8.277679	1.30	51.89	29.71	252.72	767.06	-3198.09	1.30	0.00	0.00	51.89
5	1	1	3	8.293723	1.56	56.57	16.25	292.22	-838.75	2462.02	1.56	0.00	0.00	56.57
5	1	1	3	8.310193	1.56	59.35	0.00	168.69	-986.71	-7500.28	1.56	0.00	0.00	59.35
5	1	1	3	8.326929	1.82	61.18	15.52	108.95	927.50	-3569.80	1.82	0.00	0.00	61.18
5	1	1	3	8.343505	1.82	62.48	0.00	78.59	-936.42	-1831.18	1.82	0.00	0.00	62.48
5	1	1	3	8.360323	1.82	63.26	0.00	46.45	0.00	-1911.03	1.82	0.00	0.00	63.26
5	1	1	3	8.376623	1.82	63.52	0.00	15.94	0.00	-1872.12	1.82	0.00	0.00	63.52
5	1	1	3	8.393518	2.00	63.69	10.29	10.29	608.96	-334.32	2.00	0.00	0.00	63.69
5	1	1	3	8.411139	2.00	63.69	0.00	0.00	-583.89	-583.89	2.00	0.00	0.00	63.69
5	1	1	3	8.426891	2.00	63.69	0.00	0.00	0.00	0.00	2.00	0.00	0.00	63.69
5	1	1	3	8.444310	2.00	63.69	0.00	0.00	0.00	0.00	2.00	0.00	0.00	63.69
5	1	1	3	8.460752	2.00	63.69	0.00	0.00	0.00	0.00	2.00	0.00	0.00	63.69
5	1	1	3	8.477039	2.00	63.69	0.00	0.00	0.00	0.00	2.00	0.00	0.00	63.69
5	1	1	3	8.494566	2.00	63.69	0.00	0.00	0.00	0.00	2.00	0.00	0.00	63.69
5	1	1	3	8.511071	2.00	63.69	0.00	0.00	0.00	0.00	2.00	0.00	0.00	63.69
5	1	1	3	8.527330	2.00	63.69	0.00	0.00	0.00	0.00	2.00	0.00	0.00	63.69
5	1	1	3	8.543832	2.00	63.69	0.00	0.00	0.00	0.00	2.00	0.00	0.00	63.69
5	1	1	3	8.560359	2.00	63.44	0.00	-15.13	0.00	-915.25	2.00	0.00	0.00	63.44
5	1	1	3	8.577889	2.00	63.19	0.00	-14.26	0.00	49.33	2.00	0.00	0.00	63.19
5	1	1	3	8.594097	2.00	62.67	0.00	-32.11	0.00	-1101.48	2.00	0.00	0.00	62.67
5	1	1	3	8.609936	2.17	61.28	10.97	-87.73	692.82	-3511.22	2.17	0.00	0.00	61.28
5	1	1	3	8.626484	2.43	57.38	15.76	-236.06	289.06	-8964.11	2.43	0.00	0.00	57.38
5	1	1	3	8.644710	2.69	52.43	14.25	-271.54	-82.58	-1946.52	2.69	0.00	0.00	52.43
5	1	1	3	8.660815	2.95	43.05	16.19	-582.17	120.32	-19287.85	2.95	0.00	0.00	43.05
5	1	1	3	8.676838	2.95	36.54	0.00	-406.40	-1010.42	10970.29	2.95	0.00	0.00	36.54
5	1	1	3	8.694006	2.95	28.73	0.00	-455.13	0.00	-2838.49	2.95	0.00	0.00	28.73
5	1	1	3	8.710037	2.95	21.17	0.00	-471.18	0.00	-1001.46	2.95	0.00	0.00	21.17
5	1	1	3	8.727275	2.95	16.22	0.00	-287.05	0.00	10681.52	2.95	0.00	0.00	16.22
5	1	1	3	8.743763	2.69	11.01	-15.81	-315.99	-959.17	-1755.13	2.69	0.00	0.00	11.01
5	1	1	3	8.760120	2.34	4.24	-21.19	-413.98	-328.93	-5990.89	2.34	0.00	0.00	4.24
5	1	1	3	8.776820	2.08	-0.45	-15.61	-280.74	334.24	7978.53	2.08	-0.00	-0.00	-0.45
5	1	1	3	8.793545	2.08	-8.78	0.00	-498.29	933.49	-13007.09	2.08	0.00	-0.00	-8.78
5	1	1	3	8.809978	2.08	-16.33	0.00	-459.68	0.00	2349.33	2.08	0.00	-0.00	-16.33
5	1	1	3	8.826916	2.08	-23.37	0.00	-415.16	0.00	2628.26	2.08	0.00	-0.00	-23.37
5	1	1	3	8.843807	2.08	-28.31	0.00	-293.02	0.00	7231.34	2.08	0.00	-0.00	-28.31
5	1	1	3	8.861113	2.08	-36.91	0.00	-496.62	0.00	-11763.84	2.08	0.00	-0.00	-36.91
5	1	1	3	8.876951	2.08	-41.86	0.00	-312.44	0.00	11629.20	2.08	0.00	-0.00	-41.86
5	1	1	3	8.894382	2.08	-45.50	0.00	-209.19	0.00	5923.31	2.08	0.00	-0.00	-45.50
5	1	1	3	8.910450	2.08	-48.89	0.00	-210.78	0.00	-99.17	2.08	0.00	-0.00	-48.89
5	1	1	3	8.927292	1.82	-50.97	-15.48	-123.68	-919.19	5171.60	1.82	0.00	-0.00	-50.97
5	1	1	3	8.944160	1.82	-52.28	0.00	-77.23	917.82	2753.42	1.82	0.00	-0.00	-52.28
5	1	1	3	8.960495	1.65	-52.97	-10.58	-42.51	-647.78	2125.96	1.65	0.00	-0.00	-52.97
5	1	1	3	8.976865	1.65	-53.75	0.00	-47.73	646.41	-318.85	1.65	0.00	-0.00	-53.75
5	1	1	3	8.993773	1.65	-54.53	0.00	-46.21	0.00	89.88	1.65	0.00	-0.00	-54.53
6	1	0	1	9.265170	0.00	0.00	0.00	0.00	0.00	0.00	0.00	0.00	0.00	0.00
6	1	1	1	9.281898	0.00	0.00	0.00	0.00	0.00	0.00	0.00	0.00	0.00	0.00
6	1	1	1	9.298222	0.00	0.00	0.00	0.00	0.00	0.00	0.00	0.00	0.00	0.00
6	1	1	1	9.314520	0.00	0.00	0.00	0.00	0.00	0.00	0.00	0.00	0.00	0.00
6	1	1	1	9.332079	0.00	0.00	0.00	0.00	0.00	0.00	0.00	0.00	0.00	0.00
6	1	1	1	9.348650	0.00	0.00	0.00	0.00	0.00	0.00	0.00	0.00	0.00	0.00
6	1	1	1	9.365188	0.00	0.00	0.00	0.00	0.00	0.00	0.00	0.00	0.00	0.00
6	1	1	1	9.381712	0.00	0.00	0.00	0.00	0.00	0.00	0.00	0.00	0.00	0.00
6	1	1	1	9.398036	0.00	0.00	0.00	0.00	0.00	0.00	0.00	0.00	0.00	0.00
6	1	1	1	9.415392	0.00	0.00	0.00	0.00	0.00	0.00	0.00	0.00	0.00	0.00
6	1	1	1	9.431776	0.00	0.00	0.00	0.00	0.00	0.00	0.00	0.00	0.00	0.00
6	1	1	1	9.448370	0.00	0.00	0.00	0.00	0.00	0.00	0.00	0.00	0.00	0.00
6	1	1	1	9.464831	0.00	0.00	0.00	0.00	0.00	0.00	0.00	0.00	0.00	0.00
6	1	1	1	9.481361	0.00	0.00	0.00	0.00	0.00	0.00	0.00	0.00	0.00	0.00
6	1	1	1	9.497699	0.00	0.00	0.00	0.00	0.00	0.00	0.00	0.00	0.00	0.00
6	1	1	1	9.515198	0.00	0.00	0.00	0.00	0.00	0.00	0.00	0.00	0.00	0.00
6	1	1	1	9.531710	0.00	0.00	0.00	0.00	0.00	0.00	0.00	0.00	0.00	0.00
6	1	1	1	9.547503	0.00	0.00	0.00	0.00	0.00	0.00	0.00	0.00	0.00	0.00
6	1	1	1	9.565529	0.00	0.00	0.00	0.00	0.00	0.00	0.00	0.00	0.00	0.00
6	1	1	1	9.581840	0.00	0.00	0.00	0.00	0.00	0.00	0.00	0.00	0.00	0.00
6	1	1	1	9.598296	0.00	0.00	0.00	0.00	0.00	0.00	0.00	0.00	0.00	0.00
6	1	1	1	9.614687	0.00	0.00	0.00	0.00	0.00	0.00	0.00	0.00	0.00	0.00
6	1	1	1	9.632234	0.00	0.00	0.00	0.00	0.00	0.00	0.00	0.00	0.00	0.00
6	1	1	1	9.648747	0.00	0.00	0.00	0.00	0.00	0.00	0.00	0.00	0.00	0.00
6	1	1	1	9.665106	0.00	0.00	0.00	0.00	0.00	0.00	0.00	0.00	0.00	0.00
6	1	1	1	9.681637	0.00	0.00	0.00	0.00	0.00	0.00	0.00	0.00	0.00	0.00
6	1	1	1	9.698150	0.00	0.00	0.00	0.00	0.00	0.00	0.00	0.00	0.00	0.00
6	1	1	1	9.714432	0.00	0.00	0.00	0.00	0.00	0.00	0.00	0.00	0.00	0.00
6	1	1	1	9.732279	0.00	0.00	0.00	0.00	0.00	0.00	0.00	0.00	0.00	0.00
6	1	1	1	9.748741	0.00	0.00	0.00	0.00	0.00	0.00	0.00	0.00	0.00	0.00
6	1	1	1	9.765046	0.00	0.00	0.00	0.00	0.00	0.00	0.00	0.00	0.00	0.00
6	1	1	1	9.780727	0.00	0.00	0.00	0.00	0.00	0.00	0.00	0.00	0.00	0.00
6	1	1	1	9.798094	0.00	0.00	0.00	0.00	0.00	0.00	0.00	0.00	0.00	0.00
6	1	1	1	9.815708	0.00	0.00	0.00	0.00	0.00	0.00	0.00	0.00	0.00	0.00
6	1	1	1	9.832284	0.00	0.00	0.00	0.00	0.00	0.00	0.00	0.00	0.00	0.00
6	1	1	1	9.848829	0.00	0.00	0.00	0.00	0.00	0.00	0.00	0.00	0.00	0.00
6	1	1	1	9.865084	0.00	0.00	0.00	0.00	0.00	0.00	0.00	0.00	0.00	0.00
6	1	1	1	9.881269	0.00	0.00	0.00	0.00	0.00	0.00	0.00	0.00	0.00	0.00
6	1	1	1	9.898581	-0.25	-0.75	-14.44	-43.32	-834.15	-2502.45	-0.25	0.00	-0.00	-0.75
6	1	1	1	9.914889	-0.77	-0.49	-31.98	15.93	-1075.40	3633.37	-0.77	0.00	-0.00	-0.49
6	1	1	1	9.931239	-1.29	1.07	-31.84	95.57	8.68	4870.99	-1.29	0.00	0.00	1.07
6	1	1	1	9.949018	-2.07	3.16	-43.94	117.21	-680.86	1217.46	-2.07	0.00	0.00	3.16
6	1	1	1	9.965543	-2.86	5.76	-47.34	157.61	-205.49	2444.80	-2.86	0.00	0.00	5.76
6	1	1	1	9.982373	-3.72	10.28	-51.58	268.24	-252.20	6572.72	-3.72	0.00	0.00	10.28
6	1	1	1	9.997797	-4.24	15.22	-33.75	320.88	1156.31	3413.36	-4.24	0.00	0.00	15.22
6	1	1	1	10.015219	-4.76	20.17	-29.88	284.02	222.18	-2115.78	-4.76	0.00	0.00	20.17
6	1	1	1	10.031346	-4.76	25.12	0.00	306.89	1852.58	1417.99	-4.76	0.00	0.00	25.12
6	1	1	1	10.048728	-4.76	29.29	0.00	239.73	0.00	-3863.73	-4.76	0.00	0.00	29.29
6	1	1	1	10.065109	-5.03	33.20	-15.92	238.51	-971.63	-74.31	-5.03	0.00	0.00	33.20
6	1	1	1	10.081012	-5.03	37.36	0.00	262.04	1000.91	1479.09	-5.03	0.00	0.00	37.36
6	1	1	1	10.098598	-5.03	41.53	0.00	236.95	0.00	-1426.42	-5.03	0.00	0.00	41.53
6	1	1	1	10.114210	-5.03	45.44	0.00	250.27	0.00	853.36	-5.03	0.00	0.00	45.44
6	1	1	1	10.131776	-5.03	47.52	0.00	118.64	0.00	-7493.75	-5.03	0.00	0.00	47.52
6	1	1	1	10.148200	-5.03	49.60	0.00	126.83	0.00	498.75	-5.03	0.00	0.00	49.60
6	1	1	1	10.165588	-5.03	50.65	0.00	59.93	0.00	-3847.56	-5.03	0.00	0.00	50.65
6	1	1	1	10.181173	-5.03	51.17	0.00	33.40	0.00	-1702.20	-5.03	0.00	0.00	51.17
6	1	1	1	10.198269	-5.03	51.69	0.00	30.50	0.00	-169.31	-5.03	0.00	0.00	51.69
6	1	1	1	10.214725	-5.03	52.47	0.00	47.47	0.00	1031.29	-5.03	0.00	0.00	52.47
6	1	1	1	10.232392	-5.03	54.03	0.00	88.44	0.00	2318.72	-5.03	0.00	0.00	54.03
6	1	1	1	10.248898	-4.76	56.38	15.80	142.05	957.03	3248.07	-4.76	0.00	0.00	56.38
6	1	1	1	10.265316	-4.50	59.50	15.82	190.34	1.56	2941.45	-4.50	0.00	0.00	59.50
6	1	1	1	10.281876	-3.98	62.97	31.49	209.70	946.08	1168.55	-3.98	0.00	0.00	62.97
6	1	1	1	10.298063	-3.20	67.66	48.26	289.64	1036.23	4938.77	-3.20	0.00	0.00	67.66
6	1	1	1	10.315251	-2.42	70.53	45.45	166.70	-163.43	-7152.67	-2.42	0.00	0.00	70.53
6	1	1	1	10.332362	-1.38	73.91	60.90	197.87	902.39	1821.20	-1.38	0.00	0.00	73.91
6	1	1	1	10.348528	-0.34	77.04	64.46	193.37	220.26	-278.29	-0.34	0.00	0.00	77.04
6	1	1	1	10.364543	0.70	79.38	65.00	146.34	34.03	-2936.20	0.70	0.00	0.00	79.38
6	1	1	1	10.382024	1.49	81.21	44.75	104.30	-1158.61	-2405.17	1.49	0.00	0.00	81.21
6	1	1	1	10.398647	1.75	82.25	15.63	62.68	-1751.85	-2503.51	1.75	0.00	0.00	82.25
6	1	1	1	10.415152	2.27	83.29	31.60	63.13	967.53	27.18	2.27	0.00	0.00	83.29
6	1	1	1	10.431673	2.53	84.07	15.72	47.29	-960.75	-959.11	2.53	0.00	0.00	84.07
6	1	1	1	10.447919	3.03	84.82	30.78	46.17	926.70	-68.96	3.03	0.00	0.00	84.82
6	1	1	1	10.465296	3.03	85.07	0.00	14.39	-1771.18	-1828.83	3.03	0.00	0.00	85.07
6	1	1	1	10.481172	3.03	85.59	0.00	32.78	0.00	1158.80	3.03	0.00	0.00	85.59
6	1	1	1	10.498240	3.03	86.63	0.00	61.05	0.00	1656.03	3.03	0.00	0.00	86.63
6	1	1	1	10.514630	3.03	88.20	0.00	95.34	0.00	2092.10	3.03	0.00	0.00	88.20
6	1	1	1	10.532113	3.03	89.76	0.00	89.37	0.00	-341.30	3.03	0.00	0.00	89.76
6	1	1	1	10.548524	3.03	91.32	0.00	95.27	0.00	359.65	3.03	0.00	0.00	91.32
6	1	1	1	10.564881	2.51	92.37	-31.82	63.70	-1945.28	-1930.10	2.51	0.00	0.00	92.37
6	1	1	1	10.581407	2.25	93.41	-15.78	63.00	970.75	-42.68	2.25	0.00	0.00	93.41
6	1	1	1	10.598005	1.90	94.10	-20.89	41.89	-307.75	-1271.49	1.90	0.00	0.00	94.10
6	1	1	1	10.615678	1.65	94.60	-14.15	28.29	381.42	-769.49	1.65	0.00	0.00	94.60
6	1	1	1	10.632269	0.78	95.64	-52.33	62.75	-2301.57	2076.94	0.78	0.00	0.00	95.64
7	1	0	4	11.014917	0.00	0.00	0.00	0.00	0.00	0.00	0.00	0.00	0.00	-0.00
7	1	1	4	11.032805	0.00	0.00	0.00	0.00	0.00	0.00	0.00	0.00	0.00	-0.00
7	1	1	4	11.048850	0.00	0.00	0.00	0.00	0.00	0.00	0.00	0.00	0.00	-0.00
7	1	1	4	11.065502	0.00	0.00	0.00	0.00	0.00	0.00	0.00	0.00	0.00	-0.00
7	1	1	4	11.082117	0.00	0.00	0.00	0.00	0.00	0.00	0.00	0.00	0.00	-0.00
7	1	1	4	11.098877	0.00	0.00	0.00	0.00	0.00	0.00	0.00	0.00	0.00	-0.00
7	1	1	4	11.115409	0.00	0.00	0.00	0.00	0.00	0.00	0.00	0.00	0.00	-0.00
7	1	1	4	11.132153	0.00	0.00	0.00	0.00	0.00	0.00	0.00	0.00	0.00	-0.00
7	1	1	4	11.148802	0.00	0.00	0.00	0.00	0.00	0.00	0.00	0.00	0.00	-0.00
7	1	1	4	11.165570	0.00	0.00	0.00	0.00	0.00	0.00	0.00	0.00	0.00	-0.00
7	1	1	4	11.181863	0.00	0.00	0.00	0.00	0.00	0.00	0.00	0.00	0.00	-0.00
7	1	1	4	11.197797	0.00	0.00	0.00	0.00	0.00	0.00	0.00	0.00	0.00	-0.00
7	1	1	4	11.215599	0.00	0.00	0.00	0.00	0.00	0.00	0.00	0.00	0.00	-0.00
7	1	1	4	11.231919	0.00	0.00	0.00	0.00	0.00	0.00	0.00	0.00	0.00	-0.00
7	1	1	4	11.248180	0.00	0.00	0.00	0.00	0.00	0.00	0.00	0.00	0.00	-0.00
7	1	1	4	11.265842	0.00	0.00	0.00	0.00	0.00	0.00	0.00	0.00	0.00	-0.00
7	1	1	4	11.282317	0.00	0.00	0.00	0.00	0.00	0.00	0.00	0.00	0.00	-0.00
7	1	1	4	11.298975	0.00	0.00	0.00	0.00	0.00	0.00	0.00	0.00	0.00	-0.00
7	1	1	4	11.315561	0.00	0.00	0.00	0.00	0.00	0.00	0.00	0.00	0.00	-0.00
7	1	1	4	11.332135	0.00	0.00	0.00	0.00	0.00	0.00	0.00	0.00	0.00	-0.00
7	1	1	4	11.348428	0.00	0.00	0.00	0.00	0.00	0.00	0.00	0.00	0.00	-0.00
7	1	1	4	11.365871	0.00	0.00	0.00	0.00	0.00	0.00	0.00	0.00	0.00	-0.00
7	1	1	4	11.381746	0.00	0.00	0.00	0.00	0.00	0.00	0.00	0.00	0.00	-0.00
7	1	1	4	11.398399	0.00	0.00	0.00	0.00	0.00	0.00	0.00	0.00	0.00	-0.00
7	1	1	4	11.414843	0.00	0.00	0.00	0.00	0.00	0.00	0.00	0.00	0.00	-0.00
7	1	1	4	11.432500	0.00	0.00	0.00	0.00	0.00	0.00	0.00	0.00	0.00	-0.00
7	1	1	4	11.448887	0.00	0.00	0.00	0.00	0.00	0.00	0.00	0.00	0.00	-0.00
7	1	1	4	11.465052	0.00	0.00	0.00	0.00	0.00	0.00	0.00	0.00	0.00	-0.00
7	1	1	4	11.481611	0.00	0.00	0.00	0.00	0.00	0.00	0.00	0.00	0.00	-0.00
7	1	1	4	11.498933	0.00	0.00	0.00	0.00	0.00	0.00	0.00	0.00	0.00	-0.00
7	1	1	4	11.515469	0.00	0.00	0.00	0.00	0.00	0.00	0.00	0.00	0.00	-0.00
7	1	1	4	11.532000	0.00	0.00	0.00	0.00	0.00	0.00	0.00	0.00	0.00	-0.00
7	1	1	4	11.547784	0.00	0.00	0.00	0.00	0.00	0.00	0.00	0.00	0.00	-0.00
7	1	1	4	11.564782	0.00	0.00	0.00	0.00	0.00	0.00	0.00	0.00	0.00	-0.00
7	1	1	4	11.581833	0.00	0.00	0.00	0.00	0.00	0.00	0.00	0.00	0.00	-0.00
7	1	1	4	11.597738	0.00	0.00	0.00	0.00	0.00	0.00	0.00	0.00	0.00	-0.00
7	1	1	4	11.615474	0.00	0.00	0.00	0.00	0.00	0.00	0.00	0.00	0.00	-0.00
7	1	1	4	11.631960	0.00	0.00	0.00	0.00	0.00	0.00	0.00	0.00	0.00	-0.00
7	1	1	4	11.648689	0.00	0.00	0.00	0.00	0.00	0.00	0.00	0.00	0.00	-0.00
7	1	1	4	11.665344	0.00	0.00	0.00	0.00	0.00	0.00	0.00	0.00	0.00	-0.00
7	1	1	4	11.681627	0.00	0.00	0.00	0.00	0.00	0.00	0.00	0.00	0.00	-0.00
7	1	1	4	11.699118	0.00	0.00	0.00	0.00	0.00	0.00	0.00	0.00	0.00	-0.00
7	1	1	4	11.715723	0.00	0.00	0.00	0.00	0.00	0.00	0.00	0.00	0.00	-0.00
7	1	1	4	11.732340	0.00	0.00	0.00	0.00	0.00	0.00	0.00	0.00	0.00	-0.00
7	1	1	4	11.748806	1.04	0.00	63.22	0.00	3839.22	0.00	0.00	0.00	1.04	-0.00
7	1	1	4	11.765315	3.65	0.00	157.76	0.00	5726.78	0.00	0.00	0.00	3.65	-0.00
7	1	1	4	11.782328	9.03	0.00	316.40	0.00	9324.68	0.00	0.00	0.00	9.03	-0.00
7	1	1	4	11.798251	15.80	0.00	425.34	0.00	6841.66	0.00	0.00	0.00	15.80	-0.00
7	1	1	4	11.815644	22.83	0.00	404.30	0.00	-1209.50	0.00	0.00	0.00	22.83	-0.00
7	1	1	4	11.832140	29.60	0.00	410.49	0.00	375.00	0.00	0.00	0.00	29.60	-0.00
7	1	1	4	11.848191	36.12	0.00	405.70	0.00	-298.42	0.00	0.00	0.00	36.12	-0.00
7	1	1	4	11.864802	43.41	0.00	439.06	0.00	2008.56	0.00	0.00	0.00	43.41	-0.00
7	1	1	4	11.882414	50.70	0.00	414.09	0.00	-1417.95	0.00	0.00	0.00	50.70	-0.00
7	1	1	4	11.898476	58.52	0.00	486.45	0.00	4505.60	0.00	0.00	0.00	58.52	-0.00
7	1	1	4	11.915011	65.81	0.00	441.05	0.00	-2745.97	0.00	0.00	0.00	65.81	-0.00
7	1	1	4	11.932069	72.41	0.87	386.85	50.90	-3177.23	2983.93	0.00	0.87	72.41	-0.00
7	1	1	4	11.948139	78.66	2.17	388.98	81.00	132.12	1873.44	0.00	2.17	78.66	-0.00
7	1	1	4	11.965349	83.87	3.21	302.66	60.54	-5015.17	-1188.81	0.00	3.21	83.87	-0.00
7	1	1	4	11.981648	87.51	3.99	223.73	47.93	-4843.14	-773.76	0.00	3.99	87.51	-0.00
7	1	1	4	11.999243	91.42	5.04	222.01	59.22	-97.54	641.57	0.00	5.04	91.42	-0.00
7	1	1	4	12.015785	94.55	5.30	188.97	15.76	-1997.11	-2627.19	0.00	5.30	94.55	-0.00
7	1	1	4	12.032206	97.15	5.56	158.60	15.82	-1849.42	3.42	0.00	5.56	97.15	-0.00
8	1	0	2	12.766035	0.00	0.00	0.00	0.00	0.00	0.00	0.00	0.00	-0.00	0.00
8	1	1	2	12.782813	0.00	0.00	0.00	0.00	0.00	0.00	0.00	0.00	-0.00	0.00
8	1	1	2	12.798958	0.00	0.00	0.00	0.00	0.00	0.00	0.00	0.00	-0.00	0.00
8	1	1	2	12.815783	0.00	0.00	0.00	0.00	0.00	0.00	0.00	0.00	-0.00	0.00
8	1	1	2	12.831948	0.00	0.00	0.00	0.00	0.00	0.00	0.00	0.00	-0.00	0.00
8	1	1	2	12.848454	0.00	0.00	0.00	0.00	0.00	0.00	0.00	0.00	-0.00	0.00
8	1	1	2	12.865931	0.00	0.00	0.00	0.00	0.00	0.00	0.00	0.00	-0.00	0.00
8	1	1	2	12.882494	0.00	0.00	0.00	0.00	0.00	0.00	0.00	0.00	-0.00	0.00
8	1	1	2	12.899153	0.00	0.00	0.00	0.00	0.00	0.00	0.00	0.00	-0.00	0.00
8	1	1	2	12.915725	0.00	0.00	0.00	0.00	0.00	0.00	0.00	0.00	-0.00	0.00
8	1	1	2	12.932087	0.00	0.00	0.00	0.00	0.00	0.00	0.00	0.00	-0.00	0.00
8	1	1	2	12.948009	0.00	0.00	0.00	0.00	0.00	0.00	0.00	0.00	-0.00	0.00
8	1	1	2	12.965815	0.00	0.00	0.00	0.00	0.00	0.00	0.00	0.00	-0.00	0.00
8	1	1	2	12.982699	0.00	0.00	0.00	0.00	0.00	0.00	0.00	0.00	-0.00	0.00
8	1	1	2	12.998820	0.00	0.00	0.00	0.00	0.00	0.00	0.00	0.00	-0.00	0.00
8	1	1	2	13.015147	0.00	0.00	0.00	0.00	0.00	0.00	0.00	0.00	-0.00	0.00
8	1	1	2	13.032975	0.00	0.00	0.00	0.00	0.00	0.00	0.00	0.00	-0.00	0.00
8	1	1	2	13.049734	0.00	0.00	0.00	0.00	0.00	0.00	0.00	0.00	-0.00	0.00
8	1	1	2	13.065027	0.00	0.00	0.00	0.00	0.00	0.00	0.00	0.00	-0.00	0.00
8	1	1	2	13.082675	0.00	0.00	0.00	0.00	0.00	0.00	0.00	0.00	-0.00	0.00
8	1	1	2	13.099149	0.00	0.00	0.00	0.00	0.00	0.00	0.00	0.00	-0.00	0.00
8	1	1	2	13.115781	0.00	0.00	0.00	0.00	0.00	0.00	0.00	0.00	-0.00	0.00
8	1	1	2	13.132086	0.00	0.00	0.00	0.00	0.00	0.00	0.00	0.00	-0.00	0.00
8	1	1	2	13.148630	0.00	0.00	0.00	0.00	0.00	0.00	0.00	0.00	-0.00	0.00
8	1	1	2	13.165395	0.00	0.00	0.00	0.00	0.00	0.00	0.00	0.00	-0.00	0.00
8	1	1	2	13.182367	0.00	0.00	0.00	0.00	0.00	0.00	0.00	0.00	-0.00	0.00
8	1	1	2	13.198933	0.00	0.00	0.00	0.00	0.00	0.00	0.00	0.00	-0.00	0.00
8	1	1	2	13.215018	0.00	0.00	0.00	0.00	0.00	0.00	0.00	0.00	-0.00	0.00
8	1	1	2	13.232797	0.00	0.00	0.00	0.00	0.00	0.00	0.00	0.00	-0.00	0.00
8	1	1	2	13.249330	0.00	0.00	0.00	0.00	0.00	0.00	0.00	0.00	-0.00	0.00
8	1	1	2	13.265644	0.00	0.00	0.00	0.00	0.00	0.00	0.00	0.00	-0.00	0.00
8	1	1	2	13.282005	0.00	0.00	0.00	0.00	0.00	0.00	0.00	0.00	-0.00	0.00
8	1	1	2	13.299447	-0.52	0.00	-29.90	0.00	-1713.97	0.00	0.00	-0.00	-0.52	0.00
8	1	1	2	13.315166	-1.02	0.00	-31.81	0.00	-121.67	0.00	0.00	-0.00	-1.02	0.00
8	1	1	2	13.332402	-3.63	-0.52	-151.11	-30.26	-6921.53	-1755.38	0.00	-0.52	-3.63	0.00
8	1	1	2	13.348906	-7.27	-1.56	-220.94	-63.14	-4231.33	-1992.18	0.00	-1.56	-7.27	0.00
8	1	1	2	13.365171	-12.74	-2.87	-336.29	-80.03	-7091.37	-1038.94	0.00	-2.87	-12.74	0.00
8	1	1	2	13.382512	-18.99	-4.17	-360.49	-75.13	-1395.90	282.91	0.00	-4.17	-18.99	0.00
8	1	1	2	13.399042	-25.50	-5.21	-393.94	-63.04	-2023.29	731.48	0.00	-5.21	-25.50	0.00
8	1	1	2	13.415643	-32.02	-6.51	-392.17	-78.41	106.11	-926.08	0.00	-6.51	-32.02	0.00
8	1	1	2	13.432159	-39.05	-7.03	-425.79	-31.57	-2035.29	2835.85	0.00	-7.03	-39.05	0.00
8	1	1	2	13.449494	-46.86	-7.81	-450.80	-45.07	-1443.16	-778.46	0.00	-7.81	-46.86	0.00
8	1	1	2	13.465797	-54.16	-7.81	-447.32	0.00	213.72	2764.35	0.00	-7.81	-54.16	0.00
8	1	1	2	13.481720	-61.71	-7.81	-474.34	0.00	-1696.91	0.00	0.00	-7.81	-61.71	0.00
8	1	1	2	13.499292	-68.48	-7.81	-385.40	0.00	5061.25	0.00	0.00	-7.81	-68.48	0.00
8	1	1	2	13.514759	-75.51	-7.81	-454.69	0.00	-4479.89	0.00	0.00	-7.81	-75.51	0.00
8	1	1	2	13.532317	-80.20	-7.29	-266.97	29.70	10691.11	1691.56	0.00	-7.29	-80.20	0.00
8	1	1	2	13.548619	-86.45	-6.77	-383.45	31.93	-7145.20	136.72	0.00	-6.77	-86.45	0.00
8	1	1	2	13.565083	-91.40	-6.25	-300.61	31.61	5031.81	-19.11	0.00	-6.25	-91.40	0.00
8	1	1	2	13.582635	-95.31	-5.99	-222.61	14.86	4443.93	-954.84	0.00	-5.99	-95.31	0.00
9	1	0	3	14.515999	0.00	0.00	0.00	0.00	0.00	0.00	0.00	0.00	-0.00	-0.00
9	1	1	3	14.532843	0.00	0.00	0.00	0.00	0.00	0.00	0.00	0.00	-0.00	-0.00
9	1	1	3	14.549731	0.00	0.00	0.00	0.00	0.00	0.00	0.00	0.00	-0.00	-0.00
9	1	1	3	14.565992	0.00	0.00	0.00	0.00	0.00	0.00	0.00	0.00	-0.00	-0.00
9	1	1	3	14.581958	0.00	0.00	0.00	0.00	0.00	0.00	0.00	0.00	-0.00	-0.00
9	1	1	3	14.598468	0.00	0.00	0.00	0.00	0.00	0.00	0.00	0.00	-0.00	-0.00
9	1	1	3	14.616085	0.00	0.00	0.00	0.00	0.00	0.00	0.00	0.00	-0.00	-0.00
9	1	1	3	14.632464	0.00	0.00	0.00	0.00	0.00	0.00	0.00	0.00	-0.00	-0.00
9	1	1	3	14.648861	0.00	0.00	0.00	0.00	0.00	0.00	0.00	0.00	-0.00	-0.00
9	1	1	3	14.665291	0.00	0.00	0.00	0.00	0.00	0.00	0.00	0.00	-0.00	-0.00
9	1	1	3	14.683007	0.00	0.00	0.00	0.00	0.00	0.00	0.00	0.00	-0.00	-0.00
9	1	1	3	14.699367	0.00	0.00	0.00	0.00	0.00	0.00	0.00	0.00	-0.00	-0.00
9	1	1	3	14.715544	0.00	0.00	0.00	0.00	0.00	0.00	0.00	0.00	-0.00	-0.00
9	1	1	3	14.733065	0.00	0.00	0.00	0.00	0.00	0.00	0.00	0.00	-0.00	-0.00
9	1	1	3	14.749601	0.00	0.00	0.00	0.00	0.00	0.00	0.00	0.00	-0.00	-0.00
9	1	1	3	14.765875	0.00	0.00	0.00	0.00	0.00	0.00	0.00	0.00	-0.00	-0.00
9	1	1	3	14.782172	0.00	0.00	0.00	0.00	0.00	0.00	0.00	0.00	-0.00	-0.00
9	1	1	3	14.799533	0.00	0.00	0.00	0.00	0.00	0.00	0.00	0.00	-0.00	-0.00
9	1	1	3	14.816112	0.00	0.00	0.00	0.00	0.00	0.00	0.00	0.00	-0.00	-0.00
9	1	1	3	14.832655	0.00	0.00	0.00	0.00	0.00	0.00	0.00	0.00	-0.00	-0.00
9	1	1	3	14.849161	0.00	0.00	0.00	0.00	0.00	0.00	0.00	0.00	-0.00	-0.00
9	1	1	3	14.865285	0.00	0.00	0.00	0.00	0.00	0.00	0.00	0.00	-0.00	-0.00
9	1	1	3	14.882850	0.00	0.00	0.00	0.00	0.00	0.00	0.00	0.00	-0.00	-0.00
9	1	1	3	14.899373	0.00	0.00	0.00	0.00	0.00	0.00	0.00	0.00	-0.00	-0.00
9	1	1	3	14.915757	0.00	0.00	0.00	0.00	0.00	0.00	0.00	0.00	-0.00	-0.00
9	1	1	3	14.932573	0.00	0.00	0.00	0.00	0.00	0.00	0.00	0.00	-0.00	-0.00
9	1	1	3	14.949078	0.00	0.00	0.00	0.00	0.00	0.00	0.00	0.00	-0.00	-0.00
9	1	1	3	14.965662	0.00	0.00	0.00	0.00	0.00	0.00	0.00	0.00	-0.00	-0.00
9	1	1	3	14.983029	0.00	0.00	0.00	0.00	0.00	0.00	0.00	0.00	-0.00	-0.00
9	1	1	3	14.999053	0.00	0.00	0.00	0.00	0.00	0.00	0.00	0.00	-0.00	-0.00
9	1	1	3	15.015577	0.00	0.00	0.00	0.00	0.00	0.00	0.00	0.00	-0.00	-0.00
9	1	1	3	15.031971	0.00	0.00	0.00	0.00	0.00	0.00	0.00	0.00	-0.00	-0.00
9	1	1	3	15.049919	0.00	0.00	0.00	0.00	0.00	0.00	0.00	0.00	-0.00	-0.00
9	1	1	3	15.066599	0.00	0.00	0.00	0.00	0.00	0.00	0.00	0.00	-0.00	-0.00
9	1	1	3	15.083171	0.00	0.00	0.00	0.00	0.00	0.00	0.00	0.00	-0.00	-0.00
9	1	1	3	15.100021	0.00	0.00	0.00	0.00	0.00	0.00	0.00	0.00	-0.00	-0.00
9	1	1	3	15.116275	0.00	0.00	0.00	0.00	0.00	0.00	0.00	0.00	-0.00	-0.00
9	1	1	3	15.132844	0.00	0.00	0.00	0.00	0.00	0.00	0.00	0.00	-0.00	-0.00
9	1	1	3	15.149296	0.00	0.00	0.00	0.00	0.00	0.00	0.00	0.00	-0.00	-0.00
9	1	1	3	15.165838	0.00	0.00	0.00	0.00	0.00	0.00	0.00	0.00	-0.00	-0.00
9	1	1	3	15.182211	0.00	0.00	0.00	0.00	0.00	0.00	0.00	0.00	-0.00	-0.00
9	1	1	3	15.199795	0.00	0.00	0.00	0.00	0.00	0.00	0.00	0.00	-0.00	-0.00
9	1	1	3	15.216216	0.00	0.00	0.00	0.00	0.00	0.00	0.00	0.00	-0.00	-0.00
9	1	1	3	15.232776	0.00	0.00	0.00	0.00	0.00	0.00	0.00	0.00	-0.00	-0.00
9	1	1	3	15.249384	0.00	0.00	0.00	0.00	0.00	0.00	0.00	0.00	-0.00	-0.00
9	1	1	3	15.265749	0.00	0.00	0.00	0.00	0.00	0.00	0.00	0.00	-0.00	-0.00
9	1	1	3	15.282428	0.00	0.00	0.00	0.00	0.00	0.00	0.00	0.00	-0.00	-0.00
9	1	1	3	15.298823	0.00	0.00	0.00	0.00	0.00	0.00	0.00	0.00	-0.00	-0.00
9	1	1	3	15.316271	0.00	0.00	0.00	0.00	0.00	0.00	0.00	0.00	-0.00	-0.00
9	1	1	3	15.332877	0.00	0.00	0.00	0.00	0.00	0.00	0.00	0.00	-0.00	-0.00
9	1	1	3	15.349353	0.00	0.00	0.00	0.00	0.00	0.00	0.00	0.00	-0.00	-0.00
9	1	1	3	15.365802	0.00	0.00	0.00	0.00	0.00	0.00	0.00	0.00	-0.00	-0.00
9	1	1	3	15.383128	0.00	0.00	0.00	0.00	0.00	0.00	0.00	0.00	-0.00	-0.00
9	1	1	3	15.399577	0.00	0.00	0.00	0.00	0.00	0.00	0.00	0.00	-0.00	-0.00
9	1	1	3	15.416200	0.00	0.00	0.00	0.00	0.00	0.00	0.00	0.00	-0.00	-0.00
9	1	1	3	15.432853	0.00	0.00	0.00	0.00	0.00	0.00	0.00	0.00	-0.00	-0.00
9	1	1	3	15.449569	0.00	0.00	0.00	0.00	0.00	0.00	0.00	0.00	-0.00	-0.00
9	1	1	3	15.466035	0.00	0.00	0.00	0.00	0.00	0.00	0.00	0.00	-0.00	-0.00
9	1	1	3	15.482293	0.00	0.00	0.00	0.00	0.00	0.00	0.00	0.00	-0.00	-0.00
9	1	1	3	15.498813	0.00	0.00	0.00	0.00	0.00	0.00	0.00	0.00	-0.00	-0.00
9	1	1	3	15.516555	0.00	0.00	0.00	0.00	0.00	0.00	0.00	0.00	-0.00	-0.00
9	1	1	3	15.533209	0.00	0.00	0.00	0.00	0.00	0.00	0.00	0.00	-0.00	-0.00
9	1	1	3	15.549757	0.00	0.00	0.00	0.00	0.00	0.00	0.00	0.00	-0.00	-0.00
9	1	1	3	15.566328	0.00	0.00	0.00	0.00	0.00	0.00	0.00	0.00	-0.00	-0.00
9	1	1	3	15.582931	0.00	0.00	0.00	0.00	0.00	0.00	0.00	0.00	-0.00	-0.00
9	1	1	3	15.599177	0.00	0.00	0.00	0.00	0.00	0.00	0.00	0.00	-0.00	-0.00
9	1	1	3	15.615188	0.00	0.00	0.00	0.00	0.00	0.00	0.00	0.00	-0.00	-0.00
9	1	1	3	15.632939	0.00	0.00	0.00	0.00	0.00	0.00	0.00	0.00	-0.00	-0.00
9	1	1	3	15.649713	0.00	-0.50	0.00	-29.81	0.00	-1777.05	0.00	0.00	-0.00	-0.50
9	1	1	3	15.666259	0.00	-3.63	0.00	-188.92	0.00	-9616.48	0.00	0.00	-0.00	-3.63
9	1	1	3	15.681943	0.26	-7.01	16.56	-215.86	1055.93	-1717.59	0.26	0.00	-0.00	-7.01
9	1	1	3	15.699457	0.26	-13.78	0.00	-386.70	-945.66	-9754.39	0.26	0.00	-0.00	-13.78
9	1	1	3	15.716496	0.26	-22.12	0.00	-489.12	0.00	-6010.95	0.26	0.00	-0.00	-22.12
9	1	1	3	15.732945	0.26	-33.32	0.00	-680.90	0.00	-11659.32	0.26	0.00	-0.00	-33.32
9	1	1	3	15.749743	0.00	-46.34	-15.46	-775.24	-920.60	-5616.08	0.00	0.00	-0.00	-46.34
9	1	1	3	15.766036	0.00	-57.02	0.00	-655.41	949.12	7354.45	0.00	0.00	-0.00	-57.02
9	1	1	3	15.782109	0.00	-63.01	0.00	-372.74	0.00	17586.45	0.00	0.00	-0.00	-63.01
9	1	1	3	15.799509	0.00	-69.26	0.00	-359.26	0.00	774.64	0.00	0.00	-0.00	-69.26
9	1	1	3	15.816000	0.00	-72.13	0.00	-173.69	0.00	11253.09	0.00	0.00	-0.00	-72.13
9	1	1	3	15.832289	0.00	-74.47	0.00	-143.94	0.00	1826.41	0.00	0.00	-0.00	-74.47
9	1	1	3	15.849377	0.00	-75.86	0.00	-81.27	0.00	3667.55	0.00	0.00	-0.00	-75.86
9	1	1	3	15.866319	0.00	-76.38	0.00	-30.78	0.00	2980.10	0.00	0.00	-0.00	-76.38
9	1	1	3	15.882394	0.00	-76.90	0.00	-32.38	0.00	-99.53	0.00	0.00	-0.00	-76.90
9	1	1	3	15.898759	0.00	-77.42	0.00	-31.87	0.00	31.32	0.00	0.00	-0.00	-77.42
9	1	1	3	15.916495	0.00	-77.94	0.00	-29.35	0.00	142.03	0.00	0.00	-0.00	-77.94
9	1	1	3	15.932846	0.00	-78.99	0.00	-63.72	0.00	-2102.34	0.00	0.00	-0.00	-78.99
9	1	1	3	15.949346	0.00	-80.29	0.00	-78.90	0.00	-919.61	0.00	0.00	-0.00	-80.29
9	1	1	3	15.965950	0.00	-81.85	0.00	-94.16	0.00	-919.15	0.00	0.00	-0.00	-81.85
9	1	1	3	15.982149	0.00	-83.93	0.00	-128.59	0.00	-2125.60	0.00	0.00	-0.00	-83.93
9	1	1	3	15.998870	0.00	-85.76	0.00	-109.04	0.00	1169.31	0.00	0.00	-0.00	-85.76
10	1	0	4	16.265871	0.00	0.00	0.00	0.00	0.00	0.00	0.00	0.00	0.00	-0.00
10	1	1	4	16.283819	0.00	0.00	0.00	0.00	0.00	0.00	0.00	0.00	0.00	-0.00
10	1	1	4	16.299415	0.00	0.00	0.00	0.00	0.00	0.00	0.00	0.00	0.00	-0.00
10	1	1	4	16.315837	0.00	0.00	0.00	0.00	0.00	0.00	0.00	0.00	0.00	-0.00
10	1	1	4	16.333488	0.00	0.00	0.00	0.00	0.00	0.00	0.00	0.00	0.00	-0.00
10	1	1	4	16.349948	0.00	0.00	0.00	0.00	0.00	0.00	0.00	0.00	0.00	-0.00
10	1	1	4	16.365973	0.00	0.00	0.00	0.00	0.00	0.00	0.00	0.00	0.00	-0.00
10	1	1	4	16.382554	0.00	0.00	0.00	0.00	0.00	0.00	0.00	0.00	0.00	-0.00
10	1	1	4	16.398891	0.00	0.00	0.00	0.00	0.00	0.00	0.00	0.00	0.00	-0.00
10	1	1	4	16.416345	0.00	0.00	0.00	0.00	0.00	0.00	0.00	0.00	0.00	-0.00
10	1	1	4	16.432776	0.00	0.00	0.00	0.00	0.00	0.00	0.00	0.00	0.00	-0.00
10	1	1	4	16.449246	0.00	0.00	0.00	0.00	0.00	0.00	0.00	0.00	0.00	-0.00
10	1	1	4	16.465552	0.00	0.00	0.00	0.00	0.00	0.00	0.00	0.00	0.00	-0.00
10	1	1	4	16.483279	0.00	0.00	0.00	0.00	0.00	0.00	0.00	0.00	0.00	-0.00
10	1	1	4	16.499849	0.00	0.00	0.00	0.00	0.00	0.00	0.00	0.00	0.00	-0.00
10	1	1	4	16.516231	0.00	0.00	0.00	0.00	0.00	0.00	0.00	0.00	0.00	-0.00
10	1	1	4	16.532908	0.00	0.00	0.00	0.00	0.00	0.00	0.00	0.00	0.00	-0.00
10	1	1	4	16.549162	0.00	0.00	0.00	0.00	0.00	0.00	0.00	0.00	0.00	-0.00
10	1	1	4	16.566724	0.00	0.00	0.00	0.00	0.00	0.00	0.00	0.00	0.00	-0.00
10	1	1	4	16.583335	0.00	0.00	0.00	0.00	0.00	0.00	0.00	0.00	0.00	-0.00
10	1	1	4	16.600036	0.00	0.00	0.00	0.00	0.00	0.00	0.00	0.00	0.00	-0.00
10	1	1	4	16.616571	0.00	0.00	0.00	0.00	0.00	0.00	0.00	0.00	0.00	-0.00
10	1	1	4	16.633129	0.00	0.00	0.00	0.00	0.00	0.00	0.00	0.00	0.00	-0.00
10	1	1	4	16.649679	0.00	0.00	0.00	0.00	0.00	0.00	0.00	0.00	0.00	-0.00
10	1	1	4	16.666224	0.00	0.00	0.00	0.00	0.00	0.00	0.00	0.00	0.00	-0.00
10	1	1	4	16.682832	0.00	0.00	0.00	0.00	0.00	0.00	0.00	0.00	0.00	-0.00
10	1	1	4	16.699300	0.00	0.00	0.00	0.00	0.00	0.00	0.00	0.00	0.00	-0.00
10	1	1	4	16.715674	0.00	0.00	0.00	0.00	0.00	0.00	0.00	0.00	0.00	-0.00
10	1	1	4	16.733350	0.00	0.00	0.00	0.00	0.00	0.00	0.00	0.00	0.00	-0.00
10	1	1	4	16.750070	0.00	0.00	0.00	0.00	0.00	0.00	0.00	0.00	0.00	-0.00
10	1	1	4	16.765982	0.00	0.00	0.00	0.00	0.00	0.00	0.00	0.00	0.00	-0.00
10	1	1	4	16.783395	0.00	0.00	0.00	0.00	0.00	0.00	0.00	0.00	0.00	-0.00
10	1	1	4	16.799840	0.00	0.00	0.00	0.00	0.00	0.00	0.00	0.00	0.00	-0.00
10	1	1	4	16.816385	0.00	0.00	0.00	0.00	0.00	0.00	0.00	0.00	0.00	-0.00
10	1	1	4	16.832725	0.78	0.00	47.81	0.00	2926.37	0.00	0.00	0.00	0.78	-0.00
10	1	1	4	16.849203	2.34	0.00	94.82	0.00	2852.58	0.00	0.00	0.00	2.34	-0.00
10	1	1	4	16.865604	4.95	0.00	158.80	0.00	3900.55	0.00	0.00	0.00	4.95	-0.00
10	1	1	4	16.883375	10.16	0.00	293.13	0.00	7559.41	0.00	0.00	0.00	10.16	-0.00
10	1	1	4	16.899973	15.37	0.00	313.82	0.00	1246.76	0.00	0.00	0.00	15.37	-0.00
10	1	1	4	16.916321	21.27	0.17	361.18	10.57	2896.66	646.81	0.00	0.17	21.27	-0.00
10	1	1	4	16.933473	27.78	0.43	379.57	15.20	1072.59	269.78	0.00	0.43	27.78	-0.00
10	1	1	4	16.948892	34.81	0.69	456.15	16.91	4966.49	110.89	0.00	0.69	34.81	-0.00
10	1	1	4	16.966494	41.07	0.69	355.13	0.00	-5739.34	-960.73	0.00	0.69	41.07	-0.00
10	1	1	4	16.982960	45.23	0.95	253.08	15.78	-6197.76	958.17	0.00	0.95	45.23	-0.00
10	1	1	4	16.999452	49.92	1.21	284.29	15.81	1892.39	2.04	0.00	1.21	49.92	-0.00
10	1	1	4	17.015648	54.35	1.48	273.37	16.10	-673.73	17.81	0.00	1.48	54.35	-0.00
10	1	1	4	17.033333	57.73	1.74	191.45	14.74	-4632.61	-76.61	0.00	1.74	57.73	-0.00
10	1	1	4	17.049657	61.12	2.26	207.42	31.89	978.42	1050.26	0.00	2.26	61.12	-0.00
10	1	1	4	17.065923	64.25	2.43	192.17	10.69	-937.41	-1303.35	0.00	2.43	64.25	-0.00
10	1	1	4	17.082160	67.37	2.95	192.46	32.06	18.08	1316.20	0.00	2.95	67.37	-0.00
10	1	1	4	17.099533	69.98	3.73	149.92	44.97	-2448.78	743.35	0.00	3.73	69.98	-0.00
10	1	1	4	17.116387	72.84	4.51	170.00	46.35	1191.53	82.07	0.00	4.51	72.84	-0.00
10	1	1	4	17.133011	75.45	5.30	156.67	47.05	-802.02	42.11	0.00	5.30	75.45	-0.00
10	1	1	4	17.149370	78.31	6.08	175.14	47.75	1128.92	42.81	0.00	6.08	78.31	-0.00
10	1	1	4	17.165971	81.96	6.86	219.66	47.06	2682.18	-41.68	0.00	6.86	81.96	-0.00
10	1	1	4	17.183484	85.34	7.38	193.33	29.72	-1503.78	-990.19	0.00	7.38	85.34	-0.00
10	1	1	4	17.200007	88.73	7.64	204.90	15.78	700.50	-843.73	0.00	7.64	88.73	-0.00
10	1	1	4	17.216376	92.38	7.90	222.78	15.93	1091.83	9.14	0.00	7.90	92.38	-0.00
10	1	1	4	17.232876	96.02	7.90	220.99	0.00	-108.13	-965.39	0.00	7.90	96.02	-0.00
11	1	0	1	18.015609	0.00	0.00	0.00	0.00	0.00	0.00	0.00	0.00	0.00	0.00
11	1	1	1	18.033335	0.00	0.00	0.00	0.00	0.00	0.00	0.00	0.00	0.00	0.00
11	1	1	1	18.049107	0.00	0.00	0.00	0.00	0.00	0.00	0.00	0.00	0.00	0.00
11	1	1	1	18.066222	0.00	0.00	0.00	0.00	0.00	0.00	0.00	0.00	0.00	0.00
11	1	1	1	18.082912	0.00	0.00	0.00	0.00	0.00	0.00	0.00	0.00	0.00	0.00
11	1	1	1	18.099719	0.00	0.00	0.00	0.00	0.00	0.00	0.00	0.00	0.00	0.00
11	1	1	1	18.116310	0.00	0.00	0.00	0.00	0.00	0.00	0.00	0.00	0.00	0.00
11	1	1	1	18.132765	0.00	0.00	0.00	0.00	0.00	0.00	0.00	0.00	0.00	0.00
11	1	1	1	18.149098	0.00	0.00	0.00	0.00	0.00	0.00	0.00	0.00	0.00	0.00
11	1	1	1	18.166756	0.00	0.00	0.00	0.00	0.00	0.00	0.00	0.00	0.00	0.00
11	1	1	1	18.183055	0.00	0.00	0.00	0.00	0.00	0.00	0.00	0.00	0.00	0.00
11	1	1	1	18.199668	0.00	0.00	0.00	0.00	0.00	0.00	0.00	0.00	0.00	0.00
11	1	1	1	18.215974	0.00	0.00	0.00	0.00	0.00	0.00	0.00	0.00	0.00	0.00
11	1	1	1	18.233613	0.00	0.00	0.00	0.00	0.00	0.00	0.00	0.00	0.00	0.00
11	1	1	1	18.250254	0.00	0.00	0.00	0.00	0.00	0.00	0.00	0.00	0.00	0.00
11	1	1	1	18.266650	0.00	0.00	0.00	0.00	0.00	0.00	0.00	0.00	0.00	0.00
11	1	1	1	18.283333	0.00	0.00	0.00	0.00	0.00	0.00	0.00	0.00	0.00	0.00
11	1	1	1	18.299806	0.00	0.00	0.00	0.00	0.00	0.00	0.00	0.00	0.00	0.00
11	1	1	1	18.316058	0.00	0.00	0.00	0.00	0.00	0.00	0.00	0.00	0.00	0.00
11	1	1	1	18.332585	0.00	0.00	0.00	0.00	0.00	0.00	0.00	0.00	0.00	0.00
11	1	1	1	18.350188	0.00	0.00	0.00	0.00	0.00	0.00	0.00	0.00	0.00	0.00
11	1	1	1	18.366740	0.00	0.00	0.00	0.00	0.00	0.00	0.00	0.00	0.00	0.00
11	1	1	1	18.382561	0.00	0.00	0.00	0.00	0.00	0.00	0.00	0.00	0.00	0.00
11	1	1	1	18.399273	0.00	0.00	0.00	0.00	0.00	0.00	0.00	0.00	0.00	0.00
11	1	1	1	18.416938	0.00	0.00	0.00	0.00	0.00	0.00	0.00	0.00	0.00	0.00
11	1	1	1	18.433365	0.00	0.00	0.00	0.00	0.00	0.00	0.00	0.00	0.00	0.00
11	1	1	1	18.449849	0.00	0.00	0.00	0.00	0.00	0.00	0.00	0.00	0.00	0.00
11	1	1	1	18.466236	0.00	0.00	0.00	0.00	0.00	0.00	0.00	0.00	0.00	0.00
11	1	1	1	18.483437	0.00	0.50	0.00	29.07	0.00	1689.83	-0.00	0.00	0.00	0.50
11	1	1	1	18.498264	0.00	2.32	0.00	122.90	0.00	6328.88	-0.00	0.00	0.00	2.32
11	1	1	1	18.516812	0.00	4.93	0.00	140.47	0.00	947.11	-0.00	0.00	0.00	4.93
11	1	1	1	18.533117	-0.26	9.88	-15.99	303.48	-980.76	9997.20	-0.26	0.00	0.00	9.88
11	1	1	1	18.549234	-0.78	16.65	-32.36	420.15	-1015.43	7239.50	-0.78	0.00	0.00	16.65
11	1	1	1	18.566397	-1.04	24.46	-15.14	455.31	1003.41	2048.23	-1.04	0.00	0.00	24.46
11	1	1	1	18.582816	-1.56	32.80	-31.76	507.57	-1012.51	3182.73	-1.56	0.00	0.00	32.80
11	1	1	1	18.599322	-2.08	40.78	-31.54	483.91	13.63	-1433.12	-2.08	0.00	0.00	40.78
11	1	1	1	18.615882	-2.34	45.47	-15.74	283.11	953.49	-12125.17	-2.34	0.00	0.00	45.47
11	1	1	1	18.633379	-2.61	50.42	-14.90	282.86	48.17	-14.47	-2.61	0.00	0.00	50.42
11	1	1	1	18.649081	-2.61	54.33	0.00	248.77	949.04	-2171.13	-2.61	0.00	0.00	54.33
11	1	1	1	18.666295	-2.61	56.93	0.00	151.30	0.00	-5662.19	-2.61	0.00	0.00	56.93
11	1	1	1	18.682555	-2.61	58.50	0.00	96.16	0.00	-3391.41	-2.61	0.00	0.00	58.50
11	1	1	1	18.699948	-2.87	59.80	-14.93	74.84	-858.65	-1225.60	-2.87	0.00	0.00	59.80
11	1	1	1	18.716384	-3.13	61.62	-15.86	110.93	-56.53	2195.49	-3.13	0.00	0.00	61.62
11	1	1	1	18.733055	-3.39	62.66	-15.64	62.51	13.37	-2904.69	-3.39	0.00	0.00	62.66
11	1	1	1	18.749596	-4.08	64.22	-41.98	94.46	-1592.01	1931.73	-4.08	0.00	0.00	64.22
11	1	1	1	18.766012	-4.60	66.57	-31.71	142.83	625.50	2946.58	-4.60	0.00	0.00	66.57
11	1	1	1	18.782929	-5.12	68.65	-30.83	123.13	52.09	-1164.51	-5.12	0.00	0.00	68.65
11	1	1	1	18.799251	-5.38	71.00	-15.92	143.66	913.54	1257.75	-5.38	0.00	0.00	71.00
11	1	1	1	18.816403	-5.64	73.34	-15.20	136.64	41.62	-408.99	-5.64	0.00	0.00	73.34
11	1	1	1	18.832549	-5.90	75.68	-16.15	145.16	-58.71	527.72	-5.90	0.00	0.00	75.68
11	1	1	1	18.849774	-5.90	77.77	0.00	120.98	937.52	-1403.95	-5.90	0.00	0.00	77.77
11	1	1	1	18.865887	-5.90	79.85	0.00	129.34	0.00	518.78	-5.90	0.00	0.00	79.85
11	1	1	1	18.883788	-6.17	81.94	-14.57	116.36	-813.66	-724.97	-6.17	0.00	0.00	81.94
11	1	1	1	18.899189	-6.17	83.67	0.00	112.81	945.78	-230.70	-6.17	0.00	0.00	83.67
11	1	1	1	18.916333	-6.17	85.76	0.00	121.50	0.00	507.05	-6.17	0.00	0.00	85.76
11	1	1	1	18.932986	-6.17	87.58	0.00	109.48	0.00	-721.58	-6.17	0.00	0.00	87.58
11	1	1	1	18.949339	-6.17	89.66	0.00	127.43	0.00	1097.49	-6.17	0.00	0.00	89.66
11	1	1	1	18.966445	-6.17	91.49	0.00	106.59	0.00	-1218.55	-6.17	0.00	0.00	91.49
11	1	1	1	18.982647	-6.17	93.05	0.00	96.44	0.00	-626.47	-6.17	0.00	0.00	93.05
11	1	1	1	19.000063	-6.42	95.13	-14.91	119.66	-856.36	1333.04	-6.42	0.00	0.00	95.13
12	1	0	2	19.766413	0.00	0.00	0.00	0.00	0.00	0.00	0.00	0.00	-0.00	0.00
12	1	1	2	19.784177	0.00	0.00	0.00	0.00	0.00	0.00	0.00	0.00	-0.00	0.00
12	1	1	2	19.800088	0.00	0.00	0.00	0.00	0.00	0.00	0.00	0.00	-0.00	0.00
12	1	1	2	19.816442	0.00	0.00	0.00	0.00	0.00	0.00	0.00	0.00	-0.00	0.00
12	1	1	2	19.832887	0.00	0.00	0.00	0.00	0.00	0.00	0.00	0.00	-0.00	0.00
12	1	1	2	19.850422	0.00	0.00	0.00	0.00	0.00	0.00	0.00	0.00	-0.00	0.00
12	1	1	2	19.866714	0.00	0.00	0.00	0.00	0.00	0.00	0.00	0.00	-0.00	0.00
12	1	1	2	19.883052	0.00	0.00	0.00	0.00	0.00	0.00	0.00	0.00	-0.00	0.00
12	1	1	2	19.899930	0.00	0.00	0.00	0.00	0.00	0.00	0.00	0.00	-0.00	0.00
12	1	1	2	19.916700	0.00	0.00	0.00	0.00	0.00	0.00	0.00	0.00	-0.00	0.00
12	1	1	2	19.933360	0.00	0.00	0.00	0.00	0.00	0.00	0.00	0.00	-0.00	0.00
12	1	1	2	19.949993	0.00	0.00	0.00	0.00	0.00	0.00	0.00	0.00	-0.00	0.00
12	1	1	2	19.966518	0.00	0.00	0.00	0.00	0.00	0.00	0.00	0.00	-0.00	0.00
12	1	1	2	19.983061	0.00	0.00	0.00	0.00	0.00	0.00	0.00	0.00	-0.00	0.00
12	1	1	2	20.000725	0.00	0.00	0.00	0.00	0.00	0.00	0.00	0.00	-0.00	0.00
12	1	1	2	20.016091	0.00	0.00	0.00	0.00	0.00	0.00	0.00	0.00	-0.00	0.00
12	1	1	2	20.033750	0.00	0.00	0.00	0.00	0.00	0.00	0.00	0.00	-0.00	0.00
12	1	1	2	20.050262	0.00	0.00	0.00	0.00	0.00	0.00	0.00	0.00	-0.00	0.00
12	1	1	2	20.066797	0.00	0.00	0.00	0.00	0.00	0.00	0.00	0.00	-0.00	0.00
12	1	1	2	20.083474	0.00	0.00	0.00	0.00	0.00	0.00	0.00	0.00	-0.00	0.00
12	1	1	2	20.099745	0.00	0.00	0.00	0.00	0.00	0.00	0.00	0.00	-0.00	0.00
12	1	1	2	20.116324	0.00	0.00	0.00	0.00	0.00	0.00	0.00	0.00	-0.00	0.00
12	1	1	2	20.133523	0.00	0.00	0.00	0.00	0.00	0.00	0.00	0.00	-0.00	0.00
12	1	1	2	20.150339	0.00	0.00	0.00	0.00	0.00	0.00	0.00	0.00	-0.00	0.00
12	1	1	2	20.166855	0.00	0.00	0.00	0.00	0.00	0.00	0.00	0.00	-0.00	0.00
12	1	1	2	20.183484	0.00	0.00	0.00	0.00	0.00	0.00	0.00	0.00	-0.00	0.00
12	1	1	2	20.199989	-0.78	0.00	-47.40	0.00	-2871.70	0.00	0.00	-0.00	-0.78	0.00
12	1	1	2	20.216547	-2.34	-0.26	-94.36	-15.75	-2836.61	-951.01	0.00	-0.26	-2.34	0.00
12	1	1	2	20.233401	-4.78	-0.78	-144.22	-30.94	-2957.82	-901.47	0.00	-0.78	-4.78	0.00
12	1	1	2	20.250505	-9.46	-1.30	-274.12	-30.43	-7595.25	29.71	0.00	-1.30	-9.46	0.00
12	1	1	2	20.267113	-17.02	-1.30	-454.75	0.00	-10875.39	1832.34	0.00	-1.30	-17.02	0.00
12	1	1	2	20.283637	-27.17	-1.56	-614.77	-15.78	-9684.84	-955.01	0.00	-1.56	-27.17	0.00
12	1	1	2	20.300109	-37.33	-1.56	-616.70	0.00	-116.84	958.00	0.00	-1.56	-37.33	0.00
12	1	1	2	20.316820	-46.45	-1.56	-545.52	0.00	4259.57	0.00	0.00	-1.56	-46.45	0.00
12	1	1	2	20.333054	-52.18	-1.56	-352.93	0.00	11863.04	0.00	0.00	-1.56	-52.18	0.00
12	1	1	2	20.350534	-60.51	-1.82	-476.84	-14.86	-7088.34	-850.18	0.00	-1.82	-60.51	0.00
12	1	1	2	20.367409	-64.42	-2.34	-231.53	-30.90	14536.05	-950.50	0.00	-2.34	-64.42	0.00
12	1	1	2	20.383443	-68.59	-2.61	-259.89	-16.26	-1768.62	913.03	0.00	-2.61	-68.59	0.00
12	1	1	2	20.399744	-72.23	-3.13	-223.69	-31.93	2220.31	-961.18	0.00	-3.13	-72.23	0.00
12	1	1	2	20.416094	-75.36	-3.39	-191.13	-15.95	1991.47	977.55	0.00	-3.39	-75.36	0.00
12	1	1	2	20.433461	-77.96	-3.65	-149.97	-14.96	2370.21	57.01	0.00	-3.65	-77.96	0.00
12	1	1	2	20.450465	-80.57	-3.91	-153.17	-15.33	-188.03	-22.13	0.00	-3.91	-80.57	0.00
12	1	1	2	20.466852	-82.65	-4.43	-127.18	-31.82	1586.07	-1006.32	0.00	-4.43	-82.65	0.00
12	1	1	2	20.483256	-84.48	-4.69	-111.14	-15.84	977.30	974.67	0.00	-4.69	-84.48	0.00
12	1	1	2	20.500615	-85.78	-4.95	-75.05	-15.02	2079.44	46.91	0.00	-4.95	-85.78	0.00
12	1	1	2	20.517306	-87.86	-5.21	-124.80	-15.62	-2980.67	-36.00	0.00	-5.21	-87.86	0.00
12	1	1	2	20.534032	-89.68	-5.21	-109.01	0.00	944.15	933.99	0.00	-5.21	-89.68	0.00
12	1	1	2	20.549976	-91.77	-5.21	-130.70	0.00	-1360.64	0.00	0.00	-5.21	-91.77	0.00
12	1	1	2	20.566011	-93.59	-5.21	-113.71	0.00	1059.92	0.00	0.00	-5.21	-93.59	0.00
12	1	1	2	20.583126	-95.94	-4.95	-136.94	15.23	-1357.25	890.08	0.00	-4.95	-95.94	0.00
13	1	0	1	21.517486	0.00	0.00	0.00	0.00	0.00	0.00	0.00	0.00	0.00	0.00
13	1	1	1	21.534097	0.00	0.00	0.00	0.00	0.00	0.00	0.00	0.00	0.00	0.00
13	1	1	1	21.549835	0.00	0.00	0.00	0.00	0.00	0.00	0.00	0.00	0.00	0.00
13	1	1	1	21.567444	0.00	0.00	0.00	0.00	0.00	0.00	0.00	0.00	0.00	0.00
13	1	1	1	21.583955	0.00	0.00	0.00	0.00	0.00	0.00	0.00	0.00	0.00	0.00
13	1	1	1	21.600511	0.00	0.00	0.00	0.00	0.00	0.00	0.00	0.00	0.00	0.00
13	1	1	1	21.617032	0.00	0.00	0.00	0.00	0.00	0.00	0.00	0.00	0.00	0.00
13	1	1	1	21.633453	0.00	0.00	0.00	0.00	0.00	0.00	0.00	0.00	0.00	0.00
13	1	1	1	21.650209	0.00	0.00	0.00	0.00	0.00	0.00	0.00	0.00	0.00	0.00
13	1	1	1	21.666606	0.00	0.00	0.00	0.00	0.00	0.00	0.00	0.00	0.00	0.00
13	1	1	1	21.684089	0.00	0.00	0.00	0.00	0.00	0.00	0.00	0.00	0.00	0.00
13	1	1	1	21.700652	0.00	0.00	0.00	0.00	0.00	0.00	0.00	0.00	0.00	0.00
13	1	1	1	21.717157	0.00	0.00	0.00	0.00	0.00	0.00	0.00	0.00	0.00	0.00
13	1	1	1	21.733651	0.00	0.00	0.00	0.00	0.00	0.00	0.00	0.00	0.00	0.00
13	1	1	1	21.750201	0.00	0.00	0.00	0.00	0.00	0.00	0.00	0.00	0.00	0.00
13	1	1	1	21.766695	0.00	0.00	0.00	0.00	0.00	0.00	0.00	0.00	0.00	0.00
13	1	1	1	21.784250	0.00	0.00	0.00	0.00	0.00	0.00	0.00	0.00	0.00	0.00
13	1	1	1	21.800695	0.00	0.00	0.00	0.00	0.00	0.00	0.00	0.00	0.00	0.00
13	1	1	1	21.817366	0.00	0.00	0.00	0.00	0.00	0.00	0.00	0.00	0.00	0.00
13	1	1	1	21.833794	0.00	0.00	0.00	0.00	0.00	0.00	0.00	0.00	0.00	0.00
13	1	1	1	21.850341	0.00	0.00	0.00	0.00	0.00	0.00	0.00	0.00	0.00	0.00
13	1	1	1	21.866968	0.00	0.00	0.00	0.00	0.00	0.00	0.00	0.00	0.00	0.00
13	1	1	1	21.883481	0.00	0.00	0.00	0.00	0.00	0.00	0.00	0.00	0.00	0.00
13	1	1	1	21.900059	0.00	0.00	0.00	0.00	0.00	0.00	0.00	0.00	0.00	0.00
13	1	1	1	21.916443	0.00	0.00	0.00	0.00	0.00	0.00	0.00	0.00	0.00	0.00
13	1	1	1	21.933928	0.00	0.00	0.00	0.00	0.00	0.00	0.00	0.00	0.00	0.00
13	1	1	1	21.950515	0.00	0.00	0.00	0.00	0.00	0.00	0.00	0.00	0.00	0.00
13	1	1	1	21.966760	0.00	0.00	0.00	0.00	0.00	0.00	0.00	0.00	0.00	0.00
13	1	1	1	21.984173	0.00	0.00	0.00	0.00	0.00	0.00	0.00	0.00	0.00	0.00
13	1	1	1	22.000604	0.00	0.00	0.00	0.00	0.00	0.00	0.00	0.00	0.00	0.00
13	1	1	1	22.017027	0.00	-0.52	0.00	-31.75	0.00	-1933.36	0.00	0.00	-0.00	-0.52
13	1	1	1	22.033737	0.00	-1.02	0.00	-29.92	0.00	109.57	0.00	0.00	-0.00	-1.02
13	1	1	1	22.050323	0.00	-2.84	0.00	-109.93	0.00	-4824.02	0.00	0.00	-0.00	-2.84
13	1	1	1	22.066697	0.00	-5.19	0.00	-143.14	0.00	-2028.00	0.00	0.00	-0.00	-5.19
13	1	1	1	22.083941	-0.26	-8.83	-15.12	-211.46	-876.83	-3961.98	-0.26	0.00	-0.00	-8.83
13	1	1	1	22.099788	-0.43	-14.39	-10.97	-350.64	261.96	-8783.07	-0.43	0.00	-0.00	-14.39
13	1	1	1	22.117394	-0.70	-18.56	-14.81	-236.69	-218.18	6472.80	-0.70	0.00	-0.00	-18.56
13	1	1	1	22.133984	-0.96	-22.21	-15.66	-219.80	-51.09	1017.96	-0.96	0.00	-0.00	-22.21
13	1	1	1	22.150405	-0.96	-24.29	0.00	-126.91	953.52	5656.74	-0.96	0.00	-0.00	-24.29
13	1	1	1	22.166865	-1.22	-26.11	-15.84	-110.77	-962.36	980.71	-1.22	0.00	-0.00	-26.11
13	1	1	1	22.183159	-1.22	-27.15	0.00	-63.95	972.19	2873.26	-1.22	0.00	-0.00	-27.15
13	1	1	1	22.200687	-1.48	-27.41	-14.88	-14.82	-848.68	2802.93	-1.48	0.00	-0.00	-27.41
13	1	1	1	22.216989	-1.48	-27.41	0.00	0.00	912.53	909.11	-1.48	0.00	-0.00	-27.41
13	1	1	1	22.233168	-1.48	-27.41	0.00	0.00	0.00	0.00	-1.48	0.00	-0.00	-27.41
13	1	1	1	22.250759	-1.48	-27.41	0.00	0.00	0.00	0.00	-1.48	0.00	-0.00	-27.41
13	1	1	1	22.267498	-1.48	-27.41	0.00	0.00	0.00	0.00	-1.48	0.00	-0.00	-27.41
13	1	1	1	22.283688	-1.48	-27.41	0.00	0.00	0.00	0.00	-1.48	0.00	-0.00	-27.41
13	1	1	1	22.300190	-1.48	-27.41	0.00	0.00	0.00	0.00	-1.48	0.00	-0.00	-27.41
13	1	1	1	22.316890	-1.48	-26.91	0.00	29.94	0.00	1792.68	-1.48	0.00	-0.00	-26.91
13	1	1	1	22.334245	-1.48	-26.41	0.00	28.81	0.00	-64.99	-1.48	0.00	-0.00	-26.41
13	1	1	1	22.350713	-1.74	-23.81	-15.83	158.15	-961.40	7853.77	-1.74	0.00	-0.00	-23.81
13	1	1	1	22.366711	-2.00	-19.12	-16.24	293.01	-25.31	8430.17	-2.00	0.00	-0.00	-19.12
13	1	1	1	22.383116	-2.00	-13.13	0.00	365.20	989.79	4400.22	-2.00	0.00	-0.00	-13.13
13	1	1	1	22.399859	-1.48	-3.58	31.09	570.39	1856.89	12255.76	-1.48	0.00	-0.00	-3.58
13	1	1	1	22.417118	0.35	3.45	105.64	407.44	4319.14	-9441.39	0.35	0.00	0.00	3.45
13	1	1	1	22.433150	4.51	15.43	259.92	747.36	9623.68	21202.82	4.51	0.00	0.00	15.43
13	1	1	1	22.450560	6.86	21.68	134.67	359.04	-7193.79	-22303.84	6.86	0.00	0.00	21.68
13	1	1	1	22.466883	8.42	26.11	95.73	271.26	-2386.19	-5377.59	8.42	0.00	0.00	26.11
13	1	1	1	22.483038	9.46	29.24	64.50	193.44	-1932.88	-4817.30	9.46	0.00	0.00	29.24
13	1	1	1	22.500620	10.50	31.84	59.26	148.13	-297.73	-2576.71	10.50	0.00	0.00	31.84
13	1	1	1	22.517231	11.03	33.40	31.34	94.13	-1681.36	-3251.34	11.03	0.00	0.00	33.40
13	1	1	1	22.533978	11.29	34.71	15.57	77.73	-941.50	-979.29	11.29	0.00	0.00	34.71
13	1	1	1	22.550077	11.63	36.96	21.60	140.25	374.41	3884.03	11.63	0.00	0.00	36.96
13	1	1	1	22.567330	11.89	40.61	15.06	211.34	-379.07	4120.27	11.89	0.00	0.00	40.61
13	1	1	1	22.583172	12.15	43.74	16.46	197.26	88.61	-888.71	12.15	0.00	0.00	43.74
13	1	1	1	22.600292	12.67	46.08	30.40	136.96	814.53	-3522.51	12.67	0.00	0.00	46.08
13	1	1	1	22.616585	12.67	47.90	0.00	111.90	-1866.00	-1538.05	12.67	0.00	0.00	47.90
13	1	1	1	22.634074	12.67	48.42	0.00	29.76	0.00	-4696.58	12.67	0.00	0.00	48.42
13	1	1	1	22.650640	12.67	48.77	0.00	20.99	0.00	-529.79	12.67	0.00	0.00	48.77
13	1	1	1	22.666938	12.67	49.02	0.00	15.34	0.00	-346.43	12.67	0.00	0.00	49.02
13	1	1	1	22.683482	12.67	50.06	0.00	62.92	0.00	2876.06	12.67	0.00	0.00	50.06
13	1	1	1	22.699816	12.67	51.10	0.00	63.79	0.00	53.26	12.67	0.00	0.00	51.10
13	1	1	1	22.717308	12.42	51.89	-14.85	44.66	-849.02	-1093.58	12.42	0.00	0.00	51.89
13	1	1	1	22.733333	12.42	52.41	0.00	32.54	926.73	-756.45	12.42	0.00	0.00	52.41
13	1	1	1	22.749885	12.42	52.41	0.00	0.00	0.00	-1965.97	12.42	0.00	0.00	52.41
13	1	1	1	22.767505	12.42	52.91	0.00	28.38	0.00	1610.54	12.42	0.00	0.00	52.91
13	1	1	1	22.783852	12.42	52.91	0.00	0.00	0.00	-1735.94	12.42	0.00	0.00	52.91
13	1	1	1	22.800250	12.42	52.91	0.00	0.00	0.00	0.00	12.42	0.00	0.00	52.91
13	1	1	1	22.816619	12.42	52.91	0.00	0.00	0.00	0.00	12.42	0.00	0.00	52.91
13	1	1	1	22.834302	12.42	52.91	0.00	0.00	0.00	0.00	12.42	0.00	0.00	52.91
13	1	1	1	22.850856	12.42	52.91	0.00	0.00	0.00	0.00	12.42	0.00	0.00	52.91
13	1	1	1	22.867230	12.42	52.91	0.00	0.00	0.00	0.00	12.42	0.00	0.00	52.91
13	1	1	1	22.883864	12.42	52.91	0.00	0.00	0.00	0.00	12.42	0.00	0.00	52.91
13	1	1	1	22.900448	12.42	52.91	0.00	0.00	0.00	0.00	12.42	0.00	0.00	52.91
13	1	1	1	22.916754	12.42	52.91	0.00	0.00	0.00	0.00	12.42	0.00	0.00	52.91
13	1	1	1	22.933073	12.42	52.91	0.00	0.00	0.00	0.00	12.42	0.00	0.00	52.91
13	1	1	1	22.950692	12.42	52.91	0.00	0.00	0.00	0.00	12.42	0.00	0.00	52.91
13	1	1	1	22.967244	12.42	52.91	0.00	0.00	0.00	0.00	12.42	0.00	0.00	52.91
13	1	1	1	22.983797	12.42	52.91	0.00	0.00	0.00	0.00	12.42	0.00	0.00	52.91
13	1	1	1	23.000309	12.42	52.91	0.00	0.00	0.00	0.00	12.42	0.00	0.00	52.91
14	1	0	3	23.266941	0.00	0.00	0.00	0.00	0.00	0.00	0.00	0.00	-0.00	-0.00
14	1	1	3	23.283769	0.00	0.00	0.00	0.00	0.00	0.00	0.00	0.00	-0.00	-0.00
14	1	1	3	23.299708	0.00	0.00	0.00	0.00	0.00	0.00	0.00	0.00	-0.00	-0.00
14	1	1	3	23.317363	0.00	0.00	0.00	0.00	0.00	0.00	0.00	0.00	-0.00	-0.00
14	1	1	3	23.333450	0.00	0.00	0.00	0.00	0.00	0.00	0.00	0.00	-0.00	-0.00
14	1	1	3	23.350348	0.00	0.00	0.00	0.00	0.00	0.00	0.00	0.00	-0.00	-0.00
14	1	1	3	23.367688	0.00	0.00	0.00	0.00	0.00	0.00	0.00	0.00	-0.00	-0.00
14	1	1	3	23.383795	0.00	0.00	0.00	0.00	0.00	0.00	0.00	0.00	-0.00	-0.00
14	1	1	3	23.400689	0.00	0.00	0.00	0.00	0.00	0.00	0.00	0.00	-0.00	-0.00
14	1	1	3	23.416733	0.00	0.00	0.00	0.00	0.00	0.00	0.00	0.00	-0.00	-0.00
14	1	1	3	23.433421	0.00	0.00	0.00	0.00	0.00	0.00	0.00	0.00	-0.00	-0.00
14	1	1	3	23.450913	0.00	0.00	0.00	0.00	0.00	0.00	0.00	0.00	-0.00	-0.00
14	1	1	3	23.467537	0.00	0.00	0.00	0.00	0.00	0.00	0.00	0.00	-0.00	-0.00
14	1	1	3	23.484401	0.00	0.00	0.00	0.00	0.00	0.00	0.00	0.00	-0.00	-0.00
14	1	1	3	23.500914	0.00	0.00	0.00	0.00	0.00	0.00	0.00	0.00	-0.00	-0.00
14	1	1	3	23.517159	0.00	0.00	0.00	0.00	0.00	0.00	0.00	0.00	-0.00	-0.00
14	1	1	3	23.533664	0.00	0.00	0.00	0.00	0.00	0.00	0.00	0.00	-0.00	-0.00
14	1	1	3	23.549549	0.00	0.00	0.00	0.00	0.00	0.00	0.00	0.00	-0.00	-0.00
14	1	1	3	23.567248	0.00	0.00	0.00	0.00	0.00	0.00	0.00	0.00	-0.00	-0.00
14	1	1	3	23.583702	0.00	0.00	0.00	0.00	0.00	0.00	0.00	0.00	-0.00	-0.00
14	1	1	3	23.599915	0.00	0.00	0.00	0.00	0.00	0.00	0.00	0.00	-0.00	-0.00
14	1	1	3	23.617539	0.00	0.00	0.00	0.00	0.00	0.00	0.00	0.00	-0.00	-0.00
14	1	1	3	23.633941	0.00	0.00	0.00	0.00	0.00	0.00	0.00	0.00	-0.00	-0.00
14	1	1	3	23.650456	0.00	0.00	0.00	0.00	0.00	0.00	0.00	0.00	-0.00	-0.00
14	1	1	3	23.666836	0.00	0.00	0.00	0.00	0.00	0.00	0.00	0.00	-0.00	-0.00
14	1	1	3	23.684164	0.00	0.00	0.00	0.00	0.00	0.00	0.00	0.00	-0.00	-0.00
14	1	1	3	23.700705	0.00	0.00	0.00	0.00	0.00	0.00	0.00	0.00	-0.00	-0.00
14	1	1	3	23.717364	0.00	0.00	0.00	0.00	0.00	0.00	0.00	0.00	-0.00	-0.00
14	1	1	3	23.733706	0.00	0.00	0.00	0.00	0.00	0.00	0.00	0.00	-0.00	-0.00
14	1	1	3	23.750016	0.00	0.00	0.00	0.00	0.00	0.00	0.00	0.00	-0.00	-0.00
14	1	1	3	23.767688	0.00	0.00	0.00	0.00	0.00	0.00	0.00	0.00	-0.00	-0.00
14	1	1	3	23.783382	0.00	0.00	0.00	0.00	0.00	0.00	0.00	0.00	-0.00	-0.00
14	1	1	3	23.800750	0.00	0.00	0.00	0.00	0.00	0.00	0.00	0.00	-0.00	-0.00
14	1	1	3	23.817068	0.00	0.00	0.00	0.00	0.00	0.00	0.00	0.00	-0.00	-0.00
14	1	1	3	23.833286	0.00	0.00	0.00	0.00	0.00	0.00	0.00	0.00	-0.00	-0.00
14	1	1	3	23.851038	0.00	0.00	0.00	0.00	0.00	0.00	0.00	0.00	-0.00	-0.00
14	1	1	3	23.867500	0.00	0.00	0.00	0.00	0.00	0.00	0.00	0.00	-0.00	-0.00
14	1	1	3	23.883936	0.00	0.00	0.00	0.00	0.00	0.00	0.00	0.00	-0.00	-0.00
14	1	1	3	23.900482	0.00	0.00	0.00	0.00	0.00	0.00	0.00	0.00	-0.00	-0.00
14	1	1	3	23.917279	0.00	0.00	0.00	0.00	0.00	0.00	0.00	0.00	-0.00	-0.00
14	1	1	3	23.933731	0.00	0.00	0.00	0.00	0.00	0.00	0.00	0.00	-0.00	-0.00
14	1	1	3	23.950485	0.00	-0.78	0.00	-46.69	0.00	-2786.54	0.00	0.00	-0.00	-0.78
14	1	1	3	23.966996	-0.25	-1.28	-15.14	-30.28	-917.05	993.55	-0.25	0.00	-0.00	-1.28
14	1	1	3	23.983476	-0.60	-2.84	-21.10	-94.82	-361.38	-3916.06	-0.60	0.00	-0.00	-2.84
14	1	1	3	23.999934	-0.86	-5.45	-15.84	-158.24	319.25	-3853.71	-0.86	0.00	-0.00	-5.45
14	1	1	3	24.017352	-1.38	-10.66	-29.88	-299.06	-806.17	-8084.79	-1.38	0.00	-0.00	-10.66
14	1	1	3	24.034395	-1.90	-22.12	-30.60	-672.41	-41.91	-21906.42	-1.90	0.00	-0.00	-22.12
14	1	1	3	24.050688	-2.42	-31.76	-31.95	-591.54	-82.81	4964.06	-2.42	0.00	-0.00	-31.76
14	1	1	3	24.066949	-2.68	-50.25	-16.03	-1137.17	978.57	-33553.47	-2.68	0.00	-0.00	-50.25
14	1	1	3	24.084283	-2.68	-66.92	0.00	-961.64	925.02	10126.31	-2.68	0.00	-0.00	-66.92
14	1	1	3	24.100930	-2.68	-83.85	0.00	-1017.01	0.00	-3325.98	-2.68	0.00	-0.00	-83.85
14	1	1	3	24.117057	-2.68	-94.53	0.00	-662.13	0.00	22004.00	-2.68	0.00	-0.00	-94.53
14	1	1	3	24.133677	-2.68	-106.51	0.00	-720.91	0.00	-3536.94	-2.68	0.00	-0.00	-106.51
15	1	0	2	25.017994	0.00	0.00	0.00	0.00	0.00	0.00	0.00	0.00	-0.00	0.00
15	1	1	2	25.034781	0.00	0.00	0.00	0.00	0.00	0.00	0.00	0.00	-0.00	0.00
15	1	1	2	25.050738	0.00	0.00	0.00	0.00	0.00	0.00	0.00	0.00	-0.00	0.00
15	1	1	2	25.067015	0.00	0.00	0.00	0.00	0.00	0.00	0.00	0.00	-0.00	0.00
15	1	1	2	25.083453	0.00	0.00	0.00	0.00	0.00	0.00	0.00	0.00	-0.00	0.00
15	1	1	2	25.100780	0.00	0.00	0.00	0.00	0.00	0.00	0.00	0.00	-0.00	0.00
15	1	1	2	25.117182	0.00	0.00	0.00	0.00	0.00	0.00	0.00	0.00	-0.00	0.00
15	1	1	2	25.134431	0.00	0.00	0.00	0.00	0.00	0.00	0.00	0.00	-0.00	0.00
15	1	1	2	25.151181	0.00	0.00	0.00	0.00	0.00	0.00	0.00	0.00	-0.00	0.00
15	1	1	2	25.167187	0.00	0.00	0.00	0.00	0.00	0.00	0.00	0.00	-0.00	0.00
15	1	1	2	25.183833	0.00	0.00	0.00	0.00	0.00	0.00	0.00	0.00	-0.00	0.00
15	1	1	2	25.201335	0.00	0.00	0.00	0.00	0.00	0.00	0.00	0.00	-0.00	0.00
15	1	1	2	25.218018	0.00	0.00	0.00	0.00	0.00	0.00	0.00	0.00	-0.00	0.00
15	1	1	2	25.233881	0.00	0.00	0.00	0.00	0.00	0.00	0.00	0.00	-0.00	0.00
15	1	1	2	25.250708	0.00	0.00	0.00	0.00	0.00	0.00	0.00	0.00	-0.00	0.00
15	1	1	2	25.267248	0.00	0.00	0.00	0.00	0.00	0.00	0.00	0.00	-0.00	0.00
15	1	1	2	25.283794	0.00	0.00	0.00	0.00	0.00	0.00	0.00	0.00	-0.00	0.00
15	1	1	2	25.300414	0.00	0.00	0.00	0.00	0.00	0.00	0.00	0.00	-0.00	0.00
15	1	1	2	25.318147	0.00	0.00	0.00	0.00	0.00	0.00	0.00	0.00	-0.00	0.00
15	1	1	2	25.333471	0.00	0.00	0.00	0.00	0.00	0.00	0.00	0.00	-0.00	0.00
15	1	1	2	25.351178	0.00	0.00	0.00	0.00	0.00	0.00	0.00	0.00	-0.00	0.00
15	1	1	2	25.367171	0.00	0.00	0.00	0.00	0.00	0.00	0.00	0.00	-0.00	0.00
15	1	1	2	25.383714	0.00	0.00	0.00	0.00	0.00	0.00	0.00	0.00	-0.00	0.00
15	1	1	2	25.401452	0.00	0.00	0.00	0.00	0.00	0.00	0.00	0.00	-0.00	0.00
15	1	1	2	25.416830	0.00	0.00	0.00	0.00	0.00	0.00	0.00	0.00	-0.00	0.00
15	1	1	2	25.434255	0.00	0.00	0.00	0.00	0.00	0.00	0.00	0.00	-0.00	0.00
15	1	1	2	25.450291	0.00	0.00	0.00	0.00	0.00	0.00	0.00	0.00	-0.00	0.00
15	1	1	2	25.467375	0.00	0.00	0.00	0.00	0.00	0.00	0.00	0.00	-0.00	0.00
15	1	1	2	25.483365	-0.78	0.00	-48.92	0.00	-3059.32	0.00	0.00	-0.00	-0.78	0.00
15	1	1	2	25.500917	-1.28	0.00	-28.49	0.00	1164.09	0.00	0.00	-0.00	-1.28	0.00
15	1	1	2	25.517366	-2.32	0.00	-63.29	0.00	-2115.58	0.00	0.00	-0.00	-2.32	0.00
15	1	1	2	25.533851	-3.19	-0.17	-52.66	-10.54	644.38	-639.66	0.00	-0.17	-3.19	0.00
15	1	1	2	25.550080	-3.97	-0.17	-48.20	0.00	275.29	649.71	0.00	-0.17	-3.97	0.00
15	1	1	2	25.567298	-5.01	-0.17	-60.46	0.00	-712.40	0.00	0.00	-0.17	-5.01	0.00
15	1	1	2	25.584329	-6.06	-0.17	-61.18	0.00	-42.21	0.00	0.00	-0.17	-6.06	0.00
15	1	1	2	25.600391	-7.10	-0.17	-64.87	0.00	-229.87	0.00	0.00	-0.17	-7.10	0.00
15	1	1	2	25.617868	-7.88	-0.17	-44.70	0.00	1154.16	0.00	0.00	-0.17	-7.88	0.00
15	1	1	2	25.633865	-8.14	-0.17	-16.30	0.00	1775.50	0.00	0.00	-0.17	-8.14	0.00
15	1	1	2	25.650331	-8.40	-0.17	-15.84	0.00	28.16	0.00	0.00	-0.17	-8.40	0.00
15	1	1	2	25.667726	-8.40	-0.43	0.00	-14.99	910.35	-861.70	0.00	-0.43	-8.40	0.00
15	1	1	2	25.683965	-8.40	-0.43	0.00	0.00	0.00	923.03	0.00	-0.43	-8.40	0.00
15	1	1	2	25.701406	-8.40	-0.43	0.00	0.00	0.00	0.00	0.00	-0.43	-8.40	0.00
15	1	1	2	25.717897	-8.40	-0.43	0.00	0.00	0.00	0.00	0.00	-0.43	-8.40	0.00
15	1	1	2	25.734406	-8.40	-0.43	0.00	0.00	0.00	0.00	0.00	-0.43	-8.40	0.00
15	1	1	2	25.750524	-8.66	-0.43	-16.12	0.00	-999.97	0.00	0.00	-0.43	-8.66	0.00
15	1	1	2	25.768170	-8.66	-0.43	0.00	0.00	913.32	0.00	0.00	-0.43	-8.66	0.00
15	1	1	2	25.784098	-8.66	-0.43	0.00	0.00	0.00	0.00	0.00	-0.43	-8.66	0.00
15	1	1	2	25.800718	-8.66	-0.43	0.00	0.00	0.00	0.00	0.00	-0.43	-8.66	0.00
15	1	1	2	25.817310	-8.66	-0.43	0.00	0.00	0.00	0.00	0.00	-0.43	-8.66	0.00
15	1	1	2	25.833650	-8.66	-0.43	0.00	0.00	0.00	0.00	0.00	-0.43	-8.66	0.00
15	1	1	2	25.851198	-8.66	-0.43	0.00	0.00	0.00	0.00	0.00	-0.43	-8.66	0.00
15	1	1	2	25.867094	-8.92	-0.43	-16.40	0.00	-1031.83	0.00	0.00	-0.43	-8.92	0.00
15	1	1	2	25.884411	-9.96	-0.43	-60.17	0.00	-2527.63	0.00	0.00	-0.43	-9.96	0.00
15	1	1	2	25.900882	-12.31	-0.43	-142.29	0.00	-4985.48	0.00	0.00	-0.43	-12.31	0.00
15	1	1	2	25.917069	-16.48	-0.43	-257.49	0.00	-7116.74	0.00	0.00	-0.43	-16.48	0.00
15	1	1	2	25.934541	-23.51	-0.70	-402.50	-14.92	-8299.61	-854.18	0.00	-0.70	-23.51	0.00
15	1	1	2	25.950918	-31.32	-1.74	-477.11	-63.63	-4556.03	-2973.90	0.00	-1.74	-31.32	0.00
15	1	1	2	25.967494	-39.40	-2.78	-487.09	-62.80	-602.21	49.79	0.00	-2.78	-39.40	0.00
15	1	1	2	25.983663	-46.95	-4.60	-467.19	-112.76	1231.15	-3090.18	0.00	-4.60	-46.95	0.00
15	1	1	2	26.001287	-55.54	-6.69	-487.66	-118.24	-1161.59	-310.87	0.00	-6.69	-55.54	0.00
15	1	1	2	26.017747	-64.14	-8.51	-522.17	-110.77	-2097.07	453.97	0.00	-8.51	-64.14	0.00
15	1	1	2	26.034005	-73.17	-9.55	-555.35	-64.09	-2040.49	2871.28	0.00	-9.55	-73.17	0.00
15	1	1	2	26.051321	-82.81	-10.33	-556.59	-45.12	-71.39	1095.55	0.00	-10.33	-82.81	0.00
15	1	1	2	26.067222	-91.66	-10.33	-556.90	0.00	-19.87	2837.38	0.00	-10.33	-91.66	0.00
15	1	1	2	26.084475	-99.47	-10.33	-452.87	0.00	6029.70	0.00	0.00	-10.33	-99.47	0.00
16	1	0	4	26.751451	0.00	0.00	0.00	0.00	0.00	0.00	0.00	0.00	0.00	-0.00
16	1	1	4	26.768049	0.00	0.00	0.00	0.00	0.00	0.00	0.00	0.00	0.00	-0.00
16	1	1	4	26.784004	0.00	0.00	0.00	0.00	0.00	0.00	0.00	0.00	0.00	-0.00
16	1	1	4	26.800499	0.00	0.00	0.00	0.00	0.00	0.00	0.00	0.00	0.00	-0.00
16	1	1	4	26.817973	0.00	0.00	0.00	0.00	0.00	0.00	0.00	0.00	0.00	-0.00
16	1	1	4	26.834539	0.00	0.00	0.00	0.00	0.00	0.00	0.00	0.00	0.00	-0.00
16	1	1	4	26.850949	0.00	0.00	0.00	0.00	0.00	0.00	0.00	0.00	0.00	-0.00
16	1	1	4	26.867129	0.00	0.00	0.00	0.00	0.00	0.00	0.00	0.00	0.00	-0.00
16	1	1	4	26.883955	0.00	0.00	0.00	0.00	0.00	0.00	0.00	0.00	0.00	-0.00
16	1	1	4	26.900421	0.00	0.00	0.00	0.00	0.00	0.00	0.00	0.00	0.00	-0.00
16	1	1	4	26.918067	0.00	0.00	0.00	0.00	0.00	0.00	0.00	0.00	0.00	-0.00
16	1	1	4	26.934535	0.00	0.00	0.00	0.00	0.00	0.00	0.00	0.00	0.00	-0.00
16	1	1	4	26.950897	0.00	0.00	0.00	0.00	0.00	0.00	0.00	0.00	0.00	-0.00
16	1	1	4	26.967166	0.00	0.00	0.00	0.00	0.00	0.00	0.00	0.00	0.00	-0.00
16	1	1	4	26.984728	0.00	0.00	0.00	0.00	0.00	0.00	0.00	0.00	0.00	-0.00
16	1	1	4	27.001175	0.00	0.00	0.00	0.00	0.00	0.00	0.00	0.00	0.00	-0.00
16	1	1	4	27.017637	0.00	0.00	0.00	0.00	0.00	0.00	0.00	0.00	0.00	-0.00
16	1	1	4	27.034966	0.00	0.00	0.00	0.00	0.00	0.00	0.00	0.00	0.00	-0.00
16	1	1	4	27.051222	0.00	0.00	0.00	0.00	0.00	0.00	0.00	0.00	0.00	-0.00
16	1	1	4	27.067807	0.00	0.00	0.00	0.00	0.00	0.00	0.00	0.00	0.00	-0.00
16	1	1	4	27.084546	0.00	0.00	0.00	0.00	0.00	0.00	0.00	0.00	0.00	-0.00
16	1	1	4	27.100431	0.00	0.00	0.00	0.00	0.00	0.00	0.00	0.00	0.00	-0.00
16	1	1	4	27.118131	0.00	0.00	0.00	0.00	0.00	0.00	0.00	0.00	0.00	-0.00
16	1	1	4	27.134846	0.25	0.00	14.96	0.00	894.82	0.00	0.00	0.00	0.25	-0.00
16	1	1	4	27.151349	0.75	0.00	30.30	0.00	929.61	0.00	0.00	0.00	0.75	-0.00
16	1	1	4	27.167324	2.83	0.00	130.39	0.00	6265.73	0.00	0.00	0.00	2.83	-0.00
16	1	1	4	27.183862	6.22	0.00	204.72	0.00	4494.31	0.00	0.00	0.00	6.22	-0.00
16	1	1	4	27.201269	10.13	-0.26	224.47	-14.98	1134.51	-860.57	0.00	-0.26	10.13	-0.00
16	1	1	4	27.217693	14.55	-0.26	269.59	0.00	2747.61	912.07	0.00	-0.26	14.55	-0.00
16	1	1	4	27.234200	21.59	-0.78	426.00	-31.59	9475.11	-1913.74	0.00	-0.78	21.59	-0.00
16	1	1	4	27.251324	27.58	-1.04	349.86	-15.17	-4446.33	958.96	0.00	-1.04	27.58	-0.00
16	1	1	4	27.267909	34.35	-1.30	408.30	-15.72	3523.22	-33.31	0.00	-1.30	34.35	-0.00
16	1	1	4	27.284317	41.29	-1.30	423.29	0.00	913.56	958.17	0.00	-1.30	41.29	-0.00
16	1	1	4	27.301206	48.33	-1.30	416.38	0.00	-408.64	0.00	0.00	-1.30	48.33	-0.00
16	1	1	4	27.316983	55.10	-1.30	429.28	0.00	817.15	0.00	0.00	-1.30	55.10	-0.00
16	1	1	4	27.334633	61.87	-1.30	383.64	0.00	-2585.68	0.00	0.00	-1.30	61.87	-0.00
16	1	1	4	27.350850	68.38	-0.78	401.54	32.10	1104.31	1979.26	0.00	-0.78	68.38	-0.00
16	1	1	4	27.368263	72.81	-0.52	254.28	14.97	-8457.12	-983.35	0.00	-0.52	72.81	-0.00
16	1	1	4	27.384649	79.06	0.00	381.47	31.82	7761.93	1028.29	0.00	0.00	79.06	-0.00
16	1	1	4	27.400690	82.45	0.52	211.06	32.45	-10623.23	38.88	0.00	0.52	82.45	-0.00
16	1	1	4	27.418103	86.27	0.52	219.40	0.00	478.82	-1863.50	0.00	0.52	86.27	-0.00
16	1	1	4	27.434845	89.65	0.52	202.22	0.00	-1026.18	0.00	0.00	0.52	89.65	-0.00
16	1	1	4	27.451454	93.04	0.52	203.86	0.00	98.53	0.00	0.00	0.52	93.04	-0.00
16	1	1	4	27.467622	96.42	0.52	209.46	0.00	346.78	0.00	0.00	0.52	96.42	-0.00
